18 0.2850512703125 0.590747340625 0.19516357499999998 0.5103457453125 0.10267040937500001 0.7988457453125 0.1650390625 0.9934991140625 0.27462939375 0.9951214531250001 0.2642080078125 0.8295877656249999 0.39838769531249996 0.56000531875 0.3540952140625 0.49852216250000003 0.32283007812500003 0.6049361703125 0.2850512703125 0.590747340625
16 0.49609179687499994 0.51271010625 0.44528564375 0.446497340625 0.25639160156249996 0.9289078015625 0.2985024421875 0.9816781921875 0.49609179687499994 0.51271010625
28 0.19907177812500002 0.0728652484375 0.162595703125 0.110701240625 0.2120991203125 0.23839804999999997 0.4010415046875 0.5029547875 0.40490136718749997 0.46068528437499995 0.3085 0.2596808515625 0.19907177812500002 0.0728652484375
28 0.5377788078125 0.999113475 0.5104213875 0.5339929078125001 0.4843671875 0.5339929078125001 0.503580565625 0.9964539 0.5377788078125 0.999113475
13 0.6263637703125 0.63094858125 0.63678515625 0.675878546875 0.6797749015625 0.6475017734375 0.767057128125 0.9927562062499999 0.8152578125 0.999113475 0.708435059375 0.6285833328125 0.7475166015625 0.5623705671875 0.7397001953125 0.5268989359375 0.6263637703125 0.63094858125
32 0.7527275390625 0.999113475 0.6810776359374999 0.6995265953125 0.6537207031250001 0.7373625890625 0.694010253125 0.9905434390625001 0.7527275390625 0.999113475
5 1 0.03014184375 0.763148925 0.316435284375 0.8608530265625 0.48906294375000003 1 0.3093413125 1 0.03014184375
24 1 0.641843971875 0.9168696296875 0.5647349296875 0.8777880859374999 0.5978413125 0.8829990234375 0.6475017734375 0.9233833 0.6900673765625001 1 0.7964813828125 1 0.641843971875
24 0.81265234375 0.5883829781250001 0.7579379875 0.5339929078125001 0.7305810546875 0.590747340625 0.8152578125 0.9951214531250001 0.863458496875 0.9927562062499999 0.8465229484375 0.8792482265625001 0.9168696296875 0.999113475 0.953346190625 0.9667437937500001 0.8673667 0.7846578015625 0.81265234375 0.5883829781250001
24 0.591189940625 0.5647349296875 0.5560166015625 0.40393173750000005 0.50781640625 0.4275789 0.55078125 0.8161941484374999 0.5521083984375 0.6522313828125 0.5755576171875 0.5883829781250001 0.619850096875 0.7610097515625001 0.638087890625 0.7799281921875 0.6302719734375 0.6924317375 0.591189940625 0.5647349296875
36 0.0740107421875 0.5623705671875 0.00048828125 0.68060815625 0.0022788078125 0.9639476953124999 0.055772948437500004 0.8319530140625 0.1013681640625 0.8272234046875001 0.1183032234375 0.6120301421875001 0.17953125 0.5481817375 0.11439501875 0.4796037234375 0.0701025390625 0.531628546875 0.0740107421875 0.5623705671875
28 0.6081254875 0.23366843906249998 0.7318837890625 0.0468528375 0.695638184375 0 0.5755576171875 0.20056205624999998 0.6081254875 0.23366843906249998
36 0.7423056640625 0.5008865250000001 0.8921181640625001 0.7113501765625 0.8921181640625001 0.7799281921875 0.921875 0.8191489359374999 0.935107909375 0.7279033687500001 0.7879008796875 0.49379255312500003 0.782689940625 0.399202128125 0.7527275390625 0.37082446875 0.7423056640625 0.5008865250000001
36 0.425744628125 0.82249379375 0.433561034375 0.999113475 0.472642578125 0.999113475 0.477853515625 0.794117021875 0.425744628125 0.82249379375
36 0.348884278125 0.44413209218749994 0.0792216796875 0.10833687968750001 0.06749707031249999 0.172185284375 0.3196616203125 0.479314715625 0.348884278125 0.44413209218749994
36 0.00048828125 0.039758865625 0.00048828125 0.12725443281249998 0.02190234375 0.1390789 0.1178383796875 0.3965718078125 0.152173828125 0.4275789 0.17171484374999998 0.351906915625 0.0297182625 0.049218084375 0.00048828125 0.039758865625
29 0.6745639640625 0.9052606390625 0.614639159375 0.7870221625 0.5716494140624999 0.8910718078125001 0.615885253125 0.999113475 0.6706562500000001 0.997485815625 0.6745639640625 0.9052606390625
29 0.42965283281250005 0.9241781921875001 0.3866630859375 0.8366826234375001 0.3345546875 0.89580141875 0.32934375 0.999113475 0.42053417968750006 0.999113475 0.42965283281250005 0.9241781921875001
35 0.6081254875 0.8272234046875001 0.5898876953125 0.7066205671875 0.5547138671875 0.7444565609375 0.5703125 0.8546099296874999 0.6081254875 0.8272234046875001