18 0.72537060625 0.9951214531250001 0.8349609375 0.9934991140625 0.897329590625 0.7988457453125 0.8048364250000001 0.5103457453125 0.7149487296875 0.590747340625 0.677169921875 0.6049361703125 0.6459047859375 0.49852216250000003 0.6016123046875 0.56000531875 0.7357919921875 0.8295877656249999 0.72537060625 0.9951214531250001
16 0.7014975578125 0.9816781921875 0.7436083984375 0.9289078015625 0.55471435625 0.446497340625 0.5039082031250001 0.51271010625 0.7014975578125 0.9816781921875
28 0.8374042968750001 0.110701240625 0.800928221875 0.0728652484375 0.6915 0.2596808515625 0.5950986328125001 0.46068528437499995 0.5989584953125 0.5029547875 0.7879008796875 0.23839804999999997 0.8374042968750001 0.110701240625
28 0.496419434375 0.9964539 0.5156328125 0.5339929078125001 0.4895786125 0.5339929078125001 0.4622211921875 0.999113475 0.496419434375 0.9964539
13 0.232942871875 0.9927562062499999 0.3202250984375 0.6475017734375 0.36321484375 0.675878546875 0.3736362296875 0.63094858125 0.26029980468749997 0.5268989359375 0.2524833984375 0.5623705671875 0.291564940625 0.6285833328125 0.1847421875 0.999113475 0.232942871875 0.9927562062499999
32 0.305989746875 0.9905434390625001 0.34627929687500003 0.7373625890625 0.31892236406249996 0.6995265953125 0.24727246093750002 0.999113475 0.305989746875 0.9905434390625001
5 0 0.3093413125 0.1391469734375 0.48906294375000003 0.236851075 0.316435284375 0 0.03014184375 0 0.3093413125
24 0 0.7964813828125 0.07661670000000001 0.6900673765625001 0.1170009765625 0.6475017734375 0.12221191406250001 0.5978413125 0.08313037031250001 0.5647349296875 0 0.641843971875 0 0.7964813828125
24 0.136541503125 0.9927562062499999 0.1847421875 0.9951214531250001 0.2694189453125 0.590747340625 0.2420620125 0.5339929078125001 0.18734765625 0.5883829781250001 0.1326333 0.7846578015625 0.046653809375 0.9667437937500001 0.08313037031250001 0.999113475 0.1534770515625 0.8792482265625001 0.136541503125 0.9927562062499999
24 0.44789160156249996 0.6522313828125 0.44921875 0.8161941484374999 0.49218359375 0.4275789 0.4439833984375 0.40393173750000005 0.40881005937500003 0.5647349296875 0.3697280265625 0.6924317375 0.361912109375 0.7799281921875 0.380149903125 0.7610097515625001 0.4244423828125 0.5883829781250001 0.44789160156249996 0.6522313828125
36 0.8986318359375 0.8272234046875001 0.9442270515625 0.8319530140625 0.9977211921875 0.9639476953124999 0.99951171875 0.68060815625 0.9259892578125 0.5623705671875 0.9298974609374999 0.531628546875 0.88560498125 0.4796037234375 0.8204687500000001 0.5481817375 0.8816967765625 0.6120301421875001 0.8986318359375 0.8272234046875001
28 0.4244423828125 0.20056205624999998 0.304361815625 0 0.26811621093750004 0.0468528375 0.3918745125 0.23366843906249998 0.4244423828125 0.20056205624999998
36 0.078125 0.8191489359374999 0.1078818359375 0.7799281921875 0.1078818359375 0.7113501765625 0.2576943359375 0.5008865250000001 0.24727246093750002 0.37082446875 0.217310059375 0.399202128125 0.2120991203125 0.49379255312500003 0.064892090625 0.7279033687500001 0.078125 0.8191489359374999
36 0.522146484375 0.794117021875 0.527357421875 0.999113475 0.566438965625 0.999113475 0.574255371875 0.82249379375 0.522146484375 0.794117021875
36 0.6803383796875 0.479314715625 0.9325029296875 0.172185284375 0.9207783203125001 0.10833687968750001 0.651115721875 0.44413209218749994 0.6803383796875 0.479314715625
36 0.9780976562499999 0.1390789 0.99951171875 0.12725443281249998 0.99951171875 0.039758865625 0.9702817375 0.049218084375 0.82828515625 0.351906915625 0.847826171875 0.4275789 0.8821616203125 0.3965718078125 0.9780976562499999 0.1390789
29 0.32543603593750003 0.9052606390625 0.32934375 0.997485815625 0.384114746875 0.999113475 0.42835058593750003 0.8910718078125001 0.385360840625 0.7870221625 0.32543603593750003 0.9052606390625
29 0.5703471671875 0.9241781921875001 0.5794658203124999 0.999113475 0.6706562500000001 0.999113475 0.6654453124999999 0.89580141875 0.6133369140625 0.8366826234375001 0.5703471671875 0.9241781921875001
35 0.4296875 0.8546099296874999 0.44528613281249996 0.7444565609375 0.41011230468750004 0.7066205671875 0.3918745125 0.8272234046875001 0.4296875 0.8546099296874999