17 0.5234487296875 0.48144948750000005 0.48697265625 0.6298579796875 0.5143295890624999 0.750927525 0.66796875 0.747193996875 0.669353515625 0.7548330890625 0.6875913078125 0.7001566625 0.65241796875 0.69039311875 0.658931640625 0.637668375 0.6263637703125 0.4794963390625 0.5234487296875 0.48144948750000005
9 1 0.0030270859375 0.9103564453124999 0 0.7735708015625 0.1123806734375 0.768880371875 0.586139825 0.7644516593749999 0.702109078125 1 0.7001566625 1 0.549795021875 1 0.0030270859375
24 0.7019213859375 0.612283309375 0.6836831046875 0.6747708640625001 0.70452685625 0.7431171296875 0.996744628125 0.7764765734375 1 0.540031478125 0.774873534375 0.5849443625 0.7019213859375 0.612283309375
24 0.00048828125 0.7392115671874999 0.180833984375 0.772407759375 0.23163964843749998 0.6767232796875 0.00048828125 0.503172034375 0.00048828125 0.7392115671874999
24 0.6745639640625 0.34085139062500003 0.6862885750000001 0.284221815625 0.6289692375 0.24126207968750002 0.6094282234375 0.3799062953125 0.6120336921875 0.3857650078125 0.6980131828125 0.40333967812499993 0.6745639640625 0.34085139062500003
24 0.6237583 0.2471200578125 0.619850096875 0.3857650078125 0.7292783203125001 0.37404831562499996 0.7214619140625 0.16119912187500002 0.6237583 0.170963396875 0.6237583 0.2471200578125
24 0.5703466796875001 0.24516764218749998 0.5820712890624999 0.2900805265625 0.620768065625 0.2859934109375 0.5898876953125 0.194396046875 0.5781630859375 0.065514640625 0.5573193359374999 0.07137335312500001 0.5482001953125 0.208065153125 0.529962403125 0.2861749640625 0.5442924812500001 0.2900805265625 0.5703466796875001 0.24516764218749998
36 0.5820712890624999 0.2197818453125 0.5416870125 0.2666471453125 0.5325678703125 0.3310878484375 0.552408690625 0.3738411421875 0.5950981453125 0.3760014640625 0.6016118171875 0.32522986875000004 0.6029145515625001 0.2764114203125 0.5820712890624999 0.2197818453125
36 0.2238232421875 0.8114626640625 0.36321435625 0.77045534375 0.3326821296875 0.6447049781249999 0.2381533203125 0.62790483125 0.15087109375000002 0.750927525 0.2238232421875 0.8114626640625
12 0.00048828125 0.725542459375 0.23424511718750002 0.7392115671874999 0.3505859375 0.739873353125 0.42835009843750005 0.7235893124999999 0.42313964843749996 0.6357159593749999 0.273326659375 0.5458894578125 0.1899526359375 0.5654172765625 0.09876269531250001 0.5302679359375 0.00048828125 0.6181412890625 0.00048828125 0.725542459375
28 0.3580034171875 0.3545212296875 0.37233349531250004 0.6239992671875 0.4179287109375 0.6396215234375 0.42835009843750005 0.25493118593749997 0.41011230468750004 0.208065153125 0.3697280265625 0.22368740781250002 0.3580034171875 0.3545212296875