17 0.34758203125 0.69039311875 0.3124086921875 0.7001566625 0.330646484375 0.7548330890625 0.33203125 0.747193996875 0.4856704109375 0.750927525 0.5130273437499999 0.6298579796875 0.4765512703125 0.48144948750000005 0.3736362296875 0.4794963390625 0.341068359375 0.637668375 0.34758203125 0.69039311875
9 0 0.7001566625 0.235548340625 0.702109078125 0.231119628125 0.586139825 0.22642919843749998 0.1123806734375 0.0896435546875 0 0 0.0030270859375 0 0.549795021875 0 0.7001566625
24 0.0032553718750000004 0.7764765734375 0.29547314375 0.7431171296875 0.3163168953125 0.6747708640625001 0.29807861406249997 0.612283309375 0.225126465625 0.5849443625 0 0.540031478125 0.0032553718750000004 0.7764765734375
24 0.819166015625 0.772407759375 0.99951171875 0.7392115671874999 0.99951171875 0.503172034375 0.7683603515625 0.6767232796875 0.819166015625 0.772407759375
24 0.3905717765625 0.3799062953125 0.3710307625 0.24126207968750002 0.31371142500000004 0.284221815625 0.32543603593750003 0.34085139062500003 0.3019868171875 0.40333967812499993 0.3879663078125 0.3857650078125 0.3905717765625 0.3799062953125
24 0.2707216796875 0.37404831562499996 0.380149903125 0.3857650078125 0.3762417 0.2471200578125 0.3762417 0.170963396875 0.2785380859375 0.16119912187500002 0.2707216796875 0.37404831562499996
24 0.45179980468750003 0.208065153125 0.4426806640625 0.07137335312500001 0.42183691406249996 0.065514640625 0.41011230468750004 0.194396046875 0.379231934375 0.2859934109375 0.4179287109375 0.2900805265625 0.4296533203125 0.24516764218749998 0.45570751875 0.2900805265625 0.470037596875 0.2861749640625 0.45179980468750003 0.208065153125
36 0.40490185468749995 0.3760014640625 0.447591309375 0.3738411421875 0.46743212968750003 0.3310878484375 0.4583129875 0.2666471453125 0.4179287109375 0.2197818453125 0.39708544843750004 0.2764114203125 0.3983881828125 0.32522986875000004 0.40490185468749995 0.3760014640625
36 0.6673178703125 0.6447049781249999 0.63678564375 0.77045534375 0.7761767578125001 0.8114626640625 0.84912890625 0.750927525 0.7618466796875001 0.62790483125 0.6673178703125 0.6447049781249999
12 0.8100473640624999 0.5654172765625 0.726673340625 0.5458894578125 0.5768603515625 0.6357159593749999 0.5716499015625 0.7235893124999999 0.6494140625 0.739873353125 0.7657548828125 0.7392115671874999 0.99951171875 0.725542459375 0.99951171875 0.6181412890625 0.9012373046875 0.5302679359375 0.8100473640624999 0.5654172765625
28 0.5716499015625 0.25493118593749997 0.5820712890624999 0.6396215234375 0.6276665046875001 0.6239992671875 0.6419965828125 0.3545212296875 0.6302719734375 0.22368740781250002 0.5898876953125 0.208065153125 0.5716499015625 0.25493118593749997