33 1 0.43294725312500004 0.813955078125 0.43490183125000004 0.800927734375 0.335238828125 0.7110400390625 0.34696410312500003 0.69671045 0.5130688640625001 0.7201591796875 0.5462893765625 0.7227646484375 0.587327471875 0.7892036124999999 0.59318974375 0.803533203125 0.5462893765625 0.8882099609375 0.54824395625 0.8921181640625001 0.5228395609375001 1 0.5304029296875 1 0.43294725312500004
32 0.8764853515625 0.2394842484375 0.9259887687499999 0.2082175828125 0.937713378125 0.1378674 0.9365234375 0 0.871274903125 0.0030293046875 0.8725776359375 0.06165421250000001 0.8647612296875 0.11832527500000001 0.8764853515625 0.1417758234375 0.8764853515625 0.2394842484375
5 0.8269824218749999 0 0.8256796874999999 0.245347253125 0.816560546875 0.343055678125 0.821771484375 0.41535970625 0.9142646484375 0.4134058609375 0.980703125 0.3684600734375 0.988606934375 0 0.9429243156249999 0.0069377296875 0.935107909375 0.241438828125 0.856944825 0.2551179484375 0.8595502921874999 0 0.8269824218749999 0
10 0.7618461921875 0 0.754029784375 0.1495926734375 0.7579379875 0.32546813124999996 0.8095703125 0.3228329671875 0.81265234375 0.3156974359375 0.824376953125 0.2394842484375 0.819166015625 0.157408790625 0.813955078125 0.055791940625 0.8048359375 0 0.7618461921875 0
27 0.6628398437499999 0.0049838828125 0.6302719734375 0.063608790625 0.666748046875 0.153500365625 0.690196778125 0.43099340625 0.713645996875 0.22385128281250002 0.7162509765625 0.165225640625 0.7501220703125 0.124188278125 0.7618461921875 0.06165421250000001 0.7501220703125 0.014754578125 0.69410498125 0.018663003125 0.6628398437499999 0.0049838828125
24 0.7227646484375 0.737798534375 0.813955078125 0.7358446890625 0.8387065437500001 0.786652746875 0.9990427671875001 0.8119063750000001 1 0.75538608125 0.95204345625 0.7436615390625 0.8764853515625 0.70653186875 0.8347983390625 0.6830820515625 0.8699721671875 0.65767765625 0.9429243156249999 0.6068688640625 1 0.6049150187500001 0.9937304687499999 0.5462893765625 0.9129619140624999 0.5619230765625 0.842614746875 0.5638769234375001 0.813955078125 0.6303194140625 0.7462138671874999 0.6264109890625 0.7162509765625 0.6420446890625 0.7227646484375 0.737798534375
35 0.979400390625 0.7319362640625 1 0.7260739921875 0.991125 0.6342278390625 0.9259887687499999 0.63813553125 0.9012373046875 0.6420446890625 0.8843017578125 0.6948073265625 0.9220805671875001 0.7163025640625 0.979400390625 0.7319362640625
28 0.8439174812499999 0.8003326 0.8491284171875 0.9898871796875 0.991125 0.991841025 0.990234375 0.83076923125 0.8439174812499999 0.8003326
28 0.7110400390625 0.9992673999999999 0.70973779375 0.647906959375 0.6758667 0.64986080625 0.6732612312499999 0.9879333328125 0.7110400390625 0.9992673999999999
28 0.42053417968750006 0.6752652015625 0.4361665046875 0.3625970703125 0.3944794921875 0.3586886453125 0.3766274421875 0.9797311359374999 0.37363623125 0.9781619046875001 0.37754443437499996 0.9879333328125 0.42183691406249996 0.9992673999999999 0.4504965828125 0.9175831499999999 0.4348637703125 0.8101032968749999 0.4348637703125 0.7397531140625 0.42053417968750006 0.6752652015625
28 0.5638330078125 0 0.5638330078125 0.266842490625 0.5898876953125 0.28052234375 0.593099121875 0.0004886453125 0.5638330078125 0
28 0.30198632812500004 0.0401582421875 0.312408203125 0.43490183125000004 0.33716015625 0.45053553125 0.3391928703125 0.0395604390625 0.30198632812500004 0.0401582421875
28 0.2433642578125 0 0.2576943359375 0.5189311359375 0.2887368171875 0.5206351640625 0.2967758796875 0 0.2433642578125 0
13 0.596400878125 0.63813553125 0.6107309578125 0.9992673999999999 0.651692871875 0.9992673999999999 0.6706562500000001 0.640090109375 0.7253701171875 0.6342278390625 0.7266728515625 0.5658315015625 0.6107309578125 0.55606080625 0.5325678703125 0.59318974375 0.5442924812500001 0.632273259375 0.596400878125 0.63813553125
25 0.6237583 0.7807904765625 0.592492675 0.7475699640625 0.545595215625 0.7592945062500001 0.5458984375 0.9748476187499999 0.5521083984375 0.9992673999999999 0.6107309578125 0.9992673999999999 0.6237583 0.7807904765625
20 0.759240721875 0.43294725312500004 0.7813872078124999 0.42708498125 0.7761762703125 0.3567347984375 0.7410029296875 0.354780953125 0.7383974609374999 0.41145201406250004 0.759240721875 0.43294725312500004
20 0.2511806640625 0.9992673999999999 0.2967758796875 0.9992673999999999 0.30328955 0.9722996343749999 0.29417041093749996 0.8765450546875 0.272023925 0.866774359375 0.23945605468750003 0.9898871796875 0.2511806640625 0.9992673999999999
24 0.5950981453125 0.23753040312499998 0.5833740234375 0.282476190625 0.5716494140624999 0.34110109843749997 0.5547138671875 0.4563978015625 0.5729521484375 0.55996923125 0.677734375 0.5401706953125001 0.6788410453125 0.5371303828125 0.660234375 0.3156974359375 0.6719584968750001 0.27661391874999997 0.651115234375 0.25120952343749997 0.648509765625 0.2004007328125 0.619850096875 0.014754578125 0.5950981453125 0.23753040312499998
36 0.40490136718749997 0 0.4035986328125 0.20430915781249998 0.387966309375 0.266842490625 0.3840581046875 0.32742197812499996 0.41011230468750004 0.37236849843750003 0.433561034375 0.37432234375 0.42313964843749996 0.33328498125 0.433561034375 0.32742197812499996 0.4517993171875 0.37041391875 0.46352392656249997 0.3156974359375 0.46873437500000004 0.274659340625 0.4491938484375 0.1964923078125 0.4563803703125 0 0.40490136718749997 0
36 0.45570751875 0.6225025640624999 0.4426801765625 0.7534322343750001 0.467432128125 0.8257362640625001 0.467432128125 0.9977040296874999 0.53387060625 0.9992673999999999 0.5234487296875 0.9664373625 0.5208432625 0.866774359375 0.5872822265625001 0.7397531140625 0.5703466796875001 0.6694029296874999 0.5234487296875 0.599052746875 0.5039082031250001 0.6303194140625 0.5169350578125 0.6830820515625 0.483064453125 0.6830820515625 0.477853515625 0.6342278390625 0.45570751875 0.6225025640624999
36 0.144357421875 0.5795106234375 0.0036640625000000002 0.5677853484375001 0.00048828125 0.8472329671875001 0.0974599609375 0.7475699640625 0.204282715625 0.75538608125 0.2264287109375 0.6244564109375 0.144357421875 0.5795106234375
24 0.2238232421875 0.9468952375 0.2524833984375 0.8530952375 0.2824458015625 0.8355076921875 0.3310546875 0.9870571421875001 0.330646484375 0.9957501828125 0.368435059375 0.9893963375 0.3501967765625 0.8838710624999999 0.339774903125 0.7392622703125 0.3137109375 0.5638769234375001 0.23424511718750002 0.5638769234375001 0.2303369140625 0.6830820515625 0.2173100578125 0.769065934375 0.21470458906249998 0.8198739921874999 0.193860840625 0.8941326 0.193860840625 0.9957501828125 0.2238232421875 0.9957501828125 0.2238232421875 0.9468952375
17 0.15218359374999998 0.7685750921875 0.08053369218749999 0.7548959703125 0.021911621875000002 0.7978871796875 0.0010678703125 0.8623750921875001 0.00237109375 0.9991670328125 0.1690827875 0.9919775765625 0.1678159171875 0.8760542125 0.2016870125 0.831108425 0.15218359374999998 0.7685750921875
5 0.00048828125 0 0.00048828125 0.38946520156250003 0.11831298750000001 0.3855567765625 0.15218359374999998 0 0.00048828125 0
36 0.148275390625 0 0.124826171875 0.350381684375 0.12091845625 0.508669596875 0.2317709953125 0.5230769234375 0.23295214843749998 0.524303296875 0.24597900468749997 0.4832652015625 0.2316494140625 0.38946520156250003 0.24467675781249998 0.25267325937499996 0.251189940625 0.000584615625 0.148275390625 0