33 0 0.5304029296875 0.1078818359375 0.5228395609375001 0.1117900390625 0.54824395625 0.196466796875 0.5462893765625 0.2107963875 0.59318974375 0.2772353515625 0.587327471875 0.2798408203125 0.5462893765625 0.30328955 0.5130688640625001 0.2889599609375 0.34696410312500003 0.199072265625 0.335238828125 0.186044921875 0.43490183125000004 0 0.43294725312500004 0 0.5304029296875
32 0.0634765625 0 0.062286621875 0.1378674 0.07401123125 0.2082175828125 0.1235146484375 0.2394842484375 0.1235146484375 0.1417758234375 0.1352387703125 0.11832527500000001 0.12742236406250002 0.06165421250000001 0.128725096875 0.0030293046875 0.0634765625 0
5 0.1404497078125 0 0.143055175 0.2551179484375 0.064892090625 0.241438828125 0.057075684375000005 0.0069377296875 0.011393065625 0 0.019296874999999998 0.3684600734375 0.08573535156249999 0.4134058609375 0.178228515625 0.41535970625 0.183439453125 0.343055678125 0.1743203125 0.245347253125 0.17301757812500002 0 0.1404497078125 0
10 0.1951640625 0 0.186044921875 0.055791940625 0.180833984375 0.157408790625 0.17562304687500002 0.2394842484375 0.18734765625 0.3156974359375 0.1904296875 0.3228329671875 0.2420620125 0.32546813124999996 0.24597021562500002 0.1495926734375 0.2381538078125 0 0.1951640625 0
27 0.2837490234375 0.165225640625 0.286354003125 0.22385128281250002 0.309803221875 0.43099340625 0.333251953125 0.153500365625 0.3697280265625 0.063608790625 0.33716015625 0.0049838828125 0.30589501874999997 0.018663003125 0.2498779296875 0.014754578125 0.2381538078125 0.06165421250000001 0.2498779296875 0.124188278125 0.2837490234375 0.165225640625
24 0.0870380859375 0.5619230765625 0.00626953125 0.5462893765625 0 0.6049150187500001 0.057075684375000005 0.6068688640625 0.13002783281250002 0.65767765625 0.1652016609375 0.6830820515625 0.1235146484375 0.70653186875 0.047956543750000004 0.7436615390625 0 0.75538608125 0.0009572328124999999 0.8119063750000001 0.16129345625 0.786652746875 0.186044921875 0.7358446890625 0.2772353515625 0.737798534375 0.2837490234375 0.6420446890625 0.2537861328125 0.6264109890625 0.186044921875 0.6303194140625 0.157385253125 0.5638769234375001 0.0870380859375 0.5619230765625
35 0.008875 0.6342278390625 0 0.7260739921875 0.020599609375 0.7319362640625 0.0779194328125 0.7163025640625 0.1156982421875 0.6948073265625 0.09876269531250001 0.6420446890625 0.07401123125 0.63813553125 0.008875 0.6342278390625
28 0.009765625 0.83076923125 0.008875 0.991841025 0.1508715828125 0.9898871796875 0.15608251875 0.8003326 0.009765625 0.83076923125
28 0.32673876874999996 0.9879333328125 0.3241333 0.64986080625 0.29026220625 0.647906959375 0.2889599609375 0.9992673999999999 0.32673876874999996 0.9879333328125
28 0.6224555656249999 0.9879333328125 0.62636376875 0.9781619046875001 0.6233725578125 0.9797311359374999 0.6055205078125 0.3586886453125 0.5638334953124999 0.3625970703125 0.5794658203124999 0.6752652015625 0.5651362296875 0.7397531140625 0.5651362296875 0.8101032968749999 0.5495034171875 0.9175831499999999 0.5781630859375 0.9992673999999999 0.6224555656249999 0.9879333328125
28 0.406900878125 0.0004886453125 0.41011230468750004 0.28052234375 0.43616699218750005 0.266842490625 0.43616699218750005 0 0.406900878125 0.0004886453125
28 0.6608071296875 0.0395604390625 0.6628398437499999 0.45053553125 0.6875917968749999 0.43490183125000004 0.698013671875 0.0401582421875 0.6608071296875 0.0395604390625
28 0.7032241203125 0 0.7112631828125 0.5206351640625 0.7423056640625 0.5189311359375 0.7566357421875 0 0.7032241203125 0
13 0.2746298828125 0.6342278390625 0.32934375 0.640090109375 0.348307128125 0.9992673999999999 0.38926904218749997 0.9992673999999999 0.403599121875 0.63813553125 0.45570751875 0.632273259375 0.46743212968750003 0.59318974375 0.38926904218749997 0.55606080625 0.2733271484375 0.5658315015625 0.2746298828125 0.6342278390625
25 0.407507325 0.7475699640625 0.3762417 0.7807904765625 0.38926904218749997 0.9992673999999999 0.44789160156249996 0.9992673999999999 0.4541015625 0.9748476187499999 0.454404784375 0.7592945062500001 0.407507325 0.7475699640625
20 0.240759278125 0.43294725312500004 0.2616025390625 0.41145201406250004 0.2589970703125 0.354780953125 0.2238237296875 0.3567347984375 0.2186127921875 0.42708498125 0.240759278125 0.43294725312500004
20 0.7032241203125 0.9992673999999999 0.7488193359374999 0.9992673999999999 0.7605439453125 0.9898871796875 0.7279760750000001 0.866774359375 0.7058295890624999 0.8765450546875 0.69671045 0.9722996343749999 0.7032241203125 0.9992673999999999
24 0.33976562499999996 0.3156974359375 0.3211589546875 0.5371303828125 0.322265625 0.5401706953125001 0.4270478515625 0.55996923125 0.44528613281249996 0.4563978015625 0.42835058593750003 0.34110109843749997 0.4166259765625 0.282476190625 0.40490185468749995 0.23753040312499998 0.380149903125 0.014754578125 0.35149023437500004 0.2004007328125 0.348884765625 0.25120952343749997 0.328041503125 0.27661391874999997 0.33976562499999996 0.3156974359375
36 0.5436196296875 0 0.5508061515625 0.1964923078125 0.531265625 0.274659340625 0.5364760734375 0.3156974359375 0.5482006828125 0.37041391875 0.566438965625 0.32742197812499996 0.5768603515625 0.33328498125 0.566438965625 0.37432234375 0.5898876953125 0.37236849843750003 0.6159418953125 0.32742197812499996 0.612033690625 0.266842490625 0.5964013671874999 0.20430915781249998 0.5950986328125001 0 0.5436196296875 0
36 0.4765512703125 0.599052746875 0.4296533203125 0.6694029296874999 0.41271777343749994 0.7397531140625 0.4791567375 0.866774359375 0.4765512703125 0.9664373625 0.46612939375 0.9992673999999999 0.532567871875 0.9977040296874999 0.532567871875 0.8257362640625001 0.5573198234375 0.7534322343750001 0.5442924812500001 0.6225025640624999 0.522146484375 0.6342278390625 0.516935546875 0.6830820515625 0.4830649421875 0.6830820515625 0.49609179687499994 0.6303194140625 0.4765512703125 0.599052746875
36 0.9963359374999999 0.5677853484375001 0.8556425781250001 0.5795106234375 0.7735712890625 0.6244564109375 0.795717284375 0.75538608125 0.9025400390625 0.7475699640625 0.99951171875 0.8472329671875001 0.9963359374999999 0.5677853484375001
24 0.7826899421875 0.769065934375 0.7696630859375 0.6830820515625 0.7657548828125 0.5638769234375001 0.6862890625 0.5638769234375001 0.660225096875 0.7392622703125 0.6498032234375 0.8838710624999999 0.631564940625 0.9893963375 0.669353515625 0.9957501828125 0.6689453125 0.9870571421875001 0.7175541984375 0.8355076921875 0.7475166015625 0.8530952375 0.7761767578125001 0.9468952375 0.7761767578125001 0.9957501828125 0.806139159375 0.9957501828125 0.806139159375 0.8941326 0.7852954109375 0.8198739921874999 0.7826899421875 0.769065934375
17 0.9989321296875 0.8623750921875001 0.9780883781249999 0.7978871796875 0.9194663078125 0.7548959703125 0.84781640625 0.7685750921875 0.7983129875 0.831108425 0.8321840828125 0.8760542125 0.8309172125 0.9919775765625 0.9976289062499999 0.9991670328125 0.9989321296875 0.8623750921875001
5 0.84781640625 0 0.8816870124999999 0.3855567765625 0.99951171875 0.38946520156250003 0.99951171875 0 0.84781640625 0
36 0.7670478515625 0.524303296875 0.7682290046875 0.5230769234375 0.8790815437499999 0.508669596875 0.8751738281250001 0.350381684375 0.8517246093749999 0 0.748810059375 0.000584615625 0.7553232421875 0.25267325937499996 0.7683505859374999 0.38946520156250003 0.7540209953125 0.4832652015625 0.7670478515625 0.524303296875