17 0.0740107421875 0.3079406171875 0.00048828125 0.3649643703125 0.0036640625000000002 0.4811243078125 0.0934243171875 0.5917125890625 0.1430546875 0.4452201109375 0.136541503125 0.3670768015625 0.0740107421875 0.3079406171875
36 0.2055854484375 0.6838756921875 0.1860444328125 0.692323040625 0.1847417 0.721891528125 0.0250649421875 0.958564528125 0.0609833984375 0.9394267609375 0.0961572265625 0.886627078125 0.1170004875 0.8612826609375 0.1417524421875 0.8211551859374999 0.165201171875 0.80214726875 0.19516357499999998 0.7599073640625 0.2055854484375 0.7704671421875 0.2264287109375 0.7535708624999999 0.23163964843749998 0.7071076796875 0.21340185625000002 0.7345629453125 0.1977690421875 0.7176674578125 0.2055854484375 0.6838756921875
28 0.37363623125 0.373412509375 0.2055854484375 0.859171021875 0.193860840625 0.8570585906250001 0.1373696296875 0.9981528109375001 0.1886499015625 0.9992082343750001 0.225126465625 0.8950744265624999 0.21470458906249998 0.886627078125 0.3840581046875 0.38608471875 0.37363623125 0.373412509375
32 0.2967758796875 0.6838756921875 0.2876567390625 0.745123515625 0.270721190625 0.7493475843749999 0.1959633796875 0.9955130640625001 0.27462939375 0.9985621531250001 0.32673828125000004 0.7894750593750001 0.32022460937499997 0.766243071875 0.325435546875 0.7134433890625 0.31631640625 0.692323040625 0.2967758796875 0.6838756921875
24 0.21861279374999998 0.46422802812499997 0.17562304687500002 0.466340459375 0.045351075000000005 0.6669794140625 0.002361328125 0.7810269203125 0.004966796875 0.8612826609375 0.1065786125 0.70499525 0.0036640625000000002 0.933091053125 0.0349292 0.9457624703124999 0.10006494218749999 0.82537925625 0.146962890625 0.7535708624999999 0.14044970625 0.71133175 0.1899526359375 0.6416357875 0.22252050781250002 0.5993958828125 0.23554785156250002 0.5043562953125 0.27723486406250003 0.37974821875 0.21861279374999998 0.46422802812499997
1 0.2616025390625 0.531811559375 0.3866630859375 0.7472351546875 0.309802734375 0.87395486875 0.2789711921875 0.9992082343750001 0.309802734375 0.9964505140625001 0.31501367187499996 0.8676191609374999 0.36842529375 0.7979231984374999 0.4348637703125 0.80214726875 0.459615721875 0.73878780625 0.2967758796875 0.4811243078125 0.2616025390625 0.531811559375
24 0.46352392656249997 0.77891528125 0.4517993171875 0.791587490625 0.511724121875 0.8950744265624999 0.542643065625 0.9955130640625001 0.5729521484375 0.9985621531250001 0.545595215625 0.8781789390625001 0.7032241203125 0.9964505140625001 0.7383974609374999 0.9858907359375 0.5820712890624999 0.8697307999999999 0.5599248046875 0.840163103125 0.5442924812500001 0.8190427546875 0.49478906250000004 0.7514592234374999 0.4739453125 0.7514592234374999 0.506513671875 0.82537925625 0.46352392656249997 0.77891528125
36 0.430955565625 0.5233642125 0.4140205078125 0.6099556609375 0.5039082031250001 0.71133175 0.615885253125 0.9875954078125 0.60030908125 0.988002375 0.660234375 0.9985621531250001 0.5416870125 0.68598733125 0.5312651359375 0.5698273953124999 0.509118653125 0.5698273953124999 0.498697265625 0.5128036421875 0.430955565625 0.5233642125
36 0.63157421875 0.77257878125 0.6094282234375 0.7641314328125001 0.596400878125 0.8063713375000001 0.659830565625 0.9875954078125 0.6875913078125 0.9992082343750001 0.6341796875 0.8148186859375001 0.63157421875 0.77257878125
36 0.592492675 0.7261155984375 0.6550234374999999 0.80214726875 0.6537207031250001 0.8612826609375 0.684244628125 0.992874109375 0.8295878906249999 0.9943388750000001 0.7110400390625 0.743011084375 0.7110400390625 0.6775391921875 0.6823803703125 0.6437474265625001 0.619850096875 0.647971496875 0.592492675 0.7261155984375
22 0.8230742187500001 0.7176674578125 0.803533203125 0.6458598578125 0.7970195312499999 0.7071076796875 0.8347983390625 0.9985621531250001 0.8530366218750001 0.9943388750000001 0.8230742187500001 0.7176674578125
19 0.9507407234375 0.9119707046875 0.9142646484375 0.8190427546875 0.8699721671875 0.840163103125 0.913736815625 0.992874109375 0.9963359374999999 0.9922264453125 0.9507407234375 0.9119707046875
16 1 0.7768028499999999 0.8387065437500001 0.3290601734375 0.7735708015625 0.373412509375 0.9951171875 0.9875954078125 1 0.7768028499999999
13 0.5638330078125 0.52758828125 0.591189940625 0.5930593828124999 0.639390625 0.52758828125 0.8307290046875 0.9875954078125 0.91556689375 0.9858907359375 0.7175537109375 0.5656041171874999 0.6980131828125 0.466340459375 0.7370947265625001 0.4726761671875 0.78659814375 0.48957165468749997 0.7944140625 0.45366825000000005 0.6862885750000001 0.396644496875 0.6120336921875 0.4684520984375 0.5638330078125 0.52758828125