17 0.9065756828125 0.5917125890625 0.9963359374999999 0.4811243078125 0.99951171875 0.3649643703125 0.9259892578125 0.3079406171875 0.863458496875 0.3670768015625 0.8569453125000001 0.4452201109375 0.9065756828125 0.5917125890625
36 0.7683603515625 0.7071076796875 0.7735712890625 0.7535708624999999 0.7944145515625001 0.7704671421875 0.8048364250000001 0.7599073640625 0.8347988281250001 0.80214726875 0.8582475578125001 0.8211551859374999 0.8829995125 0.8612826609375 0.9038427734375001 0.886627078125 0.9390166015625001 0.9394267609375 0.9749350578125 0.958564528125 0.8152583 0.721891528125 0.8139555671875 0.692323040625 0.7944145515625001 0.6838756921875 0.8022309578125 0.7176674578125 0.78659814375 0.7345629453125 0.7683603515625 0.7071076796875
28 0.774873534375 0.8950744265624999 0.8113500984375 0.9992082343750001 0.8626303703125 0.9981528109375001 0.806139159375 0.8570585906250001 0.7944145515625001 0.859171021875 0.62636376875 0.373412509375 0.6159418953125 0.38608471875 0.7852954109375 0.886627078125 0.774873534375 0.8950744265624999
32 0.6797753906249999 0.766243071875 0.67326171875 0.7894750593750001 0.72537060625 0.9985621531250001 0.8040366203125 0.9955130640625001 0.729278809375 0.7493475843749999 0.7123432609375 0.745123515625 0.7032241203125 0.6838756921875 0.68368359375 0.692323040625 0.674564453125 0.7134433890625 0.6797753906249999 0.766243071875
24 0.7774794921875 0.5993958828125 0.8100473640624999 0.6416357875 0.8595502937499999 0.71133175 0.853037109375 0.7535708624999999 0.8999350578125 0.82537925625 0.9650708 0.9457624703124999 0.9963359374999999 0.933091053125 0.8934213874999999 0.70499525 0.995033203125 0.8612826609375 0.997638671875 0.7810269203125 0.9546489250000001 0.6669794140625 0.824376953125 0.466340459375 0.78138720625 0.46422802812499997 0.7227651359375 0.37974821875 0.7644521484375 0.5043562953125 0.7774794921875 0.5993958828125
1 0.5651362296875 0.80214726875 0.63157470625 0.7979231984374999 0.684986328125 0.8676191609374999 0.690197265625 0.9964505140625001 0.7210288078125 0.9992082343750001 0.690197265625 0.87395486875 0.6133369140625 0.7472351546875 0.7383974609374999 0.531811559375 0.7032241203125 0.4811243078125 0.540384278125 0.73878780625 0.5651362296875 0.80214726875
24 0.5052109375 0.7514592234374999 0.45570751875 0.8190427546875 0.4400751953125 0.840163103125 0.4179287109375 0.8697307999999999 0.2616025390625 0.9858907359375 0.2967758796875 0.9964505140625001 0.454404784375 0.8781789390625001 0.4270478515625 0.9985621531250001 0.457356934375 0.9955130640625001 0.48827587812499995 0.8950744265624999 0.5482006828125 0.791587490625 0.5364760734375 0.77891528125 0.49348632812500004 0.82537925625 0.5260546875000001 0.7514592234374999 0.5052109375 0.7514592234374999
36 0.46873486406250003 0.5698273953124999 0.4583129875 0.68598733125 0.33976562499999996 0.9985621531250001 0.39969091875 0.988002375 0.384114746875 0.9875954078125 0.49609179687499994 0.71133175 0.5859794921875 0.6099556609375 0.5690444343750001 0.5233642125 0.5013027343750001 0.5128036421875 0.490881346875 0.5698273953124999 0.46873486406250003 0.5698273953124999
36 0.340169434375 0.9875954078125 0.403599121875 0.8063713375000001 0.3905717765625 0.7641314328125001 0.36842578125 0.77257878125 0.3658203125 0.8148186859375001 0.3124086921875 0.9992082343750001 0.340169434375 0.9875954078125
36 0.2889599609375 0.6775391921875 0.2889599609375 0.743011084375 0.170412109375 0.9943388750000001 0.315755371875 0.992874109375 0.34627929687500003 0.8612826609375 0.3449765625 0.80214726875 0.407507325 0.7261155984375 0.380149903125 0.647971496875 0.3176196296875 0.6437474265625001 0.2889599609375 0.6775391921875
22 0.20298046875 0.7071076796875 0.196466796875 0.6458598578125 0.17692578125 0.7176674578125 0.146963378125 0.9943388750000001 0.1652016609375 0.9985621531250001 0.20298046875 0.7071076796875
19 0.13002783281250002 0.840163103125 0.08573535156249999 0.8190427546875 0.049259276562499996 0.9119707046875 0.0036640625000000002 0.9922264453125 0.086263184375 0.992874109375 0.13002783281250002 0.840163103125
16 0.16129345625 0.3290601734375 0 0.7768028499999999 0.0048828125 0.9875954078125 0.22642919843749998 0.373412509375 0.16129345625 0.3290601734375
13 0.20558593749999998 0.45366825000000005 0.21340185625000002 0.48957165468749997 0.26290527343750003 0.4726761671875 0.3019868171875 0.466340459375 0.2824462890625 0.5656041171874999 0.08443310625 0.9858907359375 0.1692709953125 0.9875954078125 0.360609375 0.52758828125 0.40881005937500003 0.5930593828124999 0.43616699218750005 0.52758828125 0.3879663078125 0.4684520984375 0.31371142500000004 0.396644496875 0.20558593749999998 0.45366825000000005