12 0.5586220703125 0.7209411765625 0.5885844734375001 0.774474740625 0.6068227546875 0.8833882359375 0.677734375 0.8978083046875 0.78659814375 0.8926179937500001 0.9038427734375001 0.8760041515625 0.97028125 0.78739723125 0.7462138671874999 0.6083363328125 0.6719584968750001 0.55295709375 0.5442924812500001 0.5788006921875 0.5586220703125 0.7209411765625
19 0.430955565625 0.97199515625 0.5937954109375 0.8870802765624999 0.541015625 0.8286041515625 0.3918740234375 0.8944643593749999 0.430955565625 0.97199515625
13 0.5807685546875 0.8095487890624999 0.8439174812499999 0.7154034609375 0.833984375 0.61176470625 0.3137109375 0.77816678125 0.23945605468750003 0.750477509375 0.2107963875 0.8870802765624999 0.2550888671875 0.97014948125 0.33194921875 0.9387674734375 0.34758154218750004 0.8760041515625 0.5807685546875 0.8095487890624999
36 0.299381346875 0.47173356406250005 0.2537861328125 0.4975771625 0.281143065625 0.560340484375 0.3294272453125 0.5956173015624999 0.380149903125 0.5972609 0.299381346875 0.47173356406250005
36 0.309802734375 0.5215750859375 0.33716015625 0.5492650515624999 0.3343100578125 0.4226069203125 0.291564940625 0.420045675 0.309802734375 0.5215750859375
36 0.47133984375000004 0.43481384062500006 0.3944794921875 0.47542560624999997 0.3944794921875 0.5086532874999999 0.3553979484375 0.54372664375 0.3892685546875 0.5972609 0.44398291093750003 0.5788006921875 0.509118653125 0.49573148749999996 0.47133984375000004 0.43481384062500006
32 0.47655078125 0.38128027656249996 0.4244423828125 0.5344968859375 0.4694008796875 0.561015225 0.52865966875 0.3794346015625 0.509118653125 0.355436678125 0.47655078125 0.38128027656249996
16 0.19255810625 0.1579162625 0.2173100578125 0.4089702421875 0.2805991203125 0.43644775156250004 0.2668129875 0.154224221875 0.19255810625 0.1579162625
28 0.36321435625 0.05084913437500001 0.32934375 0.2760588234375 0.346278809375 0.29267335625 0.333251953125 0.3498982703125 0.348884278125 0.3628207609375 0.3580034171875 0.300056746875 0.3762416984375 0.28898131562499996 0.40490136718749997 0.05638685156249999 0.36321435625 0.05084913437500001
24 0.44528564375 0.42742975781250003 0.50781640625 0.3517446359375 0.5377788078125 0.368358478125 0.5612275390625 0.22437162656249998 0.5703466796875001 0.05823321875 0.50781640625 0.2096034609375 0.4583129875 0.2852892734375 0.44528564375 0.42742975781250003
36 0.4570102546875 0.08038477499999999 0.3840581046875 0.132071971875 0.367122559375 0.2760588234375 0.346278809375 0.37204982656249996 0.387966309375 0.423737715625 0.3905712890625 0.36651211093749997 0.41271777343749994 0.27421245625 0.425744628125 0.33513010312499997 0.4179287109375 0.41819930781250003 0.441377440625 0.41819930781250003 0.46222119062499994 0.32959238750000003 0.4348637703125 0.222525259375 0.472642578125 0.156069896875 0.4570102546875 0.08038477499999999
24 0.309802734375 0.22990934218749998 0.2837485359375 0.2114498265625 0.26941845781249996 0.2852892734375 0.2887368171875 0.434140484375 0.36321435625 0.429276125 0.33976562499999996 0.38497231875 0.33716015625 0.3332844296875 0.309802734375 0.22990934218749998