12 0.2537861328125 0.6083363328125 0.02971875 0.78739723125 0.0961572265625 0.8760041515625 0.21340185625000002 0.8926179937500001 0.322265625 0.8978083046875 0.3931772453125 0.8833882359375 0.41141552656249997 0.774474740625 0.4413779296875 0.7209411765625 0.45570751875 0.5788006921875 0.328041503125 0.55295709375 0.2537861328125 0.6083363328125
19 0.4062045890625 0.8870802765624999 0.5690444343750001 0.97199515625 0.6081259765625 0.8944643593749999 0.458984375 0.8286041515625 0.4062045890625 0.8870802765624999
13 0.7449111328125 0.97014948125 0.7892036124999999 0.8870802765624999 0.7605439453125 0.750477509375 0.6862890625 0.77816678125 0.166015625 0.61176470625 0.15608251875 0.7154034609375 0.4192314453125 0.8095487890624999 0.6524184578125001 0.8760041515625 0.6680507812500001 0.9387674734375 0.7449111328125 0.97014948125
36 0.718856934375 0.560340484375 0.7462138671874999 0.4975771625 0.700618653125 0.47173356406250005 0.619850096875 0.5972609 0.6705727546875 0.5956173015624999 0.718856934375 0.560340484375
36 0.6628398437499999 0.5492650515624999 0.690197265625 0.5215750859375 0.708435059375 0.420045675 0.6656899421875 0.4226069203125 0.6628398437499999 0.5492650515624999
36 0.6107314453125 0.5972609 0.6446020515625001 0.54372664375 0.6055205078125 0.5086532874999999 0.6055205078125 0.47542560624999997 0.52866015625 0.43481384062500006 0.490881346875 0.49573148749999996 0.5560170890625 0.5788006921875 0.6107314453125 0.5972609
32 0.5305991203125 0.561015225 0.5755576171875 0.5344968859375 0.52344921875 0.38128027656249996 0.490881346875 0.355436678125 0.47134033124999997 0.3794346015625 0.5305991203125 0.561015225
16 0.7826899421875 0.4089702421875 0.8074418937500001 0.1579162625 0.7331870125 0.154224221875 0.7194008796875 0.43644775156250004 0.7826899421875 0.4089702421875
28 0.6419965828125 0.300056746875 0.651115721875 0.3628207609375 0.666748046875 0.3498982703125 0.653721190625 0.29267335625 0.6706562500000001 0.2760588234375 0.63678564375 0.05084913437500001 0.5950986328125001 0.05638685156249999 0.6237583015625 0.28898131562499996 0.6419965828125 0.300056746875
24 0.4296533203125 0.05823321875 0.4387724609375 0.22437162656249998 0.4622211921875 0.368358478125 0.49218359375 0.3517446359375 0.55471435625 0.42742975781250003 0.5416870125 0.2852892734375 0.49218359375 0.2096034609375 0.4296533203125 0.05823321875
36 0.537778809375 0.32959238750000003 0.558622559375 0.41819930781250003 0.5820712890624999 0.41819930781250003 0.574255371875 0.33513010312499997 0.5872822265625001 0.27421245625 0.6094287109375001 0.36651211093749997 0.612033690625 0.423737715625 0.653721190625 0.37204982656249996 0.632877440625 0.2760588234375 0.6159418953125 0.132071971875 0.5429897453125 0.08038477499999999 0.527357421875 0.156069896875 0.5651362296875 0.222525259375 0.537778809375 0.32959238750000003
24 0.63678564375 0.429276125 0.7112631828125 0.434140484375 0.7305815421874999 0.2852892734375 0.7162514640625 0.2114498265625 0.690197265625 0.22990934218749998 0.6628398437499999 0.3332844296875 0.660234375 0.38497231875 0.63678564375 0.429276125