14 0.0688002921875 0.3688380046875 0.20819091875 0.3615454546875 0.22903466875 0.0607054 0.0505620109375 0.0752911828125 0.0688002921875 0.3688380046875
21 0.8048364250000001 0.21568352656249998 0.8048364250000001 0.071644565625 0.6498129890625 0.053412167187500005 0.6472075187499999 0.053412167187500005 0.6224555656249999 0.1773943953125 0.68889453125 0.401657553125 0.7566357421875 0.33054955625 0.8048364250000001 0.21568352656249998
26 0.2798408203125 0.492820915625 0.2785380859375 0.48370471562499995 0.36321484375 0.45088585156249994 0.360609375 0.071644565625 0.2798408203125 0.0570587828125 0.22252099687500002 0.243032809375 0.235548340625 0.42353656875 0.2798408203125 0.492820915625
13 0.3866635734375 0.148222146875 0.42183691406249996 0.241209159375 0.4257451171875 0.3633684203125 0.4248046875 0.3741168828125 0.4765512703125 0.35972180468750004 0.4583129875 0.1591619953125 0.5 0.1591619953125 0.4622211921875 0.09170061562500001 0.3866635734375 0.0661749828125 0.3866635734375 0.148222146875
18 0.535173828125 0.764488721875 0.5052109375 0.5985707453125 0.480459471875 0.5438721796875 0.36451757812499996 0.54569583125 0.3918745125 0.7827211203125 0.535173828125 0.764488721875
24 0.275064940625 0.7432214625 0.328041503125 0.72984620625 0.33194921875 0.5712214624999999 0.315014159375 0.5201701984375 0.2616025390625 0.52563978125 0.23945654218749998 0.6350362265625 0.275064940625 0.7432214625
24 0.3762417 0.9468154484375001 0.5455952140625 0.9194668484375 0.5455952140625 0.8264798359375 0.39969091875 0.8173636359374999 0.36321484375 0.8483588515625 0.3762417 0.9468154484375001
34 0.0714057625 0.9468154484375001 0.0732421875 0.939166096875 0.232942871875 0.9340526312499999 0.2186127921875 0.6332132609375 0.08573535156249999 0.6131572109375 0.0635893546875 0.7499022562500001 0.070103028125 0.864768284375 0.0714057625 0.9468154484375001
7 0.81786328125 0.9285830484375 0.806139159375 0.7006739578125 0.651115721875 0.7024969234375 0.6446020515625001 0.7954839375 0.6884765625 0.9460013671875 0.81786328125 0.9285830484375
8 0.847826171875 0.9869275468750001 0.9468325203125 0.9993164734375 0.9754926765624999 0.8775311 0.987217284375 0.673324675 0.9233837890625001 0.558458646875 0.69671045 0.5639282296875 0.7097377921875 0.6076869453125 0.7852954109375 0.6204497609375 0.845220703125 0.660561859375 0.8882104484375001 0.7772515375 0.847826171875 0.9869275468750001
36 0.5582680671875 0.6976534515624999 0.5560170890625 0.7407860562499999 0.566438965625 0.93587628125 0.6237583015625 0.9395228984375 0.6094287109375001 0.7152604234375 0.5582680671875 0.6976534515624999
36 0.5615234375 0.5996807921875 0.558622559375 0.5985707453125 0.54689795 0.664208475 0.674564453125 0.671501709375 0.6928027343750001 0.605863978125 0.5615234375 0.5996807921875
17 0.69671045 0.447239234375 0.664142578125 0.4891743 0.72537060625 0.5128769656250001 0.8295878906249999 0.48552768281249997 0.8347988281250001 0.44541558437499995 0.69671045 0.447239234375
36 0.9429243171874999 0.4162433359375 0.9390166015625001 0.3615454546875 0.8843022453125 0.31960970624999996 0.7618466796875001 0.3469589890625 0.76171875 0.4060150375 0.9429243171874999 0.4162433359375
31 0.8738803703125001 0.28679084062500004 0.937713378125 0.2466787421875 0.9403193359375001 0.08258441562499999 0.8725776359375 0.0442959671875 0.830890625 0.06435201562500001 0.8361015625 0.21021326093749998 0.8738803703125001 0.28679084062500004
0 0.51823828125 0 0.53387060625 0.2138598765625 0.50781640625 0.39801093593750003 0.4062045890625 0.43447641875 0.421549315625 0.5039870125 0.4869731453125 0.5001141484375 0.529962890625 0.558458646875 0.6393911125 0.53475598125 0.6393911125 0.4435926171875 0.612033690625 0.32143335624999997 0.5950986328125001 0.11358031406249999 0.5950986328125001 0 0.51823828125 0