14 0.79180908125 0.3615454546875 0.9311997078124999 0.3688380046875 0.9494379890625 0.0752911828125 0.77096533125 0.0607054 0.79180908125 0.3615454546875
21 0.37754443437499996 0.1773943953125 0.35279248124999996 0.053412167187500005 0.3501870109375 0.053412167187500005 0.19516357499999998 0.071644565625 0.19516357499999998 0.21568352656249998 0.2433642578125 0.33054955625 0.31110546875 0.401657553125 0.37754443437499996 0.1773943953125
26 0.7201591796875 0.0570587828125 0.639390625 0.071644565625 0.63678515625 0.45088585156249994 0.7214619140625 0.48370471562499995 0.7201591796875 0.492820915625 0.7644516593749999 0.42353656875 0.7774790031250001 0.243032809375 0.7201591796875 0.0570587828125
13 0.5 0.1591619953125 0.5416870125 0.1591619953125 0.5234487296875 0.35972180468750004 0.5751953125 0.3741168828125 0.5742548828125 0.3633684203125 0.5781630859375 0.241209159375 0.6133364265625 0.148222146875 0.6133364265625 0.0661749828125 0.5377788078125 0.09170061562500001 0.5 0.1591619953125
18 0.5195405281250001 0.5438721796875 0.49478906250000004 0.5985707453125 0.46482617187499997 0.764488721875 0.6081254875 0.7827211203125 0.635482421875 0.54569583125 0.5195405281250001 0.5438721796875
24 0.684985840625 0.5201701984375 0.6680507812500001 0.5712214624999999 0.6719584968750001 0.72984620625 0.724935059375 0.7432214625 0.7605434578125 0.6350362265625 0.7383974609374999 0.52563978125 0.684985840625 0.5201701984375
24 0.45440478593750006 0.8264798359375 0.45440478593750006 0.9194668484375 0.6237583 0.9468154484375001 0.63678515625 0.8483588515625 0.60030908125 0.8173636359374999 0.45440478593750006 0.8264798359375
34 0.9142646484375 0.6131572109375 0.7813872078124999 0.6332132609375 0.767057128125 0.9340526312499999 0.9267578125 0.939166096875 0.9285942374999999 0.9468154484375001 0.929896971875 0.864768284375 0.9364106453125001 0.7499022562500001 0.9142646484375 0.6131572109375
7 0.348884278125 0.7024969234375 0.193860840625 0.7006739578125 0.18213671874999998 0.9285830484375 0.3115234375 0.9460013671875 0.3553979484375 0.7954839375 0.348884278125 0.7024969234375
8 0.21470458906249998 0.6204497609375 0.2902622078125 0.6076869453125 0.30328955 0.5639282296875 0.0766162109375 0.558458646875 0.012782715625 0.673324675 0.0245073234375 0.8775311 0.0531674796875 0.9993164734375 0.152173828125 0.9869275468750001 0.11178955156249999 0.7772515375 0.154779296875 0.660561859375 0.21470458906249998 0.6204497609375
36 0.433561034375 0.93587628125 0.44398291093750003 0.7407860562499999 0.4417319328125 0.6976534515624999 0.3905712890625 0.7152604234375 0.3762416984375 0.9395228984375 0.433561034375 0.93587628125
36 0.45310205000000003 0.664208475 0.441377440625 0.5985707453125 0.4384765625 0.5996807921875 0.307197265625 0.605863978125 0.325435546875 0.671501709375 0.45310205000000003 0.664208475
17 0.27462939375 0.5128769656250001 0.335857421875 0.4891743 0.30328955 0.447239234375 0.165201171875 0.44541558437499995 0.170412109375 0.48552768281249997 0.27462939375 0.5128769656250001
36 0.11569775468750002 0.31960970624999996 0.0609833984375 0.3615454546875 0.057075682812499993 0.4162433359375 0.23828125 0.4060150375 0.2381533203125 0.3469589890625 0.11569775468750002 0.31960970624999996
31 0.12742236406250002 0.0442959671875 0.0596806640625 0.08258441562499999 0.062286621875 0.2466787421875 0.12611962968749998 0.28679084062500004 0.1638984375 0.21021326093749998 0.169109375 0.06435201562500001 0.12742236406250002 0.0442959671875
0 0.40490136718749997 0 0.40490136718749997 0.11358031406249999 0.387966309375 0.32143335624999997 0.36060888750000003 0.4435926171875 0.36060888750000003 0.53475598125 0.47003710937500004 0.558458646875 0.5130268546875 0.5001141484375 0.578450684375 0.5039870125 0.5937954109375 0.43447641875 0.49218359375 0.39801093593750003 0.46612939375 0.2138598765625 0.48176171874999996 0 0.40490136718749997 0