11 0.5582680671875 0 0.537778809375 0.02668765 0.5690444343750001 0.10958007968750001 0.690197265625 0.0883251 0.7344897453125 0.0288127484375 0.7579384765625 0 0.5582680671875 0
36 0.516935546875 0.27111474062499996 0.5716499015625 0.19459840625 0.69410546875 0.1393362546875 0.7527275390625 0.13083426250000002 0.7600913078125 0.130677290625 0.718856934375 0.0798239046875 0.5429897453125 0.10958007968750001 0.46612939375 0.0628199203125 0.41271777343749994 0.162716334375 0.4596157234375 0.24348366562499998 0.516935546875 0.27111474062499996
22 0.9012373046875 0.20522549843750001 0.9051455078125 0.2031003984375 0.9038427734375001 0.14996414375 0.7279760750000001 0.14358725156250002 0.718856934375 0.17759442187500002 0.9012373046875 0.20522549843750001
16 0.5677416984375 0.3157490046875 0.7709658203124999 0.19459840625 0.7503256828125 0.1280215140625 0.5429897453125 0.228605578125 0.5677416984375 0.3157490046875
28 0.3918745125 0.4050183265625 0.42835058593750003 0.4794095625 0.5625307625 0.3561330671875 0.7201596671875 0.226480478125 0.55471435625 0.3114988046875 0.3918745125 0.4050183265625
1 0.49609179687499994 0.5049147406250001 0.6550234374999999 0.3561330671875 0.7449111328125 0.25411075625 0.72537060625 0.21797848593750002 0.522146484375 0.4050183265625 0.4400751953125 0.21797848593750002 0.3931772453125 0.24348366562499998 0.49609179687499994 0.5049147406250001
36 0.9016928703125 0.205046215625 0.8764858406249999 0.2626127484375 0.845220703125 0.241358565625 0.816561034375 0.3433800796875 0.8673666984375 0.39864223125 0.9155673828124999 0.3263768921875 0.9016928703125 0.205046215625
24 0.8256796874999999 0.2944948203125 0.7774794921875 0.258361753125 0.7514248046875001 0.226480478125 0.6432993171875 0.38163824687500003 0.6419965828125 0.447527490625 0.5872822265625001 0.5389219125 0.6628398437499999 0.4836605578125 0.7397001953125 0.44327649375 0.8256796874999999 0.2944948203125
24 0.7279760750000001 0.5601768921875 0.8365883796875 0.41752988125 0.845220703125 0.430524303125 0.8152583 0.2349816734375 0.7631494140624999 0.4092693234375 0.6915 0.5367968125 0.7279760750000001 0.5601768921875
36 0.830078125 0.205046215625 0.7787817375 0.17759442187500002 0.7397001953125 0.1754693234375 0.7475166015625 0.241358565625 0.7787817375 0.24773466093750002 0.830078125 0.205046215625
13 0.81786328125 0.8046047812499999 0.8882104484375001 0.787600796875 0.9155673828124999 0.7365896421875 0.8595502937499999 0.7365896421875 0.8295878906249999 0.7408406375000001 0.9103564453124999 0.5750549796875 0.9780976562499999 0.5346717125 0.9928383796875 0.295352190625 0.7657548828125 0.6728262953125 0.7175541984375 0.5920589640625 0.681078125 0.6600733062499999 0.7449111328125 0.694080478125 0.7397001953125 0.759969721875 0.81786328125 0.8046047812499999