11 0.2420615234375 0 0.2655102546875 0.0288127484375 0.309802734375 0.0883251 0.430955565625 0.10958007968750001 0.46222119062499994 0.02668765 0.4417319328125 0 0.2420615234375 0
36 0.53387060625 0.0628199203125 0.4570102546875 0.10958007968750001 0.281143065625 0.0798239046875 0.2399086921875 0.130677290625 0.24727246093750002 0.13083426250000002 0.30589453125 0.1393362546875 0.42835009843750005 0.19459840625 0.483064453125 0.27111474062499996 0.5403842765625 0.24348366562499998 0.5872822265625001 0.162716334375 0.53387060625 0.0628199203125
22 0.0961572265625 0.14996414375 0.0948544921875 0.2031003984375 0.09876269531250001 0.20522549843750001 0.281143065625 0.17759442187500002 0.272023925 0.14358725156250002 0.0961572265625 0.14996414375
16 0.2290341796875 0.19459840625 0.4322583015625 0.3157490046875 0.4570102546875 0.228605578125 0.2496743171875 0.1280215140625 0.2290341796875 0.19459840625
28 0.43746923750000005 0.3561330671875 0.5716494140624999 0.4794095625 0.6081254875 0.4050183265625 0.44528564375 0.3114988046875 0.2798403328125 0.226480478125 0.43746923750000005 0.3561330671875
1 0.477853515625 0.4050183265625 0.27462939375 0.21797848593750002 0.2550888671875 0.25411075625 0.3449765625 0.3561330671875 0.5039082031250001 0.5049147406250001 0.6068227546875 0.24348366562499998 0.5599248046875 0.21797848593750002 0.477853515625 0.4050183265625
36 0.183438965625 0.3433800796875 0.154779296875 0.241358565625 0.12351415937500002 0.2626127484375 0.0983071296875 0.205046215625 0.0844326171875 0.3263768921875 0.1326333015625 0.39864223125 0.183438965625 0.3433800796875
24 0.41271777343749994 0.5389219125 0.3580034171875 0.447527490625 0.3567006828125 0.38163824687500003 0.2485751953125 0.226480478125 0.22252050781250002 0.258361753125 0.1743203125 0.2944948203125 0.26029980468749997 0.44327649375 0.33716015625 0.4836605578125 0.41271777343749994 0.5389219125
24 0.1847417 0.2349816734375 0.154779296875 0.430524303125 0.1634116203125 0.41752988125 0.272023925 0.5601768921875 0.3085 0.5367968125 0.2368505859375 0.4092693234375 0.1847417 0.2349816734375
36 0.26029980468749997 0.1754693234375 0.2212182625 0.17759442187500002 0.169921875 0.205046215625 0.2212182625 0.24773466093750002 0.2524833984375 0.241358565625 0.26029980468749997 0.1754693234375
13 0.318921875 0.6600733062499999 0.2824458015625 0.5920589640625 0.23424511718750002 0.6728262953125 0.0071616203125 0.295352190625 0.02190234375 0.5346717125 0.0896435546875 0.5750549796875 0.170412109375 0.7408406375000001 0.14044970625 0.7365896421875 0.0844326171875 0.7365896421875 0.11178955156249999 0.787600796875 0.18213671874999998 0.8046047812499999 0.26029980468749997 0.759969721875 0.2550888671875 0.694080478125 0.318921875 0.6600733062499999