12 0.7605434578125 0.75147765625 0.7318837890625 0.63813553125 0.684985840625 0.4603062265625 0.4504965828125 0.5716937734374999 0.4517993171875 0.8237824171874999 0.483064453125 0.8355076921875 0.49218359375 0.8999956046875001 0.54689795 0.898041025 0.5495029296875 0.8648197796874999 0.5794658203124999 0.9136747250000001 0.63157421875 0.898041025 0.639390625 0.8589575093749999 0.6797749015625 0.8726366296875 0.708435059375 0.821828571875 0.7019213859375 0.7612490843749999 0.7410029296875 0.7886073265625 0.7605434578125 0.75147765625
28 0.81265234375 0.4681230765625 0.790505859375 0.591235896875 0.7683598640625 0.5814652015624999 0.728189940625 0.608547253125 0.7553325203125001 0.704578021875 0.799625 0.685035896875 0.830890625 0.591235896875 0.8699721671875 0.48375604375 0.8829990234375 0.3606432234375 0.842614746875 0.3489179484375 0.81265234375 0.4681230765625
28 0.2550888671875 0.9449413921875 0.359306153125 0.9214908421875 0.3501870109375 0.862865934375 0.328041015625 0.7612490843749999 0.24075878906249998 0.765157509375 0.148265625 0.8042410249999999 0.20819091875 0.911720146875 0.2550888671875 0.9449413921875
16 0.0401401359375 0.9898871796875 0.1091840828125 0.9781619046875001 0.16129296875000002 0.9214908421875 0.04274560625 0.6049150187500001 0.00048828125 0.655723809375 0.00048828125 0.8999956046875001 0.0401401359375 0.9898871796875
24 0.8152578125 0.41926813125000006 0.8439174812499999 0.3606432234375 0.842614746875 0.3020175828125 0.7800844734375 0.32546813124999996 0.7970195312499999 0.41535970625 0.8152578125 0.41926813125000006
24 0.3866630859375 0.7084864468750001 0.30198632812500004 0.6752652015625 0.29547314375 0.7241194140625 0.3501870109375 0.7905611718750001 0.3580034171875 0.8452783875 0.398482090625 0.8587721859374999 0.42313964843749996 0.8335531140624999 0.41141503906250004 0.8042410249999999 0.459615721875 0.8159655671875001 0.47655078125 0.7612490843749999 0.4465883796875 0.696761171875 0.3866630859375 0.7084864468750001
24 0.167806640625 0.380184615625 0.1326333015625 0.3567347984375 0.0974599609375 0.44662710624999996 0.0779189453125 0.58537289375 0.0766162109375 0.59318974375 0.1287250984375 0.583419046875 0.1586875 0.5462893765625 0.144357421875 0.5111142859375 0.167806640625 0.380184615625
24 0.30198632812500004 0.5736483515625 0.2550888671875 0.54824395625 0.26029980468749997 0.6205487171875 0.2837485359375 0.655723809375 0.286354003125 0.6635399265624999 0.299381346875 0.65376923125 0.317619140625 0.6283648359375 0.3137109375 0.6049150187500001 0.30068408125 0.599052746875 0.30198632812500004 0.5736483515625
28 0.6797749015625 0.47007692343749996 0.692802246875 0.489618315625 0.7397001953125 0.44271868124999997 0.6823803703125 0.0870586078125 0.6498125 0.07337948749999999 0.614639159375 0.1222337 0.664142578125 0.42317655624999995 0.6797749015625 0.47007692343749996
28 0.6016118171875 0.24339267343749998 0.5716494140624999 0.11832527500000001 0.527356934375 0.1398212453125 0.554036621875 0.3057384609375 0.6016118171875 0.3137428578125 0.6016118171875 0.24339267343749998
33 0.4140205078125 0.7084864468750001 0.433561034375 0.745615384375 0.453125 0.7330893765625001 0.4192314453125 0.5619230765625 0.441377440625 0.5228395609375001 0.4166259765625 0.5189311359375 0.4022958984375 0.5306564109374999 0.40490136718749997 0.493526740625 0.34758154218750004 0.5208857140625 0.2837485359375 0.61273186875 0.30328955 0.6635399265624999 0.33976562499999996 0.6791736265625 0.38536035156250004 0.6654945062500001 0.3931767578125 0.7221655671875 0.4140205078125 0.7084864468750001
25 0.01669091875 0.108554578125 0.00048828125 0.11832527500000001 0.00048828125 0.20430915781249998 0.04296875 0.46935311406249997 0.0792216796875 0.448580953125 0.10006494218749999 0.49157289375 0.11309228593750001 0.4681230765625 0.0661943359375 0.3625970703125 0.01669091875 0.108554578125
13 0.2368505859375 0.6205487171875 0.25639160156249996 0.602961171875 0.2464194328125 0.5572652015624999 0.21470458906249998 0.5150227109375 0.2160073234375 0.46226007343750003 0.178228515625 0.48571062343750004 0.17301757812500002 0.54824395625 0.17171484374999998 0.60882344375 0.21470458906249998 0.6654945062500001 0.2550888671875 0.696761171875 0.292867675 0.6694029296874999 0.2368505859375 0.6205487171875
36 0.3045922859375 0.5814652015624999 0.325435546875 0.4818021984375 0.33976562499999996 0.4134058609375 0.299381346875 0.354780953125 0.2850512703125 0.34696410312500003 0.24727246093750002 0.444672528125 0.24727246093750002 0.5208857140625 0.2642080078125 0.587327471875 0.3045922859375 0.5814652015624999
36 0.44007470625 0.29810989062500004 0.3762416984375 0.3489179484375 0.38536035156250004 0.48766446874999997 0.430955565625 0.5247941390624999 0.45440478593750006 0.53261025625 0.5364760734375 0.45053553125 0.52865966875 0.33328498125 0.44007470625 0.29810989062500004
36 0.800927734375 0.2316674 0.800927734375 0.1476380953125 0.7527275390625 0.1417758234375 0.7214619140625 0.229713553125 0.7527275390625 0.32546813124999996 0.800927734375 0.2316674