12 0.360609375 0.8589575093749999 0.36842578125 0.898041025 0.42053417968750006 0.9136747250000001 0.4504970703125 0.8648197796874999 0.45310205000000003 0.898041025 0.50781640625 0.8999956046875001 0.516935546875 0.8355076921875 0.5482006828125 0.8237824171874999 0.5495034171875 0.5716937734374999 0.315014159375 0.4603062265625 0.26811621093750004 0.63813553125 0.23945654218749998 0.75147765625 0.2589970703125 0.7886073265625 0.29807861406249997 0.7612490843749999 0.291564940625 0.821828571875 0.3202250984375 0.8726366296875 0.360609375 0.8589575093749999
28 0.20037500000000003 0.685035896875 0.2446674796875 0.704578021875 0.271810059375 0.608547253125 0.2316401359375 0.5814652015624999 0.209494140625 0.591235896875 0.18734765625 0.4681230765625 0.157385253125 0.3489179484375 0.1170009765625 0.3606432234375 0.13002783281250002 0.48375604375 0.169109375 0.591235896875 0.20037500000000003 0.685035896875
28 0.6498129890625 0.862865934375 0.640693846875 0.9214908421875 0.7449111328125 0.9449413921875 0.79180908125 0.911720146875 0.851734375 0.8042410249999999 0.7592412109375 0.765157509375 0.671958984375 0.7612490843749999 0.6498129890625 0.862865934375
16 0.8908159171875001 0.9781619046875001 0.9598598640624999 0.9898871796875 0.99951171875 0.8999956046875001 0.99951171875 0.655723809375 0.9572543937500001 0.6049150187500001 0.83870703125 0.9214908421875 0.8908159171875001 0.9781619046875001
24 0.1847421875 0.41926813125000006 0.20298046875 0.41535970625 0.2199155265625 0.32546813124999996 0.157385253125 0.3020175828125 0.15608251875 0.3606432234375 0.1847421875 0.41926813125000006
24 0.5768603515625 0.8335531140624999 0.6015179093749999 0.8587721859374999 0.6419965828125 0.8452783875 0.6498129890625 0.7905611718750001 0.70452685625 0.7241194140625 0.698013671875 0.6752652015625 0.6133369140625 0.7084864468750001 0.5534116203125 0.696761171875 0.52344921875 0.7612490843749999 0.540384278125 0.8159655671875001 0.5885849609375 0.8042410249999999 0.5768603515625 0.8335531140624999
24 0.9220810546875 0.58537289375 0.9025400390625 0.44662710624999996 0.8673666984375 0.3567347984375 0.8321933593749999 0.380184615625 0.8556425781250001 0.5111142859375 0.8413125000000001 0.5462893765625 0.8712749015625001 0.583419046875 0.9233837890625001 0.59318974375 0.9220810546875 0.58537289375
24 0.713645996875 0.6635399265624999 0.7162514640625 0.655723809375 0.7397001953125 0.6205487171875 0.7449111328125 0.54824395625 0.698013671875 0.5736483515625 0.69931591875 0.599052746875 0.6862890625 0.6049150187500001 0.682380859375 0.6283648359375 0.700618653125 0.65376923125 0.713645996875 0.6635399265624999
28 0.26029980468749997 0.44271868124999997 0.307197753125 0.489618315625 0.3202250984375 0.47007692343749996 0.335857421875 0.42317655624999995 0.385360840625 0.1222337 0.3501875 0.07337948749999999 0.3176196296875 0.0870586078125 0.26029980468749997 0.44271868124999997
28 0.3983881828125 0.24339267343749998 0.3983881828125 0.3137428578125 0.445963378125 0.3057384609375 0.47264306562499997 0.1398212453125 0.42835058593750003 0.11832527500000001 0.3983881828125 0.24339267343749998
33 0.7162514640625 0.61273186875 0.6524184578125001 0.5208857140625 0.5950986328125001 0.493526740625 0.5977041015625 0.5306564109374999 0.5833740234375 0.5189311359375 0.558622559375 0.5228395609375001 0.5807685546875 0.5619230765625 0.546875 0.7330893765625001 0.566438965625 0.745615384375 0.5859794921875 0.7084864468750001 0.6068232421875 0.7221655671875 0.6146396484375 0.6654945062500001 0.660234375 0.6791736265625 0.69671045 0.6635399265624999 0.7162514640625 0.61273186875
25 0.95703125 0.46935311406249997 0.99951171875 0.20430915781249998 0.99951171875 0.11832527500000001 0.98330908125 0.108554578125 0.9338056640625 0.3625970703125 0.8869077140625 0.4681230765625 0.8999350578125 0.49157289375 0.9207783203125001 0.448580953125 0.95703125 0.46935311406249997
13 0.8269824218749999 0.54824395625 0.821771484375 0.48571062343750004 0.7839926765625 0.46226007343750003 0.7852954109375 0.5150227109375 0.7535805671875 0.5572652015624999 0.7436083984375 0.602961171875 0.7631494140624999 0.6205487171875 0.707132325 0.6694029296874999 0.7449111328125 0.696761171875 0.7852954109375 0.6654945062500001 0.82828515625 0.60882344375 0.8269824218749999 0.54824395625
36 0.700618653125 0.354780953125 0.660234375 0.4134058609375 0.674564453125 0.4818021984375 0.6954077140625 0.5814652015624999 0.7357919921875 0.587327471875 0.7527275390625 0.5208857140625 0.7527275390625 0.444672528125 0.7149487296875 0.34696410312500003 0.700618653125 0.354780953125
36 0.6146396484375 0.48766446874999997 0.6237583015625 0.3489179484375 0.55992529375 0.29810989062500004 0.47134033124999997 0.33328498125 0.46352392656249997 0.45053553125 0.5455952140625 0.53261025625 0.5690444343750001 0.5247941390624999 0.6146396484375 0.48766446874999997
36 0.199072265625 0.2316674 0.24727246093750002 0.32546813124999996 0.2785380859375 0.229713553125 0.24727246093750002 0.1417758234375 0.199072265625 0.1476380953125 0.199072265625 0.2316674