26 0.7501220703125 0.0486959640625 0.7488193359374999 0.5071634109375001 0.8856044921875 0.5297395828125 0.900716309375 0.07204882812499999 0.7501220703125 0.0486959640625
16 0.639390625 0.0869016921875 0.6406933593749999 0.46895768281250005 0.7162509765625 0.475904296875 0.720052246875 0.1002604171875 0.639390625 0.0869016921875
13 0.475248046875 0.1198971359375 0.5221459953124999 0.45853841093750003 0.604217284375 0.4811139328125 0.617513184375 0.0785592453125 0.475248046875 0.1198971359375
36 0.1125 0.2890625 0.10546875 0.3390625
28 0.9015625 0.7421875 0.08671875 0.3421875
24 0.77890625 0.746875 0.1203125 0.28125
27 0.6421875 0.74609375 0.11015625 0.29296875
24 0.503125 0.74921875 0.1109375 0.28671875
24 0.3640625 0.753125 0.11953125 0.29375
27 0.19921875 0.74609375 0.16953125 0.3109375
28 0.065625 0.7453125 0.071875 0.3359375