26 0.2511806640625 0.5071634109375001 0.2498779296875 0.0486959640625 0.099283690625 0.07204882812499999 0.1143955078125 0.5297395828125 0.2511806640625 0.5071634109375001
16 0.359306640625 0.46895768281250005 0.360609375 0.0869016921875 0.279947753125 0.1002604171875 0.2837490234375 0.475904296875 0.359306640625 0.46895768281250005
13 0.47785400468750006 0.45853841093750003 0.524751953125 0.1198971359375 0.382486815625 0.0785592453125 0.395782715625 0.4811139328125 0.47785400468750006 0.45853841093750003
36 0.8875 0.2890625 0.10546875 0.3390625
28 0.0984375 0.7421875 0.08671875 0.3421875
24 0.22109375 0.746875 0.1203125 0.28125
27 0.3578125 0.74609375 0.11015625 0.29296875
24 0.496875 0.74921875 0.1109375 0.28671875
24 0.6359375 0.753125 0.11953125 0.29375
27 0.80078125 0.74609375 0.16953125 0.3109375
28 0.934375 0.7453125 0.071875 0.3359375