32 0.5374094203124999 0.0201659390625 0.27246376875 0.0331877734375 0.2926521734375 0.142471615625 0.545529709375 0.180911571875 0.5374094203124999 0.0201659390625
26 0.5896086953124999 0.212361353125 0.1256144921875 0.0935491265625 0.11517463750000001 0.13723035 0.5884485500000001 0.2717674671875 0.5896086953124999 0.212361353125
31 0.07457536249999999 0.48493013124999995 0.028175362500000002 0.5233700875 0.0583355078125 0.7417740171875 0.0956521734375 0.758078603125 0.1534543484375 0.7312903937499999 0.1824536234375 0.509391921875 0.1511340578125 0.37310698750000004 0.146494203125 0.2036255453125 0.1256144921875 0.13723035 0.072255071875 0.1319890828125 0.07457536249999999 0.32068995624999996 0.07457536249999999 0.48493013124999995
17 0.5176898546875 0.855344978125 0.5432094203125 0.771477075 0.5142101453125 0.7120709609375 0.39125145 0.7679825328125001 0.38777101406250003 0.8256419218750001 0.4330108703125 0.9147510921875 0.44461087031249996 0.9444541484375 0.5176898546875 0.855344978125
24 0.4492753625 0.2820960703125 0.4330108703125 0.4045578609375 0.4678101453125 0.528611353125 0.497970290625 0.661401746875 0.544369565625 0.64742358125 0.567568840625 0.5251168125000001 0.551329709375 0.275262009375 0.4492753625 0.2820960703125
22 0.61744855 0.5670502187500001 0.6696478265625 0.39582096093749997 0.654568115625 0.3538875546875 0.61048840625 0.42727183437500005 0.5803289859375 0.5338526203125 0.5571289859374999 0.5705447593749999 0.5550724640625 0.644541484375 0.61744855 0.5670502187500001
36 0.6267282609375 0.3416572046875 0.71488768125 0.41154694375 0.844805796875 0.486677946875 0.8726456515625 0.430766375 0.602368840625 0.2612838421875 0.5942028984375 0.31048035 0.6267282609375 0.3416572046875
31 0.255532609375 0.743521834375 0.2550724640625 0.740611353125 0.31237246406249997 0.70857641875 0.268292753125 0.47444650624999996 0.2775724640625 0.345151746875 0.26597246406249997 0.2158558953125 0.1592543484375 0.24730676875 0.2137731890625 0.5024028390625 0.23001304375 0.6963460703125001 0.255532609375 0.743521834375
21 0.901355796875 0.456971615625 0.8769963765625001 0.497158296875 0.70183840625 0.43775218281250006 0.6194789859375 0.5338504359375 0.5765601453125 0.7242991265625001 0.583519565625 0.8291331874999999 0.6194789859375 0.7959355890625 0.7122782609375 0.49366375468749996 0.9117956515625 0.535598253125 0.9779152171875 0.35213755468749997 0.9048355078125001 0.2682707421875 0.6113594203125 0.0358875546875 0.5510398546874999 0.16343668125 0.5916398546875 0.22808406093750003 0.901355796875 0.456971615625
3 0.8097166671875 0.9989082968749999 0.8572760875000001 0.9811430124999999 0.9071557968749999 0.7802106984375 0.958194928125 0.701585153125 0.9663152171875 0.55132314375 0.80623695625 0.5233668125000001 0.8004369562500001 0.6928493453125 0.8398768109375 0.8064192140625 0.8097166671875 0.96192358125 0.8097166671875 0.9989082968749999
3 0.35761159375 0.5146331875 0.40285145 0.722554584375 0.48405 0.6561593890624999 0.38197173906250004 0.22808624531250002 0.32861231874999997 0.23682314375 0.35761159375 0.5146331875