32 0.45447029062500005 0.180911571875 0.7073478265625 0.142471615625 0.72753623125 0.0331877734375 0.4625905796875 0.0201659390625 0.45447029062500005 0.180911571875
26 0.41155145 0.2717674671875 0.8848253625 0.13723035 0.8743855078125 0.0935491265625 0.4103913046875 0.212361353125 0.41155145 0.2717674671875
31 0.8488659421875001 0.37310698750000004 0.8175463765625001 0.509391921875 0.8465456515625001 0.7312903937499999 0.9043478265625 0.758078603125 0.9416644921874999 0.7417740171875 0.9718246374999999 0.5233700875 0.9254246374999999 0.48493013124999995 0.9254246374999999 0.32068995624999996 0.927744928125 0.1319890828125 0.8743855078125 0.13723035 0.853505796875 0.2036255453125 0.8488659421875001 0.37310698750000004
17 0.4857898546875 0.7120709609375 0.45679057968750003 0.771477075 0.4823101453125 0.855344978125 0.5553891296875 0.9444541484375 0.5669891296875 0.9147510921875 0.6122289859375 0.8256419218750001 0.6087485499999999 0.7679825328125001 0.4857898546875 0.7120709609375
24 0.5321898546875 0.528611353125 0.5669891296875 0.4045578609375 0.5507246375 0.2820960703125 0.44867029062499997 0.275262009375 0.432431159375 0.5251168125000001 0.455630434375 0.64742358125 0.502029709375 0.661401746875 0.5321898546875 0.528611353125
22 0.345431884375 0.3538875546875 0.3303521734375 0.39582096093749997 0.38255145 0.5670502187500001 0.4449275359375 0.644541484375 0.4428710140625 0.5705447593749999 0.4196710140625 0.5338526203125 0.38951159375 0.42727183437500005 0.345431884375 0.3538875546875
36 0.28511231875 0.41154694375 0.3732717390625 0.3416572046875 0.40579710156250004 0.31048035 0.39763115937500004 0.2612838421875 0.1273543484375 0.430766375 0.155194203125 0.486677946875 0.28511231875 0.41154694375
31 0.7224275359375001 0.345151746875 0.731707246875 0.47444650624999996 0.6876275359374999 0.70857641875 0.7449275359375 0.740611353125 0.744467390625 0.743521834375 0.76998695625 0.6963460703125001 0.7862268109375 0.5024028390625 0.8407456515625 0.24730676875 0.7340275359375 0.2158558953125 0.7224275359375001 0.345151746875
21 0.022084782812500002 0.35213755468749997 0.0882043484375 0.535598253125 0.2877217390625 0.49366375468749996 0.3805210140625 0.7959355890625 0.41648043437500004 0.8291331874999999 0.4234398546875 0.7242991265625001 0.3805210140625 0.5338504359375 0.29816159375 0.43775218281250006 0.1230036234375 0.497158296875 0.098644203125 0.456971615625 0.4083601453125 0.22808406093750003 0.4489601453125 0.16343668125 0.3886405796875 0.0358875546875 0.0951644921875 0.2682707421875 0.022084782812500002 0.35213755468749997
3 0.0336847828125 0.55132314375 0.041805071875 0.701585153125 0.092844203125 0.7802106984375 0.1427239125 0.9811430124999999 0.1902833328125 0.9989082968749999 0.1902833328125 0.96192358125 0.1601231890625 0.8064192140625 0.19956304375 0.6928493453125 0.19376304375 0.5233668125000001 0.0336847828125 0.55132314375
3 0.64238840625 0.5146331875 0.6713876812499999 0.23682314375 0.6180282609375001 0.22808624531250002 0.51595 0.6561593890624999 0.59714855 0.722554584375 0.64238840625 0.5146331875