16 0.21841304374999998 0.054331401562500006 0.1418543484375 0.102549246875 0.047826087499999996 0.1765932796875 0.0734152171875 0.25091193437500003 0.22769347812500002 0.11923986093750001 0.21841304374999998 0.054331401562500006
24 0.2323333328125 0.1989849359375 0.27409275312500003 0.2045480875 0.2775724640625 0.10069409062500001 0.2404528984375 0.10069409062500001 0.23813333281250001 0.0969849359375 0.2323333328125 0.1989849359375
24 0.3703717390625 0.122949015625 0.3297717390625 0.0858586328125 0.29961231875 0.161894553125 0.31121231875 0.26760255 0.34021159375 0.27131170312499997 0.37501159375 0.2212398609375 0.3703717390625 0.122949015625
24 0.555969565625 0.1470579375 0.5629289859375 0.20825724218750002 0.5814891296875 0.23236732343750002 0.6070086953125 0.180439165625 0.59424855 0.10069409062500001 0.5629289859375 0.0932757828125 0.555969565625 0.1470579375
24 0.62208840625 0.0951309390625 0.62208840625 0.173022015625 0.6383282609375 0.21753070624999998 0.6847275359375 0.1860034765625 0.68588768125 0.0951309390625 0.62753623125 0.0838933953125 0.62208840625 0.0951309390625
24 0.23929275312499998 0.7516384703125001 0.23465289843749998 0.6292387015625 0.2149333328125 0.5587659328125001 0.175494203125 0.6125480875 0.17201376875000002 0.71269293125 0.1766536234375 0.8054194671875001 0.1811594203125 0.8 0.23929275312499998 0.7516384703125001
36 0.40517101406249995 0.09884009218749999 0.3900913046875 0.1860034765625 0.39937101406250003 0.2527670921875 0.4480905796875 0.21938470468750002 0.44229057968749996 0.11923986093750001 0.40724637656249996 0.0931633828125 0.40517101406249995 0.09884009218749999
36 0.3146920296875 0.56061993125 0.30309202968750004 0.686728853125 0.34485217343749996 0.6960023171875 0.3552920296875 0.5847300109375 0.3146920296875 0.56061993125
3 0.77868695625 0.22494901562499997 0.844805796875 0.1989849359375 0.815806521875 0.1081123984375 0.77246376875 0.10011587500000001 0.747367390625 0.17673001093750002 0.77868695625 0.22494901562499997
13 0.4654905796875 0.030222479687499998 0.47709057968749996 0.0487670921875 0.497970290625 0.134076478125 0.4828898546875 0.23607531874999999 0.547849275 0.25833024375 0.5524891296875001 0.1971309390625 0.5142101453125 0.020949015625 0.4654905796875 0.030222479687499998
17 0.8610456515625 0.23236732343750002 0.9167253625 0.2416396296875 0.9051253625 0.1081123984375 0.8726456515625 0.0932757828125 0.8575659421875 0.1526210890625 0.8610456515625 0.23236732343750002
26 0.12793478281249998 0.3343661640625 0.06993550781249999 0.7664750875 0.0861746375 0.8239652375000001 0.16041376875 0.779456546875 0.15461376875 0.3362213203125 0.12793478281249998 0.3343661640625
26 0.8413260875 0.6422201624999999 0.8478260875 0.7837775203125 0.856405796875 0.7887288531250001 0.913244928125 0.79243800625 0.9434043484375 0.7405110078125 0.9457246375 0.49756662812499997 0.914405071875 0.42894785625000004 0.8587253625000001 0.404838934375 0.8413260875 0.6422201624999999
13 0.4016913046875 0.5587659328125001 0.4190913046875 0.606983778125 0.41793115937499997 0.6848748546875 0.42257101406249997 0.69043800625 0.4538905796875 0.6848748546875 0.4538905796875 0.619966396875 0.4886898546875 0.5958563156250001 0.48637029062500003 0.5253847046875 0.4480905796875 0.5105480874999999 0.4016913046875 0.5587659328125001
31 0.5664094203125 0.645929315625 0.5803289859375 0.5717473921875 0.5246500000000001 0.566184240625 0.5246500000000001 0.6236743921875 0.538569565625 0.679311703125 0.5292898546875 0.703420625 0.551329709375 0.71269293125 0.5664094203125 0.645929315625
7 0.6278884062500001 0.69043800625 0.5930891296875 0.6960023171875 0.579168840625 0.7590567781249999 0.62324855 0.812837775 0.6333333328124999 0.7907300109375 0.6742876812499999 0.7256743921875 0.711407246875 0.7405110078125 0.7125673906250001 0.6997114718749999 0.683568115625 0.5828748546875 0.6418079703124999 0.5253847046875 0.619768840625 0.5791657015625 0.642968115625 0.65149246875 0.6278884062500001 0.69043800625
6 0.76708695625 0.6700382390625 0.7659268109374999 0.5717473921875 0.74388695625 0.577311703125 0.7427268109375 0.7145469296875 0.7682463765625 0.708983778125 0.76708695625 0.6700382390625
12 0.1847739125 0.0673128625 0.129094203125 0.0617485515625 0.1244543484375 0.182294321875 0.17781376875 0.193421784375 0.1847739125 0.0673128625
12 0.2453125 0.103125 0.07109375 0.121875
12 0.33125 0.1265625 0.08046875 0.1453125
12 0.41328125 0.103125 0.0609375 0.11328125
12 0.4921875 0.10859375 0.0796875 0.12890625
12 0.5734375 0.09921875 0.05625 0.1140625
12 0.646875 0.103125 0.0734375 0.13203125
12 0.71875 0.09375 0.0578125 0.1171875
12 0.79453125 0.090625 0.06484375 0.10546875
12 0.88125 0.109375 0.08203125 0.12421875
12 0.10703125 0.81875 0.09296875 0.15859375
12 0.203125 0.7796875 0.08828125 0.16328125
12 0.32734375 0.7609375 0.10078125 0.15859375
12 0.4390625 0.765625 0.0875 0.1765625
12 0.54375 0.77421875 0.08203125 0.1515625
12 0.65859375 0.76328125 0.09140625 0.15859375
12 0.75703125 0.7921875 0.08515625 0.15625
12 0.884375 0.803125 0.11875 0.16015625