16 0.78158695625 0.054331401562500006 0.772306521875 0.11923986093750001 0.9265847828125 0.25091193437500003 0.9521739124999999 0.1765932796875 0.8581456515625 0.102549246875 0.78158695625 0.054331401562500006
24 0.7676666671875 0.1989849359375 0.7618666671875001 0.0969849359375 0.7595471015624999 0.10069409062500001 0.7224275359375001 0.10069409062500001 0.7259072468750001 0.2045480875 0.7676666671875 0.1989849359375
24 0.6702282609375 0.0858586328125 0.6296282609375 0.122949015625 0.62498840625 0.2212398609375 0.65978840625 0.27131170312499997 0.68878768125 0.26760255 0.70038768125 0.161894553125 0.6702282609375 0.0858586328125
24 0.43707101406250004 0.20825724218750002 0.444030434375 0.1470579375 0.43707101406250004 0.0932757828125 0.40575145 0.10069409062500001 0.3929913046875 0.180439165625 0.41851087031249995 0.23236732343750002 0.43707101406250004 0.20825724218750002
24 0.37791159375 0.173022015625 0.37791159375 0.0951309390625 0.37246376875 0.0838933953125 0.31411231875 0.0951309390625 0.3152724640625 0.1860034765625 0.3616717390625 0.21753070624999998 0.37791159375 0.173022015625
24 0.7850666671875 0.5587659328125001 0.7653471015625 0.6292387015625 0.760707246875 0.7516384703125001 0.8188405796874999 0.8 0.8233463765625 0.8054194671875001 0.82798623125 0.71269293125 0.824505796875 0.6125480875 0.7850666671875 0.5587659328125001
36 0.6099086953125 0.1860034765625 0.5948289859375 0.09884009218749999 0.5927536234375 0.0931633828125 0.5577094203125 0.11923986093750001 0.5519094203125 0.21938470468750002 0.6006289859375 0.2527670921875 0.6099086953125 0.1860034765625
36 0.6447079703124999 0.5847300109375 0.6551478265624999 0.6960023171875 0.6969079703125 0.686728853125 0.6853079703125 0.56061993125 0.6447079703124999 0.5847300109375
3 0.22131304375 0.22494901562499997 0.252632609375 0.17673001093750002 0.22753623125 0.10011587500000001 0.184193478125 0.1081123984375 0.155194203125 0.1989849359375 0.22131304375 0.22494901562499997
13 0.502029709375 0.134076478125 0.5229094203125 0.0487670921875 0.5345094203125 0.030222479687499998 0.4857898546875 0.020949015625 0.4475108703125 0.1971309390625 0.452150725 0.25833024375 0.5171101453125 0.23607531874999999 0.502029709375 0.134076478125
17 0.1389543484375 0.23236732343750002 0.14243405781250001 0.1526210890625 0.1273543484375 0.0932757828125 0.0948746375 0.1081123984375 0.0832746375 0.2416396296875 0.1389543484375 0.23236732343750002
26 0.8720652171875001 0.3343661640625 0.84538623125 0.3362213203125 0.83958623125 0.779456546875 0.9138253625000001 0.8239652375000001 0.9300644921875 0.7664750875 0.8720652171875001 0.3343661640625
26 0.086755071875 0.79243800625 0.143594203125 0.7887288531250001 0.1521739125 0.7837775203125 0.15867391250000001 0.6422201624999999 0.1412746375 0.404838934375 0.085594928125 0.42894785625000004 0.0542753625 0.49756662812499997 0.0565956515625 0.7405110078125 0.086755071875 0.79243800625
13 0.5461094203125 0.6848748546875 0.5774289859375 0.69043800625 0.5820688406250001 0.6848748546875 0.5809086953125 0.606983778125 0.5983086953125001 0.5587659328125001 0.5519094203125 0.5105480874999999 0.513629709375 0.5253847046875 0.5113101453125 0.5958563156250001 0.5461094203125 0.619966396875 0.5461094203125 0.6848748546875
31 0.47535 0.566184240625 0.4196710140625 0.5717473921875 0.43359057968750003 0.645929315625 0.44867029062499997 0.71269293125 0.47071014531250005 0.703420625 0.461430434375 0.679311703125 0.47535 0.6236743921875 0.47535 0.566184240625
7 0.28743260937500004 0.6997114718749999 0.288592753125 0.7405110078125 0.32571231875 0.7256743921875 0.36666666718749996 0.7907300109375 0.37675145 0.812837775 0.42083115937500004 0.7590567781249999 0.4069108703125 0.6960023171875 0.37211159375 0.69043800625 0.357031884375 0.65149246875 0.38023115937499996 0.5791657015625 0.35819202968749997 0.5253847046875 0.31643188437499997 0.5828748546875 0.28743260937500004 0.6997114718749999
6 0.23291304375 0.6700382390625 0.2317536234375 0.708983778125 0.2572731890625 0.7145469296875 0.25611304375 0.577311703125 0.2340731890625 0.5717473921875 0.23291304375 0.6700382390625
12 0.8221862312500001 0.193421784375 0.8755456515625 0.182294321875 0.870905796875 0.0617485515625 0.8152260874999999 0.0673128625 0.8221862312500001 0.193421784375
12 0.7546875 0.103125 0.07109375 0.121875
12 0.66875 0.1265625 0.08046875 0.1453125
12 0.58671875 0.103125 0.0609375 0.11328125
12 0.5078125 0.10859375 0.0796875 0.12890625
12 0.4265625 0.09921875 0.05625 0.1140625
12 0.353125 0.103125 0.0734375 0.13203125
12 0.28125 0.09375 0.0578125 0.1171875
12 0.20546875 0.090625 0.06484375 0.10546875
12 0.11875 0.109375 0.08203125 0.12421875
12 0.89296875 0.81875 0.09296875 0.15859375
12 0.796875 0.7796875 0.08828125 0.16328125
12 0.67265625 0.7609375 0.10078125 0.15859375
12 0.5609375 0.765625 0.0875 0.1765625
12 0.45625 0.77421875 0.08203125 0.1515625
12 0.34140625 0.76328125 0.09140625 0.15859375
12 0.24296875 0.7921875 0.08515625 0.15625
12 0.115625 0.803125 0.11875 0.16015625