7 0.3824309399038462 0.4929331490384615 0.38755578125 0.4941701153846154 0.41428132692307695 0.49331005048076926 0.4156725096153846 0.4910815096153846 0.41525128846153847 0.4857715456730769 0.3997498317307692 0.41883764663461537 0.38964506730769227 0.41877188701923074 0.36606192307692303 0.42087621153846155 0.3641587067307693 0.42304487740384616 0.3706354615384615 0.44364947836538465 0.3824309399038462 0.4929331490384615
13 0.46942251201923074 0.5588216923076923 0.46466478846153847 0.5552364278846154 0.45697076682692306 0.5524236971153846 0.44480434375000005 0.5502038629807692 0.4395932043269231 0.5548551682692308 0.4358795216346154 0.5632684350961539 0.43508861298076923 0.5689946033653845 0.4363548533653846 0.5762366610576923 0.4420458365384615 0.585191764423077 0.45031758413461537 0.5883111778846154 0.4571620841346154 0.5885536298076923 0.46597098317307695 0.58623603125 0.4717463245192308 0.5799768413461538 0.47323282211538464 0.5731364038461538 0.46942251201923074 0.5588216923076923
14 0.3238100264423077 0.6137695841346154 0.31201716826923076 0.6191656634615386 0.3042278269230769 0.6209648293269231 0.3018737620192308 0.6226822307692307 0.3010648197115385 0.6258556466346155 0.30447901923076925 0.6293635048076923 0.31509130769230764 0.6288509519230769 0.31992631250000003 0.6252715673076923 0.33115496875 0.6214833701923077 0.3345150625 0.61733296875 0.3337357379807692 0.6156476826923077 0.32975733653846157 0.6137477019230769 0.3238100264423077 0.6137695841346154
14 0.3353227475961538 0.6501872596153846 0.3528226826923077 0.6469730168269231 0.35867273798076926 0.6422370120192308 0.3574335504807692 0.6388240865384615 0.3491798341346154 0.6382574278846154 0.33020949759615387 0.6415388389423077 0.3244682836538461 0.643577514423077 0.3218037860576923 0.6466136442307693 0.32669289903846155 0.6506925192307692 0.3353227475961538 0.6501872596153846
4 0.4058608870192308 0.5958655793269231 0.40923193750000003 0.6023175745192307 0.4100383149038462 0.6078319927884616 0.4141139759615384 0.6144460961538462 0.4411454543269231 0.6116291177884615 0.4422918894230769 0.6109661033653846 0.4426886298076923 0.6037591057692308 0.43862455528846156 0.5897335480769231 0.4389259759615385 0.5871384447115384 0.41367534375 0.5885695240384615 0.40837596153846156 0.5897830865384616 0.4058608870192308 0.5958655793269231
4 0.41882340865384615 0.6383511610576923 0.417318875 0.6426388461538461 0.4198268725961538 0.6446059951923077 0.4222305336538461 0.6499086634615385 0.4500323149038462 0.6475005961538461 0.45098166826923075 0.6460971706730769 0.45068281490384615 0.6400044423076923 0.44739806249999997 0.6276641706730769 0.44493772596153847 0.6233910745192308 0.41726282451923075 0.6256545649038461 0.41489717548076926 0.6347834230769231 0.41882340865384615 0.6383511610576923
10 0.34920667067307687 0.3886162331730769 0.36517952403846154 0.3864987379807693 0.3854457259615385 0.38560068028846156 0.4035684807692308 0.3890750072115384 0.4076125745192308 0.3912217908653846 0.41188531971153847 0.3985763052884615 0.4152151586538461 0.4172984591346154 0.41707973557692307 0.41871212019230775 0.42059826923076926 0.41888445913461536 0.42261935096153846 0.41529483653846155 0.42052869711538465 0.39998561298076923 0.4148853725961539 0.3887245576923077 0.4116637475961538 0.38531892548076924 0.4054401298076923 0.38243902163461535 0.3894312067307692 0.37945101201923076 0.3669854807692308 0.3796159495192307 0.3374073653846154 0.38404810336538464 0.30262261778846156 0.39376975480769233 0.28871593509615384 0.3986795144230769 0.2641286995192308 0.4125428557692308 0.26511412259615386 0.4162449375 0.27029563942307694 0.41645233173076923 0.27514417307692307 0.41478751201923075 0.28411859615384616 0.4087430144230769 0.2943798605769231 0.4038054879807692 0.3345206658653846 0.3918407067307692 0.34920667067307687 0.3886162331730769
10 0.35791055048076925 0.34428043028846156 0.37407147115384615 0.3416269711538461 0.3904475096153846 0.3422666850961538 0.41722265625 0.3484266947115385 0.4427946899038462 0.3562792860576923 0.48049450000000005 0.3699340336538462 0.48541323798076924 0.3691542091346154 0.4859027235576923 0.3660231442307692 0.4823004567307692 0.3630512475961538 0.4149890264423077 0.34003531009615384 0.3882795745192308 0.3341221081730769 0.36781628846153847 0.3342797475961538 0.34725768509615385 0.3390492884615384 0.3332943197115385 0.3449886201923077 0.27650956250000003 0.3727021322115384 0.2601786105769231 0.3784443052884615 0.24514352163461536 0.3865698293269231 0.2438882403846154 0.38993017307692307 0.24601559615384616 0.3923310528846154 0.25616350480769234 0.3894526730769231 0.29199292307692304 0.3737156995192308 0.31027925961538466 0.3641371033653846 0.3280104110576923 0.35744276682692305 0.34572352403846157 0.34819567548076924 0.35791055048076925 0.34428043028846156
15 0.5365581442307692 0.620315858173077 0.5043039423076923 0.6351955985576924 0.5070702091346153 0.63751178125 0.5107201370192308 0.6381777307692308 0.5385946923076923 0.6279668269230769 0.5443043365384616 0.6214608293269231 0.5414156947115385 0.6199274158653847 0.5365581442307692 0.620315858173077
15 0.5063713677884615 0.60196015625 0.5351952764423077 0.5903458269230769 0.538310625 0.5877609567307692 0.5384896730769231 0.5859486177884615 0.5366907932692307 0.5847817620192308 0.5324064615384615 0.584838701923077 0.5042169615384615 0.5957301442307692 0.4984235841346154 0.5994365817307693 0.5006166322115384 0.6020842692307693 0.5063713677884615 0.60196015625
15 0.5026652836538461 0.45757476442307693 0.4981703413461539 0.4549767235576923 0.49439353365384614 0.4544553485576923 0.4846127379807692 0.45498543028846156 0.4629598605769231 0.45875022115384617 0.47570401201923074 0.46127673798076924 0.5016682716346154 0.46128414182692307 0.5029370841346154 0.45983836538461537 0.5026652836538461 0.45757476442307693
15 0.5019126153846154 0.44697888942307695 0.4953747668269231 0.44477855528846155 0.46510135817307696 0.44505181971153845 0.4660079519230769 0.4512275576923077 0.5019126153846154 0.44697888942307695
15 0.5134869399038462 0.5274286923076923 0.4848755 0.5320482067307692 0.5038319110576923 0.5361804855769231 0.5134869399038462 0.5274286923076923
15 0.5354482211538462 0.5580591923076923 0.5336082283653846 0.5511466466346154 0.49806121153846156 0.5517696466346154 0.4927245552884615 0.5565665336538461 0.5354482211538462 0.5580591923076923
10 0.5016706826923077 0.6448365913461539 0.48224671394230767 0.6290092211538462 0.4805779110576923 0.6103168870192308 0.4987885432692308 0.5818326778846153 0.4721633798076923 0.5960970697115384 0.46430508894230765 0.6237200552884615 0.48855525961538465 0.6527093918269231 0.5205506370192308 0.6561354759615384 0.5450913052884615 0.6365245 0.5748402668269231 0.5942424230769231 0.5926414543269231 0.5443430600961539 0.5943409615384615 0.4960670841346154 0.5921862115384615 0.4631262091346154 0.5762741153846154 0.45552327644230767 0.5731350552884615 0.4636070745192308 0.581228625 0.4865594615384615 0.5820843100961539 0.534496701923077 0.5683055456730769 0.5746616298076923 0.5485727475961538 0.6048811418269231 0.5260401466346154 0.6370053653846154 0.5016706826923077 0.6448365913461539
10 0.4976526346153846 0.6170415240384616 0.48087118990384614 0.6511721754807692 0.47274692067307694 0.6951880985576923 0.5051120841346154 0.7323028557692308 0.5806380961538461 0.7427375793269231 0.6111206586538461 0.6957576899038462 0.6177075576923077 0.6335431947115384 0.6057873629807692 0.5763380649038461 0.590483576923077 0.5287826177884616 0.577631014423077 0.5376429543269231 0.5943805096153846 0.5906296850961539 0.5981673701923077 0.6371559447115385 0.5950038125 0.6774471826923077 0.5692588749999999 0.7074413533653847 0.5146392235576923 0.7233721971153847 0.48858569471153845 0.6925772091346154 0.4933447355769231 0.6607645000000001 0.5116899759615385 0.61539359375 0.4976526346153846 0.6170415240384616
10 0.5907585673076923 0.5670844639423077 0.5460267932692308 0.5530785841346154 0.49725429567307694 0.54625365625 0.47890700961538457 0.5435110528846153 0.4968171201923077 0.5744263653846153 0.5228768629807692 0.5704604951923077 0.5534815072115384 0.576115639423077 0.6044668629807692 0.6061613629807693 0.6958897524038462 0.6042651129807692 0.770349125 0.5908159230769231 0.8229423197115384 0.5598183846153846 0.8697129134615385 0.5193691947115384 0.864309141826923 0.47919137740384615 0.8327508870192308 0.4475925985576923 0.81745621875 0.45473196153846157 0.8192930360576922 0.4790249639423077 0.8391113413461538 0.4963336033653846 0.8171045120192308 0.5304328653846154 0.7937283990384615 0.5519341346153847 0.7267054639423077 0.5858669807692307 0.6365968100961539 0.5927007932692308 0.5907585673076923 0.5670844639423077
10 0.461554375 0.5612098870192308 0.526183985576923 0.5679773581730769 0.5772121826923077 0.5683691177884616 0.606297860576923 0.5583791826923077 0.5821057788461539 0.519669704326923 0.5635986778846154 0.5246790504807692 0.5721629326923077 0.54194609375 0.5567550769230769 0.5511451610576923 0.4821674086538461 0.5467201730769231 0.42176805048076926 0.5235454158653846 0.39832478605769234 0.5000720264423077 0.41555424278846154 0.4952320625 0.3778271394230769 0.49303243990384615 0.3677536442307692 0.5169042331730769 0.3973221346153846 0.5385432475961538 0.461554375 0.5612098870192308
10 0.5207587475961538 0.5426265384615385 0.60331784375 0.5173688413461538 0.6131323870192308 0.4772182548076923 0.5962452716346154 0.4584986947115385 0.5679329519230769 0.4515172764423077 0.5499699134615385 0.46105510096153846 0.5693755360576923 0.4743290168269231 0.5621743894230768 0.5044207740384615 0.5153885336538462 0.5249360649038461 0.45804865865384614 0.5182245625 0.43781777403846156 0.4968811995192307 0.44663275 0.47782140865384615 0.4217073918269231 0.48082743990384613 0.4029828293269231 0.5076333485576924 0.46114482692307696 0.5397947283653847 0.5207587475961538 0.5426265384615385
10 0.5606798605769231 0.45656824278846153 0.5537874855769231 0.4406130961538462 0.5136373509615384 0.44133513701923077 0.4780902860576923 0.44195816105769226 0.4401560817307692 0.4485205504807693 0.43006351682692306 0.46774972115384617 0.45201072115384616 0.4704223125 0.45317368028846156 0.46264132451923073 0.5059319086538461 0.45462488942307694 0.5353354110576923 0.45328279807692307 0.5308056706730769 0.46359567307692306 0.5505322620192308 0.46813704086538466 0.5606798605769231 0.45656824278846153
3 0.5755797860576923 0.6616197788461539 0.5194602283653846 0.34395069471153844 0.22314475 0.3685339903846154 0.3130511225961538 0.6815986899038461 0.5755797860576923 0.6616197788461539
1 0.8456599014423076 0.6377107692307693 0.8200623822115385 0.3676243125 0.5511791850961538 0.4109374014423077 0.5868693221153847 0.6617946947115385 0.8456599014423076 0.6377107692307693
6 0.6005187259615384 0.6678397716346154 0.6358256201923077 0.6779028221153846 0.6391431009615385 0.6780880384615385 0.6397583317307693 0.6794261995192308 0.6725293653846154 0.6933368509615385 0.7211956201923078 0.6938482427884616 0.80804909375 0.678926360576923 0.8868987596153846 0.5941822668269231 0.8801705384615384 0.5357776682692308 0.804373576923077 0.49947921634615383 0.6740078004807692 0.5099459134615384 0.6113006514423077 0.539387608173077 0.5770432644230769 0.6127675673076923 0.6005187259615384 0.6678397716346154
6 0.9516312283653845 0.5856007836538462 0.9171215096153845 0.5288344302884616 0.8500416225961539 0.49546977884615384 0.8337322091346154 0.5037660048076923 0.8801460168269231 0.5323730721153846 0.9113507451923077 0.5800355985576923 0.9074830745192308 0.6350739110576923 0.8656660288461538 0.6767407524038462 0.7990262235576923 0.7046590120192308 0.7033822451923076 0.7064332812499999 0.6725293653846154 0.6933368509615385 0.6214986730769231 0.6928006105769231 0.684289329326923 0.7307746634615384 0.8210654591346154 0.734452670673077 0.9253859375 0.6824551682692307 0.9516312283653845 0.5856007836538462
0 0.8333862067307692 0.3368272932692308 0.8502725360576923 0.4958580985576923 0.8446299086538461 0.35919166346153847 0.8891406153846154 0.38396158413461534 0.9079726850961538 0.4182698245192308 0.9036282163461539 0.4781423365384615 0.8516238197115384 0.5085841153846153 0.8526143557692307 0.5179127019230769 0.86431340625 0.5358351201923077 0.8890139302884615 0.5325606081730769 0.934788141826923 0.4958217524038462 0.9476459423076923 0.45799399278846153 0.9498833269230769 0.4133953533653846 0.8889206995192308 0.35332009855769225 0.8333862067307692 0.3368272932692308
0 0.7846976826923077 0.5613841682692308 0.8195458076923077 0.546540858173077 0.8348283124999999 0.5376991826923077 0.8528861298076923 0.5591602548076924 0.8516524230769231 0.5292794447115384 0.83966578125 0.5227449855769231 0.7676669134615385 0.5404685576923077 0.6793300216346154 0.5862577307692308 0.5756902043269231 0.6143100576923077 0.5498595240384615 0.6457293149038462 0.582422610576923 0.6495407716346153 0.637561826923077 0.6347337932692307 0.6942823341346155 0.6026778894230769 0.7386016370192308 0.5770370649038461 0.7846976826923077 0.5613841682692308
2 0.3598069158653846 0.6546555552884615 0.32794186778846157 0.6575167115384615 0.2908889639423077 0.6740154495192308 0.2514763221153846 0.71808978125 0.22954306490384616 0.6555667524038462 0.19142665865384614 0.5951890985576923 0.12985250240384616 0.5924467596153846 0.04593513942307692 0.5992486298076923 0.07310586057692307 0.7062944735576924 0.09116910817307693 0.7618332836538462 0.11801729567307692 0.796441985576923 0.17750891346153846 0.8178627403846155 0.2302925625 0.8074574447115384 0.2514394855769231 0.7842069374999999 0.26836833413461536 0.8146780721153846 0.2731731153846154 0.8426670192307693 0.33151134374999996 0.8696932572115385 0.3597166875 0.8795855120192309 0.41099657692307695 0.8734690264423077 0.44687173317307693 0.8591711274038462 0.45269140384615386 0.8147791442307692 0.4208346995192308 0.7712924567307693 0.3611964302884615 0.7294440000000001 0.3344215504807692 0.7050491538461539 0.3598069158653846 0.6546555552884615
5 0.5379709711538462 0.4527284807692308 0.6170324182692308 0.4449737163461539 0.7348013725961539 0.41368513942307694 0.7934739615384616 0.39227561057692306 0.8622696274038462 0.35589268028846155 0.8871781322115384 0.3103333221153846 0.8648740312500001 0.21991502884615383 0.8297163774038462 0.1441505985576923 0.7846596634615385 0.09082712019230768 0.7438045528846153 0.07647769951923077 0.6687044399038461 0.06598651442307692 0.5904458149038462 0.06681916826923076 0.5146650384615384 0.08027315865384616 0.4767603990384615 0.09688479807692309 0.48599907932692304 0.12496754807692308 0.4859696971153846 0.12357362259615384 0.4868956274038462 0.15483778605769233 0.5291526322115385 0.17445388701923076 0.5695024495192308 0.2134068076923077 0.63976921875 0.21567834134615385 0.6841577091346154 0.22342522115384614 0.7420763293269231 0.21574703846153845 0.7834326370192308 0.2286668846153846 0.8141605697115384 0.2811636153846154 0.8075380144230769 0.33247773076923076 0.7932539158653846 0.3616341394230769 0.7471333365384615 0.3738824158653846 0.7156433557692308 0.3814648413461538 0.5996552692307693 0.39956749759615384 0.4865485841346154 0.4152434350961538 0.42522304086538465 0.42337326923076923 0.40703069230769234 0.4544109086538462 0.41997791826923075 0.4765494591346154 0.5379709711538462 0.4527284807692308
10 0.5145433966346153 0.5237280721153846 0.5331839783653846 0.5076255192307693 0.5258549134615385 0.48878207692307696 0.49751261778846156 0.5028124326923077 0.46311683653846153 0.5094169302884615 0.4051738221153846 0.5136904999999999 0.3865903653846154 0.49025443509615385 0.3599866177884615 0.48969183173076924 0.37143007932692307 0.5161191538461538 0.4238102355769231 0.5207618870192308 0.5145433966346153 0.5237280721153846