3 0.7390023846153846 0.7784376875000001 0.734210266826923 0.37349947596153843 0.40059642307692306 0.39454520673076926 0.36860432692307693 0.7918803894230769 0.7390023846153846 0.7784376875000001
1 0.3525107764423077 0.7136608677884616 0.38465141826923077 0.404958735576923 0.0863512860576923 0.4233303701923077 0.0560990048076923 0.725869375 0.3525107764423077 0.7136608677884616
13 0.48093200240384615 0.4881945889423077 0.4763986370192308 0.5022633894230769 0.4764083870192308 0.5123896610576923 0.47788887740384617 0.515029170673077 0.47629390865384613 0.5193114975961538 0.47881238461538456 0.5263426201923077 0.47658702884615384 0.5301639326923077 0.4771696754807693 0.5313684326923077 0.4789191610576923 0.5323884038461538 0.48224616105769236 0.5319674038461538 0.4843282956730769 0.5303765384615384 0.5054555889423077 0.5302595288461538 0.5109602043269231 0.5267607043269231 0.5177066033653847 0.5296187884615384 0.5262835985576924 0.5296641899038461 0.5313457115384616 0.5279174663461539 0.534529485576923 0.5297269086538462 0.537335954326923 0.5297036225961539 0.5407743485576924 0.5275478317307692 0.5409843100961539 0.5191390336538462 0.5385741490384615 0.5155601706730769 0.5407995072115385 0.5117388605769231 0.5400289711538462 0.5083212355769231 0.5413087475961539 0.5038083966346154 0.5383667596153846 0.49309450480769235 0.5388092668269231 0.49134239903846155 0.5433046418269231 0.48814334615384614 0.5419037235576923 0.4842647043269231 0.5398072139423077 0.483509875 0.534130625 0.48454775 0.5288965456730769 0.48383352163461535 0.5147574399038461 0.4779041610576923 0.5063077524038462 0.47587614182692306 0.49732008173076925 0.4770871971153846 0.48607522115384616 0.48261520913461536 0.48093200240384615 0.4881945889423077
4 0.580143951923077 0.42063952884615385 0.5721814302884616 0.42130297596153843 0.5694370793269231 0.42292847596153843 0.5470012668269231 0.4228669230769231 0.5434211875 0.42465963221153846 0.5421254975961538 0.42942029567307693 0.5417184110576924 0.4511771153846154 0.5444134807692308 0.4528886201923077 0.5528487908653846 0.4525709399038461 0.5607014543269231 0.4510487572115384 0.5779350144230769 0.44990042548076925 0.5798436370192308 0.4484421322115385 0.5824601706730769 0.4231118317307692 0.580143951923077 0.42063952884615385
15 0.4166101899038462 0.4517925673076923 0.4153781610576923 0.4555619278846154 0.42165330769230774 0.4554807211538462 0.46360040625 0.4420485793269231 0.4644073870192308 0.4371899759615384 0.4623427067307692 0.43593949278846156 0.45871642788461536 0.43588215625 0.44523337740384616 0.4402922572115384 0.4394294783653846 0.44331274759615386 0.42159427403846156 0.4486914567307692 0.4166101899038462 0.4517925673076923
15 0.42429960576923076 0.48621664663461533 0.42402907211538465 0.49042970432692307 0.42957834615384616 0.4913744423076923 0.44284014423076923 0.4878403966346154 0.46251877163461536 0.4845882259615385 0.4651214399038462 0.48259964182692305 0.4656435168269231 0.4796084038461539 0.46394177403846154 0.4778449447115385 0.4596691875 0.4775744182692308 0.42786376923076924 0.48467176442307697 0.42429960576923076 0.48621664663461533
15 0.41432065144230773 0.5105735408653846 0.41160658894230767 0.5142969110576924 0.41252034375 0.5154840913461538 0.4152313293269231 0.5169477692307692 0.4213488798076923 0.5167513125000001 0.4598544975961539 0.5106620072115384 0.46627287259615385 0.5083503605769231 0.47236167788461536 0.5034625072115385 0.46667071875 0.5021546850961538 0.4623663052884615 0.5023798149038462 0.44763839182692305 0.5056200480769231 0.41432065144230773 0.5105735408653846
14 0.45445359375 0.4457378990384615 0.4408386129807692 0.4599111850961538 0.43772824278846156 0.4672367067307693 0.4387980552884615 0.4711326706730769 0.4410044182692308 0.4727462379807692 0.45220153846153843 0.4679617043269231 0.4572985576923077 0.46053227884615383 0.4639238076923077 0.4549988822115385 0.4669705216346154 0.44866466826923074 0.4614864423076923 0.4441350985576923 0.45853829326923073 0.4437952980769231 0.45445359375 0.4457378990384615
14 0.41382526201923076 0.5748180552884615 0.40797670192307695 0.5733949783653846 0.3998073028846154 0.5772801754807693 0.3976296875 0.5803580024038462 0.39207887019230764 0.5820067860576923 0.39747054807692306 0.5828362692307693 0.40219846875 0.5862939134615385 0.41610502884615386 0.5855665841346154 0.4339992644230769 0.5869771418269231 0.4392985432692308 0.5841065360576922 0.44057677644230775 0.5821872235576924 0.4395069615384615 0.5782912620192308 0.4339433149038462 0.575000826923077 0.41382526201923076 0.5748180552884615
8 0.8885230288461539 0.6056880288461538 0.8897668798076922 0.5554830625 0.8883341298076922 0.5521000721153846 0.8869455336538461 0.5274732307692308 0.8852325 0.51817703125 0.8861703966346154 0.45218041105769236 0.8838331346153846 0.43204909375 0.8848136298076923 0.4270579182692308 0.8825656875000001 0.415813735576923 0.8841288269230769 0.4120270625 0.8827597331730769 0.4076527644230769 0.8836765697115384 0.4036528990384615 0.8815975168269231 0.40005671875000004 0.8814604567307692 0.39191306249999996 0.8794912596153845 0.38917561538461537 0.8705225817307691 0.38495179086538467 0.8635215600961538 0.3860589375 0.8589496923076924 0.38531007451923077 0.8470297860576923 0.38593350240384616 0.8378670600961539 0.3898706490384616 0.8297341129807693 0.3854796153846154 0.8280179951923077 0.3813704639423077 0.8256699495192308 0.37939381490384616 0.8190955192307693 0.3789966826923077 0.7333383990384615 0.3834818918269231 0.7293173557692308 0.3844331826923077 0.7267306009615384 0.3861739375 0.7228943605769231 0.3945254014423077 0.7193620192307691 0.39557462740384614 0.7085150072115384 0.39490696634615385 0.6737486057692308 0.3967252980769231 0.6441526322115384 0.40024916346153844 0.6427948293269231 0.4034076081730769 0.6425212163461538 0.4128077163461539 0.6405951370192308 0.41710736057692305 0.6414898966346154 0.4237294206730769 0.6402866105769232 0.4321901706730769 0.6403379423076923 0.4519470528846154 0.6415160721153845 0.45929527884615384 0.6402968701923076 0.46800385576923076 0.6399791033653847 0.49864781009615383 0.6415042548076924 0.5057308870192307 0.6397024038461538 0.5132349639423077 0.6408076346153847 0.5371356418269231 0.6397732379807692 0.553244389423077 0.638162358173077 0.5577745456730769 0.6411551658653847 0.5625579110576923 0.6403563942307693 0.5801363028846154 0.6414421225961539 0.5837844399038462 0.6398630649038461 0.5878189399038461 0.6409010528846154 0.5922105552884616 0.6382783581730769 0.6279149543269231 0.6468173605769232 0.6388301057692308 0.6429970336538461 0.6469337427884615 0.6457223894230769 0.6507431177884615 0.6421885120192308 0.6543858677884615 0.6438568870192308 0.6592385024038462 0.6413322475961538 0.6625814759615385 0.642070951923077 0.6664947548076923 0.6395303966346154 0.6700855528846154 0.6392598629807692 0.6742986081730769 0.642978545673077 0.6780560336538461 0.6395052427884615 0.6858945240384616 0.6409061610576923 0.6897731682692307 0.6397187908653846 0.69798609375 0.6409128341346153 0.7050864879807693 0.6390026706730769 0.7091383052884616 0.6384934278846154 0.7170687692307692 0.6398784375000001 0.7211952379807692 0.6376818245192308 0.7297079399038461 0.63936303125 0.739499798076923 0.6363799759615384 0.7448427019230769 0.6384590288461538 0.7484388846153845 0.6375103629807692 0.7529344038461538 0.637647423076923 0.7610780600961539 0.639112 0.7639653966346154 0.6381792475961539 0.7682130865384615 0.6411258581730769 0.7711464110576922 0.6463758533653846 0.7716128125 0.6483132235576924 0.7748459134615384 0.6456468990384615 0.7778258028846154 0.6404749326923077 0.7787137908653846 0.6378548100961539 0.7835437235576923 0.6378871442307692 0.808735483173077 0.6386433052884615 0.8098074110576923 0.6540144423076922 0.8119674158653846 0.6702865024038461 0.8103753846153846 0.6741961514423077 0.8111588822115384 0.691114514423077 0.8097800432692307 0.6960174903846154 0.8105115865384616 0.7069440721153846 0.8099401129807693 0.7119743557692307 0.8086890432692309 0.7161991995192308 0.8097030528846154 0.7334645841346153 0.8080590649038462 0.7373742331730769 0.8088425649038461 0.7546396201923078 0.8071985793269231 0.7592114855769231 0.8079474423076923 0.7632643533653846 0.8065005000000001 0.7698387860576923 0.8068976322115385 0.774553875 0.8054160528846155 0.7800713245192308 0.8068564447115385 0.7854804591346153 0.804844579326923 0.7956652548076922 0.8055468725961539 0.7985656634615383 0.8066301514423077 0.8025389663461537 0.80642234375 0.8062607307692308 0.8049927163461538 0.8121411153846154 0.8059201394230769 0.8230517836538461 0.8055964903846153 0.8267894615384616 0.8039190360576923 0.8399224062499999 0.8049611274038462 0.863935735576923 0.8035817043269231 0.8674362475961538 0.8030281298076923 0.86884025 0.8017197259615384 0.8899357163461539 0.8020983725961539 0.8951713389423077 0.8002190769230769 0.8963238028846153 0.7976888533653846 0.8978356129807692 0.7741452956730769 0.8955840817307692 0.7424007451923077 0.8941513317307692 0.7390177572115384 0.8942370649038461 0.7274045264423077 0.8922057524038463 0.7230648629807692 0.893853610576923 0.656290125 0.8923731201923076 0.6536506153846153 0.8921436562499999 0.6418068725961539 0.8903033100961538 0.6344932884615384 0.89093678125 0.6297672596153846 0.8885774423076923 0.6202578629807692 0.8896534158653846 0.6137797283653846 0.8885230288461539 0.6056880288461538
15 0.4636022043269231 0.5319393942307692 0.4630165552884616 0.5273581129807693 0.4266418918269231 0.5199735697115385 0.42341746875 0.5274526706730769 0.4636022043269231 0.5319393942307692
10 0.46348283413461544 0.5886061778846154 0.49509416826923075 0.5895882451923077 0.5334794326923077 0.5809922115384615 0.5861170552884615 0.5696742067307692 0.6181953990384615 0.5633845817307692 0.6310979495192307 0.5679805048076922 0.6376596322115385 0.56170771875 0.6239166634615384 0.5564969182692308 0.5930607764423077 0.5574518605769231 0.5413484711538461 0.5680626105769231 0.49476321394230766 0.5810405697115384 0.4459625576923077 0.5737102524038462 0.43335714903846156 0.5644868798076923 0.42545433653846154 0.5727278701923078 0.4428472283653846 0.5811204855769231 0.46348283413461544 0.5886061778846154
10 0.5635374230769231 0.5787612788461538 0.60074275 0.5748388677884615 0.621395420673077 0.5730680168269231 0.6265331153846153 0.5752699735576923 0.6152835432692307 0.5813256346153847 0.6283983413461538 0.5826162644230769 0.6395440024038461 0.57346834375 0.6278000625 0.5658151802884616 0.5843514615384615 0.5697665504807692 0.5585907475961538 0.5748703701923077 0.5398925408653846 0.5783189759615385 0.529865420673077 0.5803258221153846 0.5164322572115384 0.5839931802884615 0.5236835865384616 0.5841080528846153 0.5262895841346154 0.5833447764423076 0.5635374230769231 0.5787612788461538
10 0.26907519471153846 0.6154171754807692 0.31144144711538463 0.6270371201923077 0.3412022283653846 0.6294335937500001 0.3372551153846154 0.6223928125 0.31022762980769236 0.6185355913461539 0.2747116346153846 0.6098516129807693 0.23961149519230768 0.6083931754807692 0.19266139903846155 0.5996484086538462 0.17169483413461537 0.5836150360576923 0.1466538173076923 0.5625240480769231 0.13893803365384616 0.5319619399038461 0.14311465865384615 0.5080251129807692 0.1522146514423077 0.4759246802884615 0.18123725 0.4487118894230769 0.21088802163461537 0.4254192548076923 0.2541542764423077 0.40932065384615385 0.2906891153846154 0.4021390889423077 0.32793688942307697 0.3975555985576923 0.36665317548076926 0.3975072259615385 0.4001913341346154 0.4095888389423077 0.4251135745192308 0.418826875 0.45310882451923074 0.42131577403846154 0.4622678822115385 0.4294016826923077 0.4727198990384615 0.4533450264423077 0.47038297596153844 0.4263418774038461 0.4607655528846154 0.4116914831730769 0.44046096875 0.41275343990384616 0.4051572211538461 0.4007641802884615 0.3732573076923077 0.3905733822115385 0.32588271874999997 0.38843925 0.2886349495192308 0.3930227043269231 0.24743143028846154 0.4044015240384615 0.20803595432692307 0.4150269206730769 0.16938736057692308 0.44142549999999997 0.14671419951923076 0.46567087259615386 0.1335821298076923 0.4920525841346154 0.12561099038461537 0.5339766514423077 0.13576298557692307 0.5677055384615385 0.15966651201923077 0.5928090961538461 0.19551346153846155 0.6100407788461538 0.2338477091346154 0.6159419254807692 0.26907519471153846 0.6154171754807692
10 0.5201141418269231 0.7617276658653847 0.5481093942307692 0.7642165288461539 0.5739993942307693 0.7720862716346153 0.6006110312499999 0.7687178942307693 0.6073935264423077 0.7453036346153846 0.6266966634615384 0.7324349014423077 0.6118587235576923 0.7305755600961539 0.5959595576923077 0.7452428125 0.58955896875 0.7627074951923076 0.5634567235576923 0.7581430769230769 0.5233993317307692 0.7516731923076924 0.4924161009615385 0.7546113245192309 0.44474436538461537 0.7571046177884615 0.39804032692307695 0.7582296346153845 0.3410483798076923 0.741445079326923 0.30133921874999997 0.7158504567307692 0.2845320096153846 0.7035526249999999 0.2917390673076923 0.6735277235576922 0.31105076682692306 0.6468228605769231 0.33477652884615383 0.6198870120192308 0.3498353485576923 0.6046048749999999 0.3862938605769231 0.5849092644230769 0.41181909134615385 0.5710562235576924 0.43983154807692304 0.5458727740384616 0.45350674999999996 0.5247333774038462 0.47425992548076923 0.5150131394230769 0.4667999807692308 0.5095435841346154 0.4429555120192308 0.5246263870192307 0.42856724278846153 0.5431676971153846 0.4032881394230769 0.5668904951923077 0.37586996875 0.5828190649038462 0.3347427163461539 0.6067119086538462 0.31307969471153846 0.6289279134615384 0.2848125384615385 0.6580778076923077 0.2735310336538462 0.683045014423077 0.2771299110576923 0.7092105336538462 0.2969589855769231 0.7292564230769231 0.3222971442307693 0.7457200096153845 0.3523040504807692 0.7579863149038462 0.39395723798076926 0.7670081225961538 0.4553294206730769 0.7703867091346154 0.49632075480769233 0.7623132596153847 0.5201141418269231 0.7617276658653847
10 0.4223597115384615 0.7905587115384616 0.44980312740384615 0.8016414254807693 0.49911310336538467 0.8010389471153846 0.5488051923076923 0.7944869350961539 0.6155253028846153 0.7830912812499999 0.6404985576923077 0.7778320961538461 0.6438261995192308 0.7671165192307693 0.627477360576923 0.7613831490384615 0.6189039591346154 0.7578784975961538 0.6252448269230769 0.7687472331730769 0.6133862355769231 0.7752970048076923 0.5626840721153846 0.7838783966346153 0.5342643245192308 0.7880001706730769 0.4818814038461538 0.7953517524038461 0.4469510552884615 0.7912491009615384 0.42661259855769235 0.7791359591346154 0.40736395913461537 0.7687997836538462 0.4223597115384615 0.7905587115384616
10 0.6061884783653846 0.7229659687500001 0.5797466394230769 0.723690076923077 0.5384667908653846 0.7225548485576923 0.49613435096153846 0.7241100576923076 0.4656094230769231 0.7336126562499999 0.4322663052884615 0.7458980817307693 0.3894669254807692 0.7547249807692308 0.3873703774038461 0.7462696490384615 0.4049926875 0.7321711033653846 0.4136986682692308 0.7215394879807693 0.39112244230769233 0.728943483173077 0.37496857932692307 0.7475771105769231 0.3782789519230769 0.7645338990384616 0.4172923822115384 0.7598581105769231 0.4370962091346154 0.7528927403846153 0.46135653125 0.7450354567307692 0.4866695168269231 0.734487735576923 0.5027723629807692 0.7303513173076923 0.52387484375 0.7305652956730769 0.5493489855769231 0.731209516826923 0.5800350769230769 0.7328988125 0.6117313798076923 0.7325587235576924 0.6300667572115385 0.7210582692307692 0.634489375 0.7069912548076923 0.6242352812499999 0.7022567860576923 0.6232589495192309 0.7174612740384615 0.6061884783653846 0.7229659687500001
10 0.40186008413461544 0.7672536778846154 0.46521017548076926 0.7672345985576924 0.508595139423077 0.7629889615384615 0.5272615456730769 0.7600361298076923 0.5487036826923076 0.7549616274038461 0.571614204326923 0.7544222115384615 0.6087772115384615 0.7511608677884615 0.6292515216346154 0.7474546514423076 0.6226560913461537 0.7405523317307693 0.5899495817307693 0.7429217572115385 0.5561906754807693 0.747981610576923 0.5285688341346154 0.7533793221153846 0.40077368269230773 0.7567689567307692 0.39549881249999996 0.7480141442307692 0.38513777884615386 0.7536336826923077 0.40186008413461544 0.7672536778846154
10 0.6149826923076923 0.7093291466346153 0.5826583557692308 0.7057490336538461 0.5396978149038462 0.7033839903846153 0.5045976754807693 0.7019255576923077 0.4685808605769231 0.6873381923076922 0.44021226682692305 0.6769627500000001 0.41571444951923076 0.6611140961538461 0.3853679543269231 0.6541362692307692 0.36831468749999996 0.6319686514423076 0.3697579567307692 0.6094924735576923 0.3772959663461538 0.5880152259615385 0.3691556923076923 0.5640637788461539 0.35352250240384614 0.5452040144230769 0.36205074038461543 0.5650942115384615 0.3634681706730769 0.5841265528846153 0.36148169230769234 0.6013604206730769 0.3567194206730769 0.6207159206730769 0.3605305456730769 0.6435761177884616 0.38326270192307693 0.6595171490384615 0.4062920697115385 0.6708306706730769 0.4233964230769231 0.6785010769230768 0.4524780841346154 0.6914746057692308 0.4774427716346154 0.7000515769230768 0.49719557932692304 0.7075834615384615 0.5216595817307692 0.710257014423077 0.5524305 0.7106242091346153 0.5884135024038462 0.71203646875 0.6125379110576923 0.719998548076923 0.6240993629807693 0.7180761538461538 0.6149826923076923 0.7093291466346153
10 0.6264678125 0.6948927548076923 0.6250418100961539 0.6896966177884616 0.6144056706730769 0.690911733173077 0.5951025336538461 0.70378046875 0.5822763125 0.7116986177884616 0.5509534831730769 0.7199252788461539 0.5244266802884615 0.7219714975961539 0.4973567403846154 0.718775358173077 0.45742669951923076 0.7103222620192308 0.4338880072115385 0.7069414807692307 0.4035839591346154 0.6993026009615384 0.37546999519230767 0.6849607427884615 0.35177007932692306 0.6703880216346154 0.3368134230769231 0.656675735576923 0.3213559519230769 0.6370600168269231 0.3118234927884615 0.6210874855769231 0.30939591346153844 0.6040845769230769 0.3130630865384615 0.5880804735576923 0.33880056009615384 0.5709221370192308 0.3563380384615385 0.5581457259615384 0.3491992740384615 0.5460010504807692 0.34921381730769235 0.5437827307692308 0.3432232427884615 0.5568550937500001 0.3203040216346154 0.5712306730769231 0.31088163701923077 0.5809472932692308 0.29746106009615386 0.598120298076923 0.3003469423076923 0.6216877235576923 0.31071981490384615 0.63827515625 0.3366774423076923 0.6724951057692308 0.35453724519230767 0.6821025024038462 0.37726946875 0.6980435 0.41513670432692307 0.7112164158653846 0.45347095673076926 0.7171175889423077 0.48747605048076925 0.721927516826923 0.5213113509615385 0.7293817043269232 0.5504016490384616 0.7285190769230769 0.5780233581730769 0.7231213725961538 0.5962738389423077 0.7129430288461538 0.6066639831730769 0.7018581225961539 0.6264678125 0.6948927548076923
10 0.6206623076923077 0.6345827716346153 0.6288961129807693 0.6433759783653846 0.623845329326923 0.653522798076923 0.6072755408653846 0.6649309038461539 0.5825058317307692 0.6807209326923077 0.5515650456730768 0.6829980096153846 0.5286119423076923 0.6841984879807692 0.4948529038461539 0.6892583461538462 0.46832616346153844 0.6913046153846154 0.44541557932692305 0.6918439855769231 0.41376178846153844 0.6915230192307693 0.3855967427884615 0.6916783677884616 0.35747420673076924 0.6911727139423077 0.33948706009615387 0.6835484807692308 0.3244029927884616 0.6718193557692308 0.32445407692307693 0.6573221466346154 0.33922920432692305 0.6307530649038462 0.3311941923076923 0.6345689350961539 0.33085459855769234 0.6398574447115385 0.3159231225961538 0.6531564663461539 0.31023560096153846 0.6732192139423077 0.32317196634615386 0.6909902163461539 0.35755046875 0.7036867668269231 0.37705722355769233 0.7013488197115384 0.43271663701923074 0.6977789254807691 0.4694550865384616 0.7011282259615383 0.5128825024038461 0.6962215288461538 0.5431102860576923 0.6913463581730769 0.5782528725961538 0.6921437403846155 0.6007900576923076 0.6837176947115384 0.6256446658653847 0.6666055600961538 0.6382673461538461 0.6481565697115385 0.64340303125 0.6366876201923077 0.6289471322115384 0.6288787211538461 0.6206623076923077 0.6345827716346153
10 0.5483567764423077 0.6370467788461538 0.5255224495192308 0.6501002259615384 0.4932743076923077 0.6590341153846153 0.4682160889423077 0.6656154591346154 0.43365915384615383 0.6693993365384615 0.4009527740384616 0.6717688052884616 0.37799966826923076 0.67296928125 0.3447076418269231 0.6707573966346154 0.3298271850961539 0.6695591658653846 0.30535516346153846 0.6786303846153847 0.3247763990384615 0.679705983173077 0.3696723966346154 0.6793343629807692 0.42423676923076925 0.6791159591346154 0.47106815625 0.67600778125 0.5095807668269231 0.6654285336538461 0.5443074999999999 0.6590003966346154 0.5647905769230769 0.6414580144230769 0.5885076322115385 0.6283584014423076 0.6030232475961539 0.60783390625 0.6052134663461538 0.6011309206730769 0.6293464447115386 0.5952568221153846 0.62708003125 0.5894457572115385 0.6093389375 0.5916913822115385 0.5896200120192308 0.5973345649038462 0.5899933509615385 0.6052211706730769 0.5867507451923077 0.6146145576923077 0.5700536081730769 0.6280058798076923 0.5483567764423077 0.6370467788461538
10 0.47781690144230765 0.6394184158653846 0.4401445721153846 0.6506125240384615 0.40978943990384614 0.6574708798076923 0.3743497043269231 0.6613009759615385 0.34573501201923074 0.6493490552884615 0.3437485144230769 0.6582895721153845 0.37039403125000003 0.6680962980769232 0.41634255288461536 0.665034298076923 0.4538025721153846 0.6571454855769231 0.48844440384615384 0.6520394567307692 0.5227128317307692 0.639046875 0.5470156057692308 0.6305284855769231 0.5809444375 0.6228244158653846 0.6055019110576922 0.6103396298076923 0.6190836442307692 0.60435859375 0.627657048076923 0.6078631923076923 0.6324955889423076 0.6010216947115384 0.6214859735576923 0.5943502932692307 0.6024801153846154 0.6025915456730769 0.5719126682692308 0.6127552475961539 0.5376867524038461 0.6250868485576924 0.5038003725961538 0.63212984375 0.47781690144230765 0.6394184158653846
10 0.2732677043269231 0.7008475432692307 0.30560067307692307 0.6905915528846154 0.33709329807692306 0.679720625 0.37670101923076926 0.6657898846153846 0.4044925961538462 0.6577479134615385 0.4268599783653846 0.6519661826923078 0.46852186778846155 0.6471518269230769 0.5057696442307692 0.6425683605769231 0.5495367163461539 0.6323731586538461 0.5839662379807693 0.6305724471153845 0.6123435985576923 0.6271117475961538 0.6310098701923077 0.6241589278846154 0.6298723749999999 0.6097888341346154 0.6120974711538462 0.6172419663461538 0.5889745721153846 0.6210866850961538 0.5535772860576923 0.6242557524038461 0.511745670673077 0.6317142932692307 0.4673080432692308 0.6386504014423077 0.43182586538461537 0.6431414975961538 0.39415360096153845 0.6543356033653847 0.34205918750000003 0.6708959134615384 0.2961444735576923 0.6871330721153845 0.2476237596153846 0.7028476394230769 0.25153705528846154 0.6967133653846154 0.26091699038461535 0.6876577980769232 0.265882875 0.6788331370192308 0.23955975000000002 0.6914101947115385 0.22984022355769232 0.7057542451923078 0.23996703846153847 0.7124718701923077 0.2732677043269231 0.7008475432692307
6 0.2550190168269231 0.7932091153846154 0.32628052403846153 0.7795993894230769 0.3781798942307692 0.7386720865384616 0.37185629567307693 0.7001310360576922 0.3304239927884615 0.6739677283653845 0.28922904326923077 0.6715103701923077 0.24937526201923077 0.6755713485576924 0.1859317139423077 0.6907486610576924 0.15519453365384614 0.7035566274038462 0.11760716826923077 0.7134285985576923 0.11310654086538462 0.7154105721153846 0.117938125 0.7219762740384615 0.11904637740384616 0.7231229158653847 0.10520166826923077 0.7288918990384615 0.1172503076923077 0.7463894423076923 0.1704052860576923 0.7818223173076924 0.2550190168269231 0.7932091153846154
6 0.13443290384615383 0.5610145576923077 0.18016127403846155 0.50657425 0.21650971153846152 0.4611895 0.25357971153846154 0.40456667307692307 0.2896223653846154 0.3776455432692308 0.3365047716346154 0.36004012259615387 0.3720208317307692 0.3687240865384615 0.41976019471153847 0.39258099759615384 0.42629968990384615 0.38826099759615385 0.37434695192307693 0.35990262740384615 0.3369803990384615 0.35263313942307695 0.2784940961538461 0.372822 0.23781657932692307 0.4171154615384615 0.20260563461538464 0.45848765625 0.17092601201923077 0.49967515865384615 0.13255728365384617 0.5491186899038462 0.10263388221153846 0.5931643173076924 0.11461352644230768 0.6052749471153847 0.13443290384615383 0.5610145576923077