3 0.5631995216346154 0.5921670096153846 0.6111916466346154 0.19798325721153848 0.24347765625 0.15121258413461539 0.2316369879807692 0.5590253846153846 0.5631995216346154 0.5921670096153846
1 0.8758795985576923 0.614376875 0.91826315625 0.3151965048076923 0.6239398701923077 0.2792266442307692 0.5794319302884615 0.5842946899038461 0.8758795985576923 0.614376875
13 0.49287792067307695 0.4613744423076923 0.4915185048076923 0.4584803269230769 0.4932749975961539 0.4544354326923077 0.4910665913461539 0.4469580528846154 0.49342907932692304 0.44347915384615383 0.49290086778846154 0.44217359615384616 0.49120845192307694 0.4408636153846154 0.4878932596153846 0.44074531971153846 0.48576413221153847 0.44200554326923075 0.4648165576923077 0.43868465384615385 0.4592166610576923 0.44130569471153847 0.4526462788461538 0.43733483653846156 0.4441460528846154 0.43589327884615386 0.43905658413461535 0.4368251706730769 0.43597475 0.43448820673076927 0.43319184134615385 0.43405485336538463 0.4296951466346154 0.43566219230769226 0.4291425 0.4440803125 0.43138497836538464 0.44806994951923074 0.4290224903846154 0.45154884375000004 0.42964627163461533 0.45510955528846153 0.42819277403846157 0.45943744951923077 0.4306701033653846 0.47068557692307694 0.4301596754807692 0.47237472836538463 0.4255724879807692 0.4748586971153846 0.42680225961538465 0.47898540624999997 0.42884953365384615 0.4800853509615385 0.4345190673076923 0.4799659807692308 0.43967817548076926 0.4815357596153846 0.4534508605769231 0.4897969543269231 0.46174366346153844 0.49321066346153847 0.4707024615384615 0.49345610576923077 0.48207560576923075 0.4897296177884615 0.4874025048076923 0.48495844230769236 0.4924726971153846 0.4715546826923077 0.49287792067307695 0.4613744423076923
4 0.3969963245192308 0.5361578149038462 0.41923367307692305 0.5398711514423077 0.4228559375 0.5386518341346154 0.42433536298076924 0.5340774182692308 0.4256303028846154 0.5122743100961539 0.42302889663461535 0.5101153269230769 0.41465424038461535 0.5090617860576923 0.4068077884615385 0.5093138076923076 0.3896776875 0.5076632908653846 0.38772598798076924 0.5088184951923077 0.38409448076923075 0.5338539783653846 0.3862891778846154 0.5367160408653846 0.3942093413461538 0.5373450745192307 0.3969963245192308 0.5361578149038462
15 0.5448231538461539 0.5274892427884615 0.5026920649038462 0.53416390625 0.5016930649038461 0.5389163028846153 0.5036884783653846 0.5405092836538462 0.5072807403846153 0.5411571009615385 0.5208267283653846 0.5389185793269231 0.5267036899038462 0.5368270552884615 0.5446035072115385 0.534323233173077 0.5496711177884616 0.53201725 0.5510468245192308 0.5284289086538462 0.5448231538461539 0.5274892427884615
15 0.5384379495192307 0.49012003605769233 0.5251471778846154 0.4915139855769231 0.5055071634615385 0.4915802475961539 0.5028457524038461 0.4931555288461539 0.5022056778846153 0.4960772716346154 0.5038203100961538 0.4981268125 0.5080444951923077 0.4990941105769231 0.5398629350961538 0.49713643750000003 0.5434592668269231 0.4961636370192308 0.5439000552884615 0.4919728173076923 0.5384379495192307 0.49012003605769233
15 0.5563347860576923 0.4686618894230769 0.5537074471153847 0.46674942548076925 0.5476352740384616 0.46595125721153846 0.509216451923077 0.46580520673076925 0.5027594206730769 0.46708420913461535 0.49652353125 0.47100638461538463 0.5021112067307693 0.47324718269230764 0.5063872475961538 0.4737214423076923 0.5211192956730769 0.47286143750000004 0.5543490072115385 0.47330484134615386 0.557191920673077 0.4700039278846154 0.5563347860576923 0.4686618894230769
14 0.5293702692307692 0.5130562211538462 0.5284694254807693 0.5089659927884616 0.5263484399038462 0.5069849903846154 0.515053079326923 0.5099719230769231 0.5096961802884615 0.5166102307692307 0.502902076923077 0.5210939783653846 0.4996224495192308 0.5269650985576922 0.5048730528846154 0.532410641826923 0.50778153125 0.5332320168269231 0.5119101514423077 0.5319441586538461 0.5259869254807692 0.5199134206730769 0.5293702692307692 0.5130562211538462
14 0.5714686778846154 0.4086152211538462 0.5737533798076924 0.4058758822115385 0.5793232716346154 0.4051219735576923 0.5740126682692307 0.40341069230769233 0.5694677019230769 0.3991656850961538 0.5556527956730769 0.3976334639423077 0.5379726298076923 0.39330329326923075 0.5326020216346155 0.39532628125 0.5312563124999999 0.39704748557692304 0.5321571586538462 0.40113771634615386 0.5375374038461538 0.4053506634615385 0.5574722692307692 0.40880862740384616 0.5632114447115385 0.41119093028846154 0.5714686778846154 0.4086152211538462
8 0.08617668990384615 0.35441700480769234 0.08654415865384615 0.37939722836538464 0.08786135576923078 0.38902031971153844 0.0842276658653846 0.45520568028846153 0.08571970673076924 0.4758215264423077 0.08454327884615384 0.48067894230769226 0.08631089903846155 0.49234714423076925 0.08460626442307692 0.49589900240384616 0.08578417788461537 0.50051875 0.08471146874999999 0.5043900889423077 0.08662502403846153 0.5083432427884615 0.08642722836538462 0.516551329326923 0.08826706971153847 0.5196234278846154 0.09698436538461538 0.5253287692307692 0.10396960576923077 0.5253553221153846 0.10847085817307692 0.526852139423077 0.12031220913461538 0.5281654711538462 0.12955622596153846 0.5256992091346153 0.13743823798076923 0.5314366057692308 0.13897100721153846 0.5358463149038462 0.1412175625 0.5382153389423077 0.14771830528846153 0.5396845264423077 0.23291023798076924 0.5491332307692308 0.2369351418269231 0.5488314495192308 0.23957062499999998 0.5475026875 0.24371553365384616 0.5397323798076923 0.24726001201923076 0.5392526177884616 0.2579849399038462 0.5416891033653847 0.2925222091346154 0.5455196586538462 0.3220040865384615 0.5467943605769231 0.32347943990384614 0.5438405600961539 0.32413580048076923 0.5344363581730769 0.32622122115384616 0.5304279471153847 0.3256055913461538 0.5236260096153846 0.3271450168269231 0.5153173293269231 0.3279036033653846 0.4954498918269231 0.3270368341346154 0.4878719158653846 0.32860218990384615 0.47931671634615386 0.3301727091346154 0.44856596634615387 0.3289510841346154 0.44119802884615383 0.33104465144230766 0.4339483870192308 0.33092831971153847 0.4097442019230769 0.3326136826923077 0.3937204735576923 0.3343961033653846 0.3894290576923077 0.3316254134615385 0.3841338653846154 0.3331374230769231 0.3665945408653846 0.33221064663461536 0.3627508317307692 0.33394121153846157 0.3589524567307692 0.3330922211538461 0.3543691875 0.337154875 0.3189069471153846 0.32913765865384614 0.3065455961538462 0.33325663701923075 0.29902180528846156 0.33071116105769227 0.2947491682692308 0.33436342307692307 0.29166272115384617 0.33290843750000004 0.2865134543269231 0.33554799519230766 0.28356407932692307 0.3349760769230769 0.2795103317307692 0.3376415625 0.2763144375 0.33808235096153844 0.2721236153846154 0.3345500913461539 0.2677415360576923 0.33831421634615383 0.26042778125 0.3370844447115384 0.2563010721153846 0.3385979423076923 0.2482389110576923 0.33770524278846153 0.24090745432692307 0.3397647331730769 0.23714556009615384 0.34059444951923074 0.22925695673076923 0.33939060336538457 0.22488372596153847 0.3419168125 0.21668449278846152 0.3406514759615385 0.20656836538461537 0.34382738701923077 0.20168331971153847 0.3419138317307692 0.1977301658653846 0.34303840144230774 0.19336578846153846 0.3432361947115385 0.18515770192307693 0.3419027067307692 0.1820170673076923 0.34300134855769226 0.17789921153846155 0.34020065384615383 0.17447114903846156 0.33501561778846156 0.17314788701923078 0.33322763221153845 0.16958275240384615 0.3359927620192308 0.1670213966346154 0.3411559423076923 0.1669705625 0.34395107211538456 0.16254207451923078 0.3449511634615385 0.13721473798076922 0.3442455264423077 0.13601419951923077 0.3290971298076923 0.13134134375 0.31290195192307696 0.13029330528846156 0.30905855288461537 0.12886945432692307 0.2922314471153846 0.12750193509615385 0.2874012644230769 0.12596863701923075 0.2765466947115385 0.12476474759615384 0.2715090841346154 0.12520360096153846 0.2673626826923077 0.12349674759615385 0.25018072836538463 0.12233926442307694 0.24633732451923077 0.12091541346153846 0.22915536778846152 0.11975793028846154 0.22465411298076926 0.11826111538461538 0.2205773533653846 0.11905593269230769 0.21407661057692307 0.11758674519230769 0.20934199759615385 0.11830859855769231 0.20393175240384617 0.11596278125 0.19848742548076923 0.11710470913461538 0.18842035336538462 0.11474118990384616 0.18558965865384616 0.11318025961538461 0.18164254086538462 0.11274248317307692 0.17789470673076924 0.11357378125 0.17210367548076924 0.11168451923076923 0.16127503605769228 0.11023411298076922 0.1575012716346154 0.11131193028846154 0.14452571875 0.1081270360576923 0.12066559134615384 0.10560538942307693 0.11717296875 0.10559211057692308 0.11572762259615385 0.10667878125000001 0.09483190625000001 0.10286485336538462 0.08956500961538462 0.10390176201923076 0.08831894471153846 0.1062575048076923 0.08585572115384615 0.1296768028846154 0.08678696634615385 0.161952 0.08806859615384616 0.16558567307692307 0.08750780048076923 0.17724502403846154 0.08934356971153846 0.18193773557692308 0.08497424038461537 0.24878968990384615 0.08633365624999999 0.2516838076923077 0.08607586057692308 0.26362615865384614 0.08760048317307692 0.27127709855769233 0.08677891346153846 0.27592447355769234 0.08872803124999999 0.2858670456730769 0.08739603605769232 0.29220357451923074 0.08818502163461539 0.3005211033653846 0.08489506250000001 0.35078333173076925 0.08617668990384615 0.35441700480769234
15 0.5425205096153847 0.4618508846153846 0.546023201923077 0.454857875 0.5063732451923078 0.4438078100961539 0.5067660769230768 0.44850810336538466 0.5425205096153847 0.4618508846153846
10 0.43911605048076924 0.3831286129807693 0.3864744206730769 0.3859383028846154 0.3544185336538461 0.38703965865384615 0.34181696875 0.380320045673077 0.33505558653846157 0.38555735817307696 0.3484650360576923 0.3930318052884615 0.3790905697115384 0.3970937692307693 0.4307859903846154 0.3948443990384615 0.4774961298076923 0.38938113701923077 0.52557025 0.4046917620192308 0.5376876754807692 0.41601439903846155 0.5458591177884615 0.4090169735576923 0.5289619807692307 0.3977502235576923 0.508813295673077 0.38686732692307696 0.47751827403846153 0.38073538221153846 0.43911605048076924 0.3831286129807693
10 0.35164320432692303 0.3767853221153846 0.3466405961538461 0.3737358076923077 0.3580400288461538 0.3694797091346154 0.3450926490384615 0.36604794951923075 0.33366952403846156 0.3734292139423077 0.34499733894230766 0.3830333125 0.38822837740384614 0.38613283653846153 0.41397322115384616 0.3851952139423077 0.43264942307692306 0.3847719350961538 0.4426711971153846 0.38438663942307694 0.4561373004807692 0.3828865793269231 0.4489540048076923 0.38159094711538466 0.4463394951923077 0.38193404326923075 0.4092291634615384 0.3804790985576923 0.37218806249999997 0.3783665697115385 0.35164320432692303 0.3767853221153846
10 0.6316987355769231 0.36573009615384616 0.63532290625 0.3734496971153846 0.6619563125 0.3817256418269231 0.6968063365384616 0.39623482932692305 0.7315401778846155 0.40341341586538465 0.777721954326923 0.41984462740384615 0.7978484951923076 0.43937327884615385 0.8218066899038461 0.4646488341346154 0.8282029134615385 0.49662479326923076 0.8230820360576924 0.5200056899038462 0.8127463125 0.5507911274038462 0.7828622307692308 0.5734212091346154 0.752516076923077 0.5920086177884616 0.7089681033653845 0.6011488389423078 0.6724580961538462 0.6024214447115385 0.635347829326923 0.6009665072115384 0.5969676850961538 0.5947139879807692 0.5642174302884615 0.5771114879807693 0.53989134375 0.5637695264423077 0.5122425600961539 0.5567114783653846 0.5034947860576924 0.5470930937499999 0.4941150480769231 0.5213248100961538 0.49532519951923076 0.5488479783653847 0.5042583846153846 0.5651394086538462 0.5244291442307693 0.5673765625 0.5589333557692308 0.5851735889423076 0.5901371394230769 0.6006088629807692 0.6370105504807693 0.6104643293269231 0.6741208125 0.6119193052884616 0.7154306899038462 0.6071875673076923 0.7549174423076923 0.6029188894230769 0.7943100961538462 0.5826738822115385 0.8177786129807691 0.5619931850961538 0.8318768942307693 0.5376122740384616 0.8414961105769231 0.49676865625000005 0.8328147019230769 0.46121304326923074 0.8101484663461539 0.4320892908653846 0.7753205889423077 0.4089343221153846 0.7375629086538461 0.3967636850961539 0.702621579326923 0.3915578173076923 0.6611014158653846 0.3729825841346154 0.6316987355769231 0.36573009615384616
10 0.4067793822115385 0.18445137259615382 0.3802621466346154 0.18350608173076924 0.3725795673076923 0.20593759615384616 0.3529177620192308 0.21573127884615387 0.3675499350961538 0.2200151394230769 0.3839111875 0.20785963221153844 0.39097143269230766 0.19134631490384615 0.41665870432692304 0.20018252884615384 0.4561011778846154 0.21320528846153847 0.4869341995192308 0.21529453365384615 0.53429175 0.2205469951923077 0.5806339975961539 0.2270173221153846 0.6364405240384615 0.2531642379807692 0.6747542379807693 0.2853539879807692 0.6909108004807692 0.30045083653846155 0.6825365192307692 0.32945809134615384 0.6622993365384615 0.35315807932692306 0.6376771802884615 0.37637185336538465 0.6221237427884615 0.38928219230769234 0.5851766778846154 0.40314599999999995 0.5593067908653846 0.4129164278846154 0.5305071730769231 0.43367106971153846 0.5160852860576923 0.4526941538461538 0.4951151057692308 0.45908705769230773 0.5022858052884616 0.4657990240384615 0.5265399951923077 0.4545189302884615 0.5415622740384616 0.43822342548076926 0.5675925625 0.41849213221153847 0.5954238966346154 0.4069435192307692 0.6371708942307692 0.3896206153846154 0.6595549447115385 0.3708153822115384 0.6887695480769231 0.3461152283653846 0.7009754735576923 0.3228549567307692 0.6984800649038461 0.29596836298076923 0.6796454783653847 0.2725915673076923 0.6552031442307692 0.2519189879807692 0.6259608725961539 0.23470555528846154 0.5850410961538461 0.2188579543269231 0.524343326923077 0.2054734639423077 0.48337920673076923 0.20691726682692307 0.45976962499999996 0.20363347596153847 0.4321208389423077 0.19657546394230768 0.4067793822115385 0.18445137259615382
10 0.48219789423076925 0.16753680048076922 0.4326713413461538 0.16603523317307692 0.36606703125 0.16663102403846153 0.34109639903846156 0.1678529735576923 0.33735878605769226 0.1780824014423077 0.35332993749999997 0.18650623076923076 0.36168487019230766 0.19142434615384613 0.35584469230769233 0.1794674014423077 0.36786807211538464 0.1748137548076923 0.4184790216346154 0.17443983413461536 0.4468194471153846 0.17492210096153846 0.49904609134615385 0.17605790384615386 0.5335032860576923 0.18586674759615385 0.553167826923077 0.20135266826923076 0.5718248701923077 0.21487506009615384 0.557851576923077 0.19056299278846153 0.5311019134615385 0.17495649038461536 0.48219789423076925 0.16753680048076922
10 0.43997228846153846 0.240022 0.4819987403846154 0.2453484254807692 0.5126464158653846 0.24076465384615384 0.5462016875 0.2338423269230769 0.5889889350961538 0.23193543990384613 0.5907207451923078 0.2407757283653846 0.5726746971153847 0.2520791394230769 0.5636091586538462 0.2613488389423077 0.5862915697115384 0.2575808629807692 0.6030678004807692 0.24147991346153846 0.6004810841346153 0.22389664423076922 0.5616168028846154 0.22224711778846154 0.5417005456730769 0.2260254110576923 0.5173301730769231 0.22997493028846155 0.4918061009615385 0.23645748317307694 0.4756744134615385 0.23799453365384615 0.45476499759615385 0.23434498076923077 0.42953972596153844 0.22955146875 0.39919084134615385 0.22285922115384615 0.36775742067307693 0.21804244471153847 0.34911098317307687 0.22661827403846152 0.3441506442307692 0.24003826442307694 0.35412120673076924 0.24646609375 0.3557119615384616 0.23134185817307693 0.37285888461538463 0.2285869375 0.39909946394230766 0.23216253605769233 0.43997228846153846 0.240022
10 0.47123970192307696 0.20424039423076923 0.4526153389423077 0.20417050721153848 0.4311525528846154 0.20578151682692306 0.4084200168269231 0.20259500000000003 0.3714479471153846 0.19982486778846154 0.35100059615384616 0.20021802884615386 0.3572556298076923 0.20822947115384613 0.38977357932692314 0.21117082692307693 0.42344496394230774 0.21157912019230768 0.4510467283653846 0.21064898798076925 0.5778646682692308 0.2280406971153846 0.5827347740384615 0.23769929326923078 0.5932355600961539 0.2337369591346154 0.5772173269230769 0.21732492788461538 0.51441971875 0.20703376923076922 0.47123970192307696 0.20424039423076923
10 0.4379665552884615 0.2590916754807692 0.4727003942307692 0.26627025961538464 0.5078049927884616 0.2867948798076923 0.535500735576923 0.3018410288461538 0.5591352596153846 0.3217587259615385 0.5889308341346153 0.33371159134615386 0.6049269278846153 0.35876932692307695 0.6025753774038461 0.381126875 0.5942232451923076 0.4014883942307692 0.6013111009615385 0.4268885817307692 0.6160350456730769 0.4483902355769231 0.6083962211538462 0.42700916105769227 0.607770951923077 0.40764768269230767 0.6104461802884615 0.39064796875 0.6159598870192308 0.3719674158653846 0.6131186634615384 0.34836869711538465 0.5912381658653846 0.32864551201923076 0.568873454326923 0.3135254014423077 0.55223275 0.30303155288461536 0.5239366153846153 0.28525782451923076 0.4995413653846154 0.2725734423076923 0.4802696610576923 0.2617877884615385 0.4561288509615385 0.2551188485576923 0.42564171153846153 0.24974174038461536 0.39003082692307695 0.24246587980769232 0.36644332692307696 0.23053632451923076 0.3549040793269231 0.23058701923076924 0.3635827548076923 0.24086302403846152 0.39547810576923076 0.2497225 0.4379665552884615 0.2590916754807692
10 0.3634001418269231 0.25946961778846156 0.3830619519230769 0.24967593509615385 0.39610057451923075 0.24380431490384616 0.42748690625 0.2406329423076923 0.4538658774038461 0.2428934206730769 0.480568454326923 0.25051177403846153 0.5198034350961538 0.2655072764423077 0.5429980384615385 0.2727365096153846 0.5727244495192307 0.2853469375 0.6000052764423077 0.3043385793269231 0.6229011466346154 0.3228438846153846 0.6371653629807692 0.33906131971153847 0.6516841514423077 0.36129423798076926 0.6604789423076922 0.37890081490384614 0.6621886826923077 0.3963867716346154 0.6578978293269231 0.4118768221153846 0.6316821274038461 0.42493509615384617 0.6137743413461538 0.43492334375 0.6203531730769231 0.44829268509615383 0.6202478701923078 0.45052011298076927 0.6267217187499999 0.43835510336538464 0.650029766826923 0.42763531009615385 0.6597679663461539 0.4194019326923077 0.6737749399038461 0.4043243173076923 0.6718798581730769 0.38016530048076924 0.6622771875000001 0.36180386057692304 0.6379483004807691 0.3231822548076923 0.6206381057692307 0.3106184447115385 0.5987575384615385 0.29089527884615385 0.5617607259615385 0.27149126682692304 0.5240030456730769 0.2593206033653846 0.490492 0.2489514110576923 0.4572576081730769 0.23595190865384616 0.42838602644230767 0.23208450480769233 0.4007843942307692 0.23301464903846153 0.38227628125 0.24027534375 0.37152271153846156 0.24972657932692308 0.3516064567307692 0.2535048701923077 0.35280711057692304 0.25895996875 0.3634001418269231 0.25946961778846156
10 0.3525110480769231 0.2955156394230769 0.3694035288461538 0.28674528125 0.3946038581730769 0.27490488701923077 0.42536772115384613 0.2776516971153846 0.44816955048076923 0.2801806658653846 0.48184106730769233 0.2805889735576923 0.5082199783653846 0.2828493942307692 0.5309525721153846 0.28603596875 0.562316764423077 0.29151030528846156 0.5902422019230769 0.2959380576923077 0.6180984134615385 0.30102331971153845 0.6356160961538462 0.3116144326923077 0.6500878677884615 0.32585918509615386 0.6494432572115384 0.3404230721153846 0.6337085913461539 0.3647249158653846 0.6418297716346154 0.36219701442307695 0.6423830745192307 0.3569364206730769 0.6577290312499999 0.34599872596153847 0.6641888822115385 0.3267578509615384 0.6520936009615385 0.30678950721153847 0.6185355360576923 0.288432125 0.5991033533653846 0.28760740625000003 0.5437837764423077 0.28213710096153843 0.5075034014423078 0.27279123076923073 0.4642542211538461 0.2706554230769231 0.4340906875 0.27063618990384614 0.3992876826923077 0.26411516826923076 0.37660209615384616 0.2689168341346154 0.3512634447115385 0.2820723557692308 0.3379951201923077 0.29856241826923074 0.3324343870192308 0.30925485096153843 0.34644409134615384 0.31945686778846155 0.3548902668269231 0.31507168028846155 0.3470886418269231 0.30489292307692306 0.3525110480769231 0.2955156394230769
10 0.4821675432692307 0.31122646875000004 0.5072765673076923 0.3086893461538462 0.5416867331730769 0.3105100985576923 0.5742045552884615 0.3134513918269231 0.5970063870192308 0.31598035817307696 0.6299170336538461 0.32362202163461534 0.6446184423076923 0.3272482692307692 0.6692484038461538 0.32211299038461544 0.6500408485576923 0.31787099278846154 0.6055217211538462 0.3109376346153846 0.5514249326923077 0.3022767235576923 0.5048751971153846 0.2977790865384615 0.4662654855769231 0.3021450673076923 0.43157866586538457 0.30295462259615386 0.4105557355769231 0.31725409374999997 0.3865091009615385 0.32656147836538457 0.3712793341346154 0.3448297019230769 0.3688336129807693 0.3512108966346154 0.34467072836538465 0.3531876971153846 0.3466792596153846 0.35939768509615383 0.3643574206730769 0.36002783894230767 0.3841353413461538 0.35756475 0.38408839182692306 0.34957658894230764 0.3876875384615385 0.34066234855769234 0.4047875144230769 0.3299192451923077 0.4266652788461539 0.32436277644230765 0.449835 0.31495813221153846 0.4821675432692307 0.31122646875000004
10 0.5648592548076923 0.32638509374999997 0.6001464038461538 0.32830306249999996 0.6280215048076924 0.34497389663461536 0.6303569615384615 0.3363104399038462 0.6043459495192308 0.3221163798076923 0.5586732572115385 0.3177160216346154 0.5212171778846154 0.3195489591346154 0.4866686826923077 0.3190433846153846 0.45216721153846157 0.32652592788461543 0.42772767067307693 0.33113306249999996 0.3937795072115385 0.33335501201923073 0.3689249831730769 0.3419076081730769 0.35521681490384616 0.3457091322115385 0.34686187500000004 0.34079106971153844 0.3417852836538462 0.3468804759615385 0.3524254110576923 0.35537821875 0.3716029375 0.35018757451923077 0.4023198485576923 0.3449461995192307 0.43675210096153844 0.33812113701923074 0.4706310985576923 0.33655677403846157 0.4966862668269231 0.33345935576923075 0.5344882283653847 0.32833857692307694 0.5648592548076923 0.32638509374999997
10 0.6378321201923077 0.3158516754807692 0.5979995432692308 0.3234082524038462 0.5701211875 0.3269686995192308 0.5477122644230769 0.32914000721153847 0.5062169735576924 0.3271987235576923 0.4691067091346154 0.3257437596153846 0.4253041586538462 0.32886853605769234 0.3911015456730769 0.32507509615384617 0.36283022596153847 0.32393523557692305 0.34420599278846153 0.3238653605769231 0.3447447908653846 0.3384949158653846 0.36266982451923074 0.33389612740384617 0.38574830528846155 0.3337948125 0.4209662932692308 0.3363703197115384 0.46273816346153845 0.3356813629807692 0.5070718822115384 0.3359416778846154 0.5424281850961539 0.33720213221153844 0.5802300817307692 0.33208134615384616 0.6325480384615385 0.3239138293269231 0.678727016826923 0.31506537740384616 0.7274678317307692 0.3071663485576923 0.7233373822115384 0.3126954591346154 0.7136683413461539 0.3202712692307692 0.7083842716346154 0.3283333701923077 0.7349928052884616 0.3199753894230769 0.7452151466346154 0.30713900961538465 0.7354520024038462 0.2987384783653846 0.7019658990384615 0.3050031923076923 0.6694951033653846 0.3100499927884615 0.6378321201923077 0.3158516754807692
6 0.5995196778846154 0.24990835817307694 0.6042089639423077 0.28967794951923076 0.6442074711538462 0.3227197716346154 0.6849419663461538 0.3318943894230769 0.7246140745192308 0.3342986730769231 0.7881253822115385 0.32936839903846155 0.8191188822115384 0.3214967067307692 0.8567824519230769 0.31769107692307696 0.8613249783653847 0.31643133653846156 0.8568045961538462 0.3090453221153846 0.8557530024038461 0.30771237980769234 0.8697131658653846 0.3041668052884615 0.8584866538461539 0.2846178125 0.8072476370192307 0.24035058894230768 0.7238394086538461 0.2151338581730769 0.6526426466346155 0.21721605528846155 0.5995196778846154 0.24990835817307694
6 0.748409045673077 0.5551384038461539 0.7093428701923077 0.6060209206730769 0.6725119879807693 0.6272153028846154 0.6253177091346154 0.6372816057692308 0.5904676177884615 0.6227724206730769 0.5441226394230769 0.5910224399038462 0.5374632596153845 0.5943004735576923 0.5878003870192308 0.6312609326923078 0.6245427596153846 0.6446494951923077 0.6833454471153846 0.6338749447115385 0.7254824807692307 0.5959726971153846 0.7620809927884615 0.5601171346153846 0.7951714591346154 0.5238724879807692 0.8352308725961539 0.48041777163461535 0.8666975625 0.4410143894230769 0.8553187283653846 0.42689140625 0.8338590264423077 0.46815510817307693 0.7862995192307692 0.51543465625 0.748409045673077 0.5551384038461539