9 0.3985615072115385 0.701554233173077 0.3983134927884615 0.6956018509615384 0.3963293653846154 0.68832671875 0.3905009927884615 0.6798941802884616 0.38430059615384615 0.6755952379807693 0.37363591346153846 0.6785714278846153 0.3691716274038462 0.6812169302884615 0.36483134855769234 0.68766534375 0.36408730048076926 0.6942791009615384 0.36458333413461536 0.7134589951923077 0.3680555552884615 0.7260251322115384 0.37388392788461544 0.733134920673077 0.3809523798076923 0.7349537043269231 0.384548610576923 0.7344576730769231 0.3926091274038462 0.7273478846153847 0.39682539663461536 0.7167658725961539 0.3985615072115385 0.701554233173077
4 0.45783730048076926 0.6850198413461539 0.4573412692307692 0.6744378317307693 0.4549851201923077 0.670304233173077 0.4525049591346154 0.6693121682692307 0.44680059615384615 0.6693121682692307 0.4443204375 0.670634920673077 0.4274553581730769 0.670304233173077 0.42509920673076923 0.673115079326923 0.4238591274038462 0.7114748677884616 0.4267113100961539 0.7166005288461539 0.43204365144230766 0.7170965600961539 0.45052083413461536 0.7166005288461539 0.4553571418269231 0.7141203701923077 0.45634920673076923 0.7111441802884616 0.45783730048076926 0.6850198413461539
4 0.5089285721153846 0.669477514423077 0.5021081346153846 0.6630291009615384 0.49888392788461544 0.6656746033653846 0.4944196418269231 0.6669973533653846 0.49094742067307695 0.6656746033653846 0.4862351201923077 0.6666666658653846 0.478298610576923 0.6650132283653847 0.47619047596153846 0.6681547620192307 0.4759424591346154 0.7071759254807692 0.4785466274038462 0.7116402115384616 0.4853670625 0.7121362427884615 0.5021081346153846 0.7113095240384616 0.5068204374999999 0.7093253966346154 0.5089285721153846 0.7065145504807693 0.5089285721153846 0.669477514423077
15 0.35701884855769234 0.5459656081730769 0.35280257932692305 0.545304233173077 0.3514384927884615 0.5477843918269231 0.3521825408653846 0.5547288365384616 0.35590277884615384 0.56200396875 0.36483134855769234 0.5864748677884616 0.3690476201923077 0.5897817451923077 0.3720238100961539 0.5874669302884615 0.37152777884615384 0.5811838629807693 0.35887896875 0.5487764543269231 0.35701884855769234 0.5459656081730769
15 0.4238591274038462 0.62483465625 0.4217509927884615 0.6230158725961539 0.39099702403846154 0.6240079375 0.388888889423077 0.6274801586538461 0.38913690384615385 0.6327711634615384 0.39384920673076923 0.6340939158653847 0.42150297596153846 0.6329365072115384 0.423611110576923 0.6314484134615385 0.42435515865384615 0.6268187836538461 0.4238591274038462 0.62483465625
15 0.45845734134615385 0.6233465600961539 0.4561011899038461 0.6264880961538462 0.4568452379807692 0.6314484134615385 0.45969742067307695 0.6332671947115384 0.498263889423077 0.6337632283653847 0.50049603125 0.628472221153846 0.5002480168269231 0.62549603125 0.49838789663461536 0.6236772475961538 0.45845734134615385 0.6233465600961539
10 0.48127480048076926 0.6180555552884616 0.4821428581730769 0.6168981490384616 0.4823908725961538 0.6119378317307692 0.4813988100961539 0.6089616394230769 0.4785466274038462 0.6068121682692308 0.47185019951923074 0.6087962956730769 0.4629216274038462 0.6091269831730769 0.459201389423077 0.610780423076923 0.4430803581730769 0.6101190480769231 0.4396081346153846 0.6084656081730769 0.43315972115384616 0.6094576730769231 0.4118303581730769 0.6084656081730769 0.4068700408653846 0.6094576730769231 0.38826884855769234 0.607804233173077 0.38417658653846154 0.6102843918269231 0.38417658653846154 0.6172288365384616 0.3867807548076923 0.6213624326923076 0.4092261899038461 0.6228505288461539 0.42943948317307695 0.621693122596154 0.45572916586538464 0.6226851850961539 0.47011408653846154 0.6210317451923076 0.48127480048076926 0.6180555552884616
14 0.5238095240384616 0.5081018509615385 0.5214533725961539 0.5049603173076923 0.5193452379807693 0.5074404759615384 0.5186011899038461 0.5117394182692308 0.5200892860576923 0.5180224855769231 0.515625 0.5256283076923076 0.5153769831730769 0.545469576923077 0.5141369038461538 0.5577050264423077 0.5176091274038461 0.5676256610576923 0.5218253966346154 0.5686177259615385 0.5275297620192307 0.5593584663461538 0.5292658725961539 0.5289351850961539 0.5260416658653846 0.5203373004807692 0.5238095240384616 0.5081018509615385
3 0.1676587067307692 0.5013227524038462 0.16932576201923075 0.8994215288461539 0.6146882620192308 0.8597274663461539 0.607745 0.5011577379807692 0.1676587067307692 0.5013227524038462
1 0.26066465865384614 0.08630952403846154 0.2536371586538462 0.47601814423076927 0.611712610576923 0.4866032163461539 0.6127044951923077 0.12803351442307692 0.26066465865384614 0.08630952403846154
0 0.23280730048076922 0 0.21495309134615384 0.02482896153846154 0.20800982932692308 0.04070660817307692 0.20106649278846153 0.06981556009615385 0.42307593269230764 0.10205745192307693 0.41630857692307693 0.09363201201923076 0.41492170913461535 0.06958254086538461 0.4500330769230769 0.06981556009615385 0.45036371875 0.07334400240384616 0.45300880288461537 0.05393794951923077 0.4570894110576923 0.05502660576923077 0.45995206490384616 0.015567014423076923 0.4559845288461538 0 0.23280730048076922 0
0 0.53930396875 0.4178001658653846 0.5700528918269231 0.4918957788461539 0.6017936225961539 0.54349803125 0.6156802211538461 0.5461443100961538 0.63268846875 0.5244709014423077 0.6146882620192308 0.47469502884615383 0.6057612331730768 0.3979531346153846 0.5760042692307692 0.30401053846153847 0.5561662932692307 0.26431647596153846 0.5353364326923077 0.21139106009615385 0.524425485576923 0.18360526201923077 0.5204579519230769 0.16375823076923077 0.5184741081730769 0.14391119951923076 0.5115308485576923 0.10818648076923076 0.5006199759615385 0.08569319471153847 0.4678872860576923 0.05790734615384615 0.4570894110576923 0.05502660576923077 0.4569764134615385 0.056584206730769235 0.4515209495192308 0.08569336298076924 0.4569764134615385 0.14391119951923076 0.4748305456730769 0.20874477884615386 0.49367663942307694 0.2629933605769231 0.5214498365384616 0.32253445432692307 0.53930396875 0.4178001658653846
6 0.6642832019230769 0.07113869951923077 0.6434534182692307 0.04996852884615385 0.6146882620192308 0.030121497596153846 0.5819556466346154 0.01953641105769231 0.543271579326923 0.007628223557692308 0.4847495336538462 0.007628223557692308 0.4569764134615385 0.01953641105769231 0.4242437235576923 0.055261064903846156 0.4202761129807693 0.07775437740384615 0.4456935817307693 0.09470704326923077 0.44689912980769225 0.09411273317307692 0.47879815625 0.061876742788461545 0.5313688245192307 0.04996852884615385 0.5631095552884615 0.04996852884615385 0.6107207283653846 0.08701633413461538 0.6414696514423077 0.11612530048076922 0.672218423076923 0.16243503846153845 0.6861050961538461 0.20477538221153846 0.7009835793269231 0.2735784350961538 0.6910645913461538 0.33179636298076925 0.6904485769230769 0.33453543028846155 0.6970158942307693 0.38869122596153843 0.6880888653846153 0.4230927283653846 0.6885633942307692 0.44335043509615385 0.7009835793269231 0.4244158413461539 0.7218133629807693 0.3463508822115384 0.7317323509615385 0.2973948629807692 0.7237971298076923 0.19815970673076924 0.7109025673076924 0.16111192307692307 0.6999916201923077 0.13729547115384616 0.6642832019230769 0.07113869951923077
6 0.4331708269230769 0.3582590721153846 0.45300880288461537 0.42970840384615383 0.49268475480769236 0.4535248317307692 0.5472391899038461 0.4799875408653846 0.5918746346153847 0.48528010096153845 0.62460725 0.4866032163461539 0.6474464399038461 0.47409035096153845 0.65337240625 0.4601405096153846 0.6562428990384616 0.43552494711538464 0.6652751610576922 0.42970840384615383 0.6791616850961538 0.3847217788461539 0.6904485769230769 0.33453543028846155 0.6861050961538461 0.2987179783653846 0.672218423076923 0.23653067788461538 0.6603156682692308 0.19815970673076924 0.6365101562500001 0.15184996634615386 0.6146882620192308 0.12803351442307692 0.5769961538461538 0.09760140865384616 0.53930396875 0.08304691346153846 0.48276576682692307 0.07643123557692308 0.44689912980769225 0.09411273317307692 0.44606554086538464 0.09495512740384617 0.4456935817307693 0.09470704326923077 0.43713843750000003 0.09892454807692307 0.4153166177884616 0.11877157932692307 0.4143247355769231 0.22065299278846154 0.42126807211538464 0.3013642572115385 0.4331708269230769 0.3582590721153846