7 0.46367362259615386 0.38894718509615384 0.421944858173077 0.38719832211538463 0.41915052163461536 0.3901713894230769 0.4150521610576923 0.41815319951923074 0.4150521610576923 0.42130115384615385 0.41710134134615384 0.4239244495192308 0.4293964230769231 0.42532354086538465 0.5264530552884615 0.4268975168269231 0.5298062596153846 0.39506820673076926 0.5298062596153846 0.3905211610576923 0.52812965625 0.38894718509615384 0.46367362259615386 0.38894718509615384
4 0.20547689903846156 0.38440013942307694 0.1846125192307692 0.38614900240384614 0.18330849519230769 0.38807275240384614 0.1825633389423077 0.4160545649038462 0.19169150480769231 0.41867786057692313 0.2175856923076923 0.41920251923076923 0.22019374038461537 0.41290661057692307 0.22093889663461536 0.38807275240384614 0.21814456009615385 0.38614900240384614 0.20547689903846156 0.38440013942307694
4 0.26583457451923076 0.3857992307692308 0.23938151923076922 0.3864987764423077 0.2373323389423077 0.3922700240384615 0.23695976201923077 0.41745365624999997 0.2460879278846154 0.4204267235576923 0.26378539423076924 0.4206016081730769 0.27216840625 0.4204267235576923 0.2734724302884616 0.41920251923076923 0.27570789903846155 0.38842252644230774 0.26583457451923076 0.3857992307692308
14 0.2138599110576923 0.3002798173076923 0.2138599110576923 0.28663868509615387 0.2088301033653846 0.28051766346153845 0.20454545432692306 0.2820916394230769 0.20119225000000002 0.28663868509615387 0.20044709375 0.2915355024038461 0.2023099855769231 0.3002798173076923 0.2023099855769231 0.31322140625 0.20417287740384615 0.3163693605769231 0.20976155048076925 0.32056663221153847 0.21348733173076925 0.31811822355769226 0.21535022355769232 0.31497026923076926 0.21572280288461537 0.3086743605769231 0.2138599110576923 0.3002798173076923
14 0.24925484375 0.2670514158653846 0.24124441105769232 0.26302903125 0.2380774951923077 0.26495278125 0.23621460576923076 0.2701993701923077 0.23621460576923076 0.27579573317307693 0.24031296634615387 0.28454004807692307 0.24366617067307692 0.29783140865384616 0.25186289182692306 0.3023784543269231 0.25521609615384616 0.2992305 0.25633382932692306 0.29013641105769233 0.25223546875 0.28174186778846155 0.24925484375 0.2670514158653846
15 0.2423621466346154 0.4812871634615385 0.2380774951923077 0.4839104591346154 0.2380774951923077 0.48915704807692306 0.2503725793269231 0.523434766826923 0.2527943365384615 0.5264078341346153 0.25633382932692306 0.5269324927884615 0.25856930048076926 0.5255334038461539 0.2581967211538462 0.5185379495192307 0.24627421875 0.4839104591346154 0.2423621466346154 0.4812871634615385
15 0.18833830048076922 0.47499125480769233 0.1847988076923077 0.47936341346153843 0.18368107211538462 0.48635886778846155 0.18666169951923078 0.4909059110576923 0.19150521634615383 0.509443860576923 0.19597615384615383 0.5178384038461539 0.20063338221153845 0.5222105625 0.20491803365384614 0.5230849951923077 0.20529061057692305 0.51399090625 0.19448584134615385 0.48286113942307696 0.1926229519230769 0.47866386778846154 0.18833830048076922 0.47499125480769233
15 0.45044709374999997 0.4972018197115385 0.4444858413461539 0.5174886322115385 0.4448584206730769 0.5230849951923077 0.4465350216346154 0.5246589711538461 0.45156482932692305 0.5248338581730769 0.45678092307692303 0.5150402235576923 0.4554768990384615 0.4781392091346154 0.45193740625 0.4856593221153846 0.45044709374999997 0.4972018197115385
15 0.47298807692307687 0.48933193509615386 0.4696348725961539 0.49003147836538463 0.46833084855769236 0.4923050024038461 0.46833084855769236 0.5227352211538462 0.4724292091346154 0.5178384038461539 0.47690014903846156 0.4954529567307692 0.4765275697115384 0.4909059110576923 0.47298807692307687 0.48933193509615386
15 0.33867362259615386 0.49440363701923074 0.3371833076923077 0.5143406778846153 0.3392324879807692 0.51591465625 0.3431445600961539 0.5160895408653846 0.3450074519230769 0.51399090625 0.3453800288461538 0.5097936346153846 0.34184053605769227 0.49282966105769227 0.33867362259615386 0.49440363701923074
10 0.46944858413461543 0.5230849951923077 0.46944858413461543 0.5020986370192307 0.4653502235576923 0.47096887019230765 0.46833084855769236 0.4629240985576923 0.4638599110576923 0.4611752355769231 0.4601341274038461 0.4527806923076923 0.4554768990384615 0.44945785336538463 0.4485842019230769 0.45348023798076925 0.44672131249999997 0.458726826923077 0.44746646875 0.4629240985576923 0.4545454543269231 0.46712137019230765 0.45529061057692305 0.4716684158653846 0.4575260793269231 0.5146904519230769 0.45491803365384614 0.5591115769230769 0.45156482932692305 0.5682056658653847 0.4472801778846154 0.5725778245192308 0.44225037259615385 0.5640083942307692 0.4390834567307692 0.5620846442307692 0.4331222067307693 0.5631339639423077 0.42995529086538464 0.5678558942307692 0.43032786778846155 0.5727527115384615 0.44709388942307693 0.5923399783653847 0.45156482932692305 0.5923399783653847 0.4526825625 0.5856942980769231 0.45864381490384615 0.5800979374999999 0.46646795913461536 0.5615599855769231 0.46944858413461543 0.5230849951923077
10 0.6508941874999999 0.4391395600961538 0.6542473918269232 0.4254984254807692 0.6538748149038462 0.4048618389423077 0.64716840625 0.38072752644230773 0.6192250360576923 0.3163693605769231 0.6043219086538462 0.2747464158653846 0.6015275697115384 0.2707240288461538 0.5981743677884616 0.2700244831730769 0.595752608173077 0.27124868750000003 0.5942622956730769 0.27509618750000003 0.6058122211538461 0.30797481730769233 0.6385991057692307 0.3866736610576923 0.642324889423077 0.3982161586538462 0.6449329350961539 0.4160545649038462 0.643815201923077 0.4275970625 0.6400894182692307 0.4387897860576923 0.6285394927884614 0.46187478125 0.59985096875 0.503147954326923 0.5812220576923077 0.5269324927884615 0.5808494783653846 0.5314795384615384 0.5832712379807693 0.5330535144230769 0.5860655745192308 0.5328786298076923 0.5903502235576923 0.5309548798076923 0.5942622956730769 0.5262329495192307 0.6348733245192307 0.4692200072115385 0.6508941874999999 0.4391395600961538
10 0.5868107307692307 0.4206016081730769 0.5901639350961538 0.3926197980769231 0.5894187788461539 0.37688002884615385 0.5808494783653846 0.32931094711538467 0.5756333822115385 0.3128716346153846 0.5625931442307692 0.28733823076923076 0.5605439639423077 0.2857642524038461 0.5560730264423077 0.2857642524038461 0.5540238461538461 0.29083595673076923 0.5678092403846153 0.3184679951923077 0.5778688533653846 0.3674361658653846 0.5797317427884615 0.3964672956730769 0.5756333822115385 0.4237495625 0.5685543966346154 0.4394893317307692 0.5635245913461538 0.44386149038461536 0.5523472427884616 0.4456103533653846 0.5258941875 0.44456103605769226 0.5230998509615384 0.4468345576923077 0.5242175865384615 0.4506820576923077 0.5262667668269231 0.45225603365384615 0.5430327860576922 0.45435466826923077 0.5573770480769231 0.4541797836538462 0.5706035769230768 0.4501573966346154 0.5789865865384616 0.44088842307692305 0.5845752596153846 0.4289961514423077 0.5868107307692307 0.4206016081730769
13 0.31426974759615384 0.45155648798076925 0.3178092403846154 0.4503322836538462 0.3189269735576923 0.4468345576923077 0.31631892788461535 0.44403637740384616 0.3174366610576923 0.44018887740384616 0.3168777932692307 0.4312696754807692 0.3109165432692308 0.4274221754807692 0.2904247403846154 0.42217558653846154 0.27812965625 0.4246239951923077 0.2712369591346154 0.42969569711538463 0.2671385985576923 0.4387897860576923 0.2671385985576923 0.44403637740384616 0.2697466466346154 0.4510318293269231 0.27216840625 0.4540048966346154 0.2792473918269231 0.45820216826923077 0.28874813701923074 0.46047568990384613 0.30495529086538464 0.45890171394230767 0.3075633389423077 0.4547044423076923 0.3127794326923077 0.453655125 0.31426974759615384 0.45155648798076925
5 0.5398592115384615 0.8232998798076923 0.5110512620192308 0.6432312908653847 0.5289320024038461 0.49021965624999997 0.4981373293269231 0.4295747740384615 0.41469364182692303 0.4295747740384615 0.4435015913461538 0.5154106057692307 0.43356782211538464 0.6236383485576924 0.3978062644230769 0.7542581274038462 0.4226406899038461 0.88767675 0.5935015096153846 0.9744455817307693 0.879594204326923 0.9669815697115385 0.9819119182692309 0.874614764423077 0.9987994495192307 0.6590922620192308 0.9709848605769231 0.575122451923077 0.8338987980769231 0.5741894663461539 0.8335816971153847 0.5738603245192307 0.778269625 0.7738509975961538 0.7544286370192308 0.8363618629807692 0.6451571610576923 0.8848777980769231 0.5398592115384615 0.8232998798076923
2 0.1027733125 0.25079940865384615 0.17230970432692308 0.3263722956730769 0.19416396875 0.29651628365384614 0.17727659134615384 0.23213945192307694 0.1027733125 0.18269053365384616 0.21303814903846152 0.1892215264423077 0.3133692139423077 0.1425716298076923 0.32230962259615387 0.014750927884615385 0.24780634615384617 0 0.0052160721153846155 0.007228634615384615 0 0.2293404278846154 0.014362740384615384 0.23680443990384617 0.1027733125 0.25079940865384615
3 0.16045700721153844 0.2613967596153846 0.1355547091346154 0.5422766153846154 0.6143624134615384 0.5684005504807692 0.6292630673076923 0.25304728365384616 0.16045700721153844 0.2613967596153846
1 0.14555387740384615 0.5575376009615385 0.12462757692307692 0.8296399615384615 0.4931704447115385 0.8800218629807692 0.5239651177884616 0.5870605072115385 0.14555387740384615 0.5575376009615385
10 0.18621692307692309 0.5219415625 0.2557533149038461 0.5741894663461539 0.31436257692307695 0.6003134014423077 0.35310429567307694 0.605911375 0.4166804423076923 0.6068443942307693 0.4385347067307693 0.6133753870192308 0.4345611826923077 0.5965813966346154 0.42760757451923076 0.5975144158653847 0.38985921634615384 0.5984473990384616 0.33919700240384615 0.5900504375 0.27264077163461536 0.5667254903846154 0.19913085576923079 0.51820959375 0.17826995192307693 0.48368866346153844 0.1882037235576923 0.4538327235576923 0.2209851201923077 0.45010077163461537 0.24979306971153845 0.46782769230769233 0.2716474086538462 0.48555466586538465 0.2747143341346154 0.4735921658653846 0.23290568990384616 0.44356974278846156 0.17826995192307693 0.44543578125 0.16237593509615383 0.48182266105769234 0.18621692307692309 0.5219415625
10 0.04416405288461538 0.45289972115384614 0.03721036778846154 0.4976836322115385 0.05707790865384615 0.5424675240384615 0.11171364423076922 0.576988454326923 0.2060844639423077 0.5947154278846154 0.24283945913461538 0.5975144158653847 0.3034354447115385 0.5975144158653847 0.3441638870192308 0.5975144158653847 0.3481374110576923 0.5825864278846153 0.2964818341346154 0.5835194471153846 0.23191232692307692 0.5853854495192308 0.18323683653846154 0.5797874399038462 0.10575339903846154 0.56392646875 0.06899847836538461 0.5415345408653847 0.05310446153846154 0.5032816057692308 0.051117661057692304 0.4622297019230769 0.0898593798076923 0.44356974278846156 0.12462757692307692 0.4398377548076923 0.15542224999999998 0.4547657596153846 0.19714413221153848 0.4715596802884615 0.21204478605769234 0.48368866346153844 0.2175856706730769 0.4735921658653846 0.19515733173076924 0.4631627019230769 0.12661430048076922 0.4305077764423077 0.09283954326923077 0.4305077764423077 0.04416405288461538 0.45289972115384614
10 0.42661421394230764 0.3791928918269231 0.41767380288461536 0.37359489903846155 0.37595199759615383 0.3941208966346154 0.3699916754807692 0.4286417908653846 0.3640314278846154 0.47249268028846153 0.36899831490384616 0.50794659375 0.37893208413461543 0.5489985168269231 0.38648780528846155 0.5342194254807692 0.38290560817307695 0.48835365384615387 0.37595199759615383 0.4584977139423077 0.39085265384615386 0.403450875 0.42661421394230764 0.3791928918269231
10 0.3233029855769231 0.4986166153846154 0.33323675480769227 0.5517975024038462 0.34714404807692306 0.5881844350961538 0.398799625 0.618973360576923 0.42661421394230764 0.6105763629807692 0.4435015913461538 0.5900504375 0.42959429807692306 0.5779214375 0.41370028125 0.605911375 0.3739651995192308 0.5965813966346154 0.35111757211538464 0.5667254903846154 0.34317052644230767 0.5238075673076923 0.3521109350961539 0.4771576706730769 0.38389896874999996 0.43703876923076923 0.40177978605769227 0.4277087884615384 0.4166804423076923 0.4519667379807692 0.4225037019230769 0.43628308413461536 0.4027731490384615 0.4090488317307692 0.3779387235576923 0.4230438004807692 0.34714404807692306 0.4566317283653846 0.3233029855769231 0.4986166153846154
10 0.2974751971153846 0.4799566586538461 0.27860101923076924 0.5275395721153846 0.28555462740384613 0.5657924711538461 0.28555462740384613 0.59191640625 0.29846856009615386 0.5909834230769231 0.29846856009615386 0.5396685384615385 0.3203228245192308 0.47435868509615386 0.3540976586538462 0.4249097860576923 0.38687912980769235 0.391321875 0.4187779206730769 0.4024717283653846 0.4107201947115385 0.3801258918269231 0.3640314278846154 0.39318786057692307 0.32230962259615387 0.4398377548076923 0.2974751971153846 0.4799566586538461
6 0.09780642788461538 0.9063367067307693 0.17926331490384614 0.9455226610576923 0.25177986778846156 0.9231306971153846 0.30244208173076925 0.8979397115384615 0.32826987019230774 0.858753826923077 0.3103890528846154 0.85782084375 0.28456126442307694 0.898872766826923 0.2567467548076923 0.9072696899038462 0.18025667548076924 0.9296616538461537 0.09283954326923077 0.8942077764423076 0.04813757451923077 0.8400938701923076 0.02429651201923077 0.7785160216346154 0.033236920673076924 0.6842832115384615 0.06701167788461539 0.6283033389423077 0.08275009134615385 0.6193907860576923 0.08566659134615384 0.5999118413461538 0.03423028125 0.6376333173076923 0.017342826923076923 0.7029432427884615 0.00939585576923077 0.7803819903846154 0.03820380528846154 0.8550218221153846 0.09780642788461538 0.9063367067307693
6 0.21204478605769234 0.8932747211538461 0.27462749519230767 0.8886097331730769 0.3262831466346154 0.8167689230769231 0.32826987019230774 0.7178711225961538 0.30740896875 0.6367003341346155 0.2547599543269231 0.59191640625 0.18919708413461536 0.5676584735576923 0.10950979807692307 0.5838896394230769 0.101779875 0.604978391826923 0.10052349278846154 0.6093258341346154 0.08275009134615385 0.6193907860576923 0.07694544951923077 0.6581592788461539 0.06601831730769231 0.7178711225961538 0.09383290384615385 0.7654540384615385 0.12462757692307692 0.8382279014423077 0.21204478605769234 0.8932747211538461
0 0.16045700721153844 0.5213944278846154 0.16038913461538462 0.5200755961538461 0.14846864182692307 0.5275395721153846 0.1882037235576923 0.5741894663461539 0.18522356250000002 0.605911375 0.20211101682692306 0.6618912475961539 0.22297191826923074 0.7160051562499999 0.2527732307692308 0.7654540384615385 0.26469372355769233 0.8195679447115385 0.25523643990384615 0.8647205336538462 0.2689040216346154 0.8667495793269231 0.27264077163461536 0.8456918437500001 0.2716474086538462 0.7906449519230769 0.24979306971153845 0.7383970841346154 0.2219785576923077 0.6852161971153846 0.20111757932692306 0.6367003341346155 0.2040977403846154 0.5993804182692307 0.18323683653846154 0.5545964903846154 0.16045700721153844 0.5213944278846154
0 0.28456126442307694 0.8904757716346154 0.2974751971153846 0.94179065625 0.3620447043269231 0.9753785649038461 0.4315810985576923 0.9875075673076924 0.4842300360576923 0.9763115504807692 0.5239651177884616 0.9455226610576923 0.5547598653846154 0.9054037235576923 0.36439944471153846 0.8809265336538462 0.5418459350961539 0.9072696899038462 0.513037985576923 0.9501876514423077 0.45542216105769234 0.9707135769230769 0.3918460168269231 0.9772445336538461 0.34317052644230767 0.9539195865384615 0.2994619206730769 0.9184657091346153 0.2944950360576923 0.8736817788461538 0.28654806490384616 0.8736817788461538 0.28456126442307694 0.8904757716346154
10 0.2140315096153846 0.6012463846153846 0.19714413221153848 0.67402025 0.2070779014423077 0.7421290889423078 0.23389905048076923 0.8130369158653846 0.2637003629807692 0.8643518004807693 0.32826987019230774 0.900738733173077 0.37893208413461543 0.8904757716346154 0.3978062644230769 0.8671508245192308 0.3799254471153847 0.8615528509615384 0.34714404807692306 0.8811457908653846 0.29846856009615386 0.8634188173076923 0.25078643028846154 0.8065059591346154 0.22595200480769229 0.74399509375 0.21303814903846152 0.66002528125 0.23091888942307692 0.6143083701923077 0.27264077163461536 0.5657924711538461 0.2994619206730769 0.5434005432692308 0.3034354447115385 0.5014156370192308 0.3272765096153846 0.48648764903846153 0.3094883028846154 0.4770898918269231 0.28555462740384613 0.4948846442307693 0.28555462740384613 0.5331375456730769 0.2617136394230769 0.5601944975961538 0.2140315096153846 0.6012463846153846
15 0.3132140865384615 0.49574443269230767 0.3014487211538462 0.5135446033653847 0.30641560576923077 0.519142576923077 0.3132140865384615 0.49574443269230767