3 0.8853894639423078 0.8501753293269231 0.8935671923076923 0.5731038605769231 0.33844636778846154 0.4845484927884615 0.32566895673076923 0.7460027716346154 0.8853894639423078 0.8501753293269231
1 0.7862285360576924 0.5425895192307693 0.7895365240384616 0.28354583894230767 0.35283622836538464 0.22768781009615385 0.3378277379807692 0.47693692548076927 0.7862285360576924 0.5425895192307693
6 0.6075032788461538 0.17658816346153847 0.6408518100961539 0.2121112596153846 0.6300323149038461 0.21700228846153846 0.5962482884615384 0.21895350240384617 0.6225341274038462 0.22834153846153848 0.6411561538461539 0.22862498076923077 0.6567111947115385 0.21525503365384616 0.6244299735576924 0.17463003124999998 0.5702092019230769 0.15230234374999999 0.5002859831730769 0.14752085817307692 0.44446993028846155 0.1703894278846154 0.4002476826923077 0.24183823557692305 0.40796189182692305 0.3080750528846154 0.4141187451923077 0.30131356249999997 0.41784855528846154 0.29538964423076924 0.4142777451923077 0.24653647115384617 0.4365180288461538 0.19458287740384617 0.49867248317307694 0.16809703365384615 0.5399315096153846 0.1554616201923077 0.6075032788461538 0.17658816346153847
6 0.6202596730769231 0.29277948557692307 0.589485108173077 0.23460726682692307 0.5435985624999999 0.20238861778846154 0.48949718028846156 0.2018147860576923 0.46205533653846154 0.2251776658653846 0.41784855528846154 0.29538964423076924 0.41846591346153844 0.3038359014423077 0.42200218509615384 0.3156671923076923 0.4115719831730769 0.32787559134615385 0.4556779807692308 0.43099167067307687 0.4949756538461539 0.4990617764423077 0.5871185961538461 0.5530187427884615 0.6420985432692308 0.52870190625 0.65738784375 0.44745026201923077 0.6507337451923078 0.3594669471153846 0.6202596730769231 0.29277948557692307
0 0.8472149663461538 0.3481019375 0.8597874567307693 0.41922931490384613 0.8516688774038462 0.47328302403846156 0.8357477644230769 0.5221622379807692 0.7880809759615384 0.5403800096153846 0.7139202716346154 0.5551048966346154 0.6439788341346154 0.5257033341346153 0.6132080528846153 0.4925600576923077 0.6280849783653846 0.4481277139423077 0.642129579326923 0.42727601923076924 0.6828761802884615 0.4040220384615385 0.7259924471153846 0.3890430769230769 0.7670433942307693 0.38230281490384616 0.8091616466346154 0.3704606706730769 0.7607474495192308 0.35958110576923075 0.7110078389423078 0.33597965865384616 0.6660499495192307 0.3025892451923077 0.6425923269230769 0.26334688701923076 0.6054600240384616 0.23447592548076923 0.5871616802884615 0.22502221875 0.5806615072115384 0.23322463461538462 0.6172350769230769 0.25278707211538465 0.6340037139423077 0.2804430480769231 0.6568795504807692 0.3110318894230769 0.6802177211538462 0.32852037500000003 0.7158395841346153 0.3499096033653846 0.7383416490384616 0.36594980048076925 0.7718251153846154 0.37251382211538464 0.7245282451923077 0.38025131009615387 0.6725422091346154 0.3951576947115385 0.6379720985576923 0.41937951201923074 0.6105071370192308 0.44339739903846154 0.6058910408653846 0.4736302091346154 0.6176698774038462 0.5169703076923077 0.6568443125 0.5382576153846154 0.701359204326923 0.559064391826923 0.7526978846153847 0.5624984951923077 0.8261843221153846 0.5417402475961539 0.8584310072115385 0.5079333197115384 0.8715662908653846 0.4625694375 0.8716511995192308 0.4098914495192308 0.8589900216346155 0.36641306730769235 0.8388037475961538 0.3099000144230769 0.7848565649038461 0.2546831274038462 0.7381107980769231 0.2216711971153846 0.6750433076923077 0.19861589663461537 0.5884332836538462 0.18899621875 0.5385124975961538 0.19566387259615384 0.5032218822115385 0.21516231249999998 0.4624984014423077 0.23776127163461538 0.4084046514423077 0.2872453581730769 0.3885109567307692 0.3229879134615385 0.3622326850961538 0.36365778125 0.352045 0.40092123798076923 0.33997702403846153 0.44118324038461537 0.3545973798076923 0.47547990865384615 0.3632382668269231 0.41057886538461535 0.3756761658653846 0.35983655288461536 0.39724207451923077 0.3269906033653846 0.4406088774038462 0.2797775096153846 0.5017384158653846 0.23205451442307692 0.5577856682692308 0.20263576923076923 0.6148347211538462 0.19510915625 0.6906483052884614 0.20896484615384617 0.7437555961538462 0.23770447115384613 0.7799823629807693 0.26709218028846154 0.8176039735576922 0.30723671634615385 0.8472149663461538 0.3481019375
12 0.48770020192307695 0.5981906971153846 0.4855656394230769 0.5926709254807693 0.4798391971153846 0.58992171875 0.47451461057692307 0.5946430432692308 0.4692766947115385 0.5969087620192307 0.46460019951923076 0.5974105625 0.45866061778846157 0.5959860096153846 0.4549631514423077 0.592320141826923 0.4537780721153846 0.5881837451923076 0.45778087019230773 0.5690574735576923 0.4475166153846154 0.5628810961538462 0.41214071153846155 0.556350125 0.3944882163461539 0.5567939759615385 0.38909783653846153 0.5586654254807693 0.3797535096153846 0.5594234663461538 0.367257375 0.564626 0.35684734375000005 0.5720073149038462 0.3516752235576923 0.5771229086538462 0.3446663894230769 0.5871359879807693 0.34197710576923074 0.5973320913461538 0.34239787019230766 0.6136946610576923 0.3447680264423077 0.6219674567307693 0.35354896634615385 0.6371708533653847 0.36625272596153846 0.6496555384615385 0.37956990384615386 0.6589029447115385 0.3936529735576923 0.6653073389423076 0.40799252163461536 0.6691592740384615 0.42438705048076925 0.6713578701923077 0.4383732019230769 0.6710802716346154 0.46016165625 0.6665930552884615 0.4779043701923077 0.6588792403846154 0.4834854375 0.6516054567307693 0.48823994230769235 0.6488936129807693 0.4953094519230769 0.6371616105769231 0.49725884375 0.6290718389423078 0.49674273798076923 0.6154104350961538 0.4927958870192307 0.6046683076923076 0.48770020192307695 0.5981906971153846
15 0.3953285673076923 0.5565552788461539 0.3991560456730769 0.5565377355769231 0.40071894951923076 0.5546838293269231 0.40353824519230774 0.5408043173076923 0.40757728846153846 0.5300789615384616 0.40736769471153844 0.5265892572115385 0.4055778605769231 0.5254445817307692 0.4005877596153846 0.5254034038461538 0.39658693028846154 0.5303321538461538 0.3912257019230769 0.5502332427884615 0.39208850961538466 0.5540722235576923 0.3953285673076923 0.5565552788461539
15 0.6343010697115384 0.6401753581730769 0.6731995120192308 0.64590025 0.6763997836538462 0.64479675 0.6771743389423077 0.6417081754807692 0.6741040865384615 0.6391282692307693 0.6337120793269231 0.633292798076923 0.6257955240384615 0.6313115408653847 0.6184975096153846 0.6306618028846154 0.6162987283653846 0.6316753149038461 0.6162033846153846 0.6343764783653847 0.6189340336538461 0.6371500913461539 0.6343010697115384 0.6401753581730769
15 0.751024375 0.6424158317307692 0.74702196875 0.6379614254807693 0.7424234807692307 0.6362531826923077 0.6894644254807692 0.6282015745192309 0.6861290216346153 0.6284196826923077 0.685498266826923 0.6321480841346154 0.6888734615384616 0.6355165336538462 0.6920043870192308 0.6363775192307692 0.7428166682692308 0.6439692740384615 0.751024375 0.6424158317307692
15 0.8232764375 0.6695403125 0.8237460552884616 0.6656632019230769 0.8200139206730769 0.6629795745192308 0.7667412596153846 0.6543849927884615 0.7632273894230769 0.6549455120192308 0.7624614951923078 0.6577885264423077 0.7627230985576923 0.6598048677884615 0.7666423725961539 0.6619005168269231 0.8204157764423077 0.6704501081730769 0.8232764375 0.6695403125
4 0.8180326081730769 0.7143985865384616 0.8281392764423077 0.7156118942307692 0.831034608173077 0.7137198533653847 0.8313694903846154 0.6853766778846153 0.8289524471153846 0.6831460408653847 0.8240143509615384 0.6816314975961538 0.7971995504807693 0.6776766201923077 0.7876976346153846 0.6734715913461538 0.7860307235576923 0.6782722283653846 0.7860094423076922 0.7071583822115385 0.7907690673076923 0.7090153365384615 0.8180326081730769 0.7143985865384616
4 0.7143254903846153 0.6922219399038462 0.715467235576923 0.697586141826923 0.7179016129807692 0.6993256538461539 0.725199625 0.6999753942307693 0.7418730889423077 0.7036992115384616 0.7549582163461538 0.7053792331730769 0.7581758173076923 0.7037846129807692 0.7591899182692308 0.6750540264423077 0.7557973918269231 0.6721766971153845 0.7525053269230769 0.6711670072115384 0.7240271586538461 0.6671983990384616 0.720608625 0.6650577548076922 0.7196020192307693 0.6605789447115384 0.7142983125 0.6599947860576924 0.7152442475961538 0.6661925216346154 0.7143254903846153 0.6922219399038462
4 0.6417527307692308 0.6741832019230769 0.642076576923077 0.6838637764423077 0.6433396658653846 0.6857901322115385 0.6451121610576924 0.6874259278846153 0.6494663870192308 0.6866267115384616 0.6557542475961539 0.6876119999999999 0.6606663389423078 0.6898632211538461 0.6712910865384616 0.6905404134615385 0.6809888076923076 0.69391190625 0.683087125 0.6910307620192307 0.6840783701923077 0.6818031778846153 0.6844234951923076 0.6625975961538462 0.68302015625 0.6552170552884615 0.6761102091346154 0.6577146057692308 0.67245253125 0.657635298076923 0.6675231057692308 0.6558751947115385 0.6509501057692308 0.654019014423077 0.6463776177884615 0.6515740865384616 0.6427337331730769 0.6558180192307692 0.6417527307692308 0.6741832019230769
4 0.5733056899038462 0.6429635 0.5716958990384615 0.6508595697115385 0.5716643822115385 0.6706081298076924 0.57353734375 0.6741115600961538 0.5767860697115385 0.6763490552884615 0.587293016826923 0.6756497355769231 0.5928583245192308 0.6782502355769231 0.5978830961538462 0.6773091682692307 0.603840014423077 0.6782426009615385 0.6084298341346154 0.6801964038461539 0.6126229254807692 0.6792484759615385 0.6139332908653846 0.6515519927884615 0.6125437379807692 0.6484946875 0.6099222211538462 0.6473431466346155 0.5774987764423076 0.6420155721153846 0.5733056899038462 0.6429635
14 0.6279486105769231 0.5655981634615385 0.6309893173076924 0.5737291129807692 0.6321933052884615 0.5867575504807692 0.6365179807692307 0.5915093725961539 0.6415912115384615 0.5939093052884615 0.6437466538461538 0.5941235985576923 0.6483400216346153 0.5912630408653846 0.6494715216346154 0.5874896442307692 0.645550673076923 0.5760108365384615 0.6444160240384615 0.5610179134615385 0.6369430865384615 0.5558962307692308 0.6357926778846154 0.5507775889423077 0.6339941754807692 0.5498784711538461 0.6322232499999999 0.5576258317307692 0.6281132932692307 0.5609325120192308 0.6279486105769231 0.5655981634615385
14 0.7114565745192307 0.5660907572115385 0.7052483004807691 0.5722785817307693 0.7044043990384616 0.5773316370192307 0.7083079134615384 0.5893015697115385 0.7086577644230769 0.5982454639423077 0.7102171225961539 0.6012059158653846 0.7157217548076923 0.6055253389423076 0.7218918149038461 0.6051341153846154 0.7265805240384615 0.5995723942307692 0.7232608822115385 0.5899162235576922 0.7211074110576923 0.5755044134615385 0.7133815408653846 0.5681208245192308 0.7129536850961539 0.5613869735576923 0.7114861225961538 0.5605397163461538 0.7073277043269232 0.5605053990384615 0.7072756995192309 0.5619787644230769 0.7105330961538462 0.5639706995192307 0.7114565745192307 0.5660907572115385
14 0.7757526899038462 0.5640667475961538 0.7762672211538462 0.5683449927884616 0.7794552740384616 0.5723014110576923 0.7792992596153846 0.5767215 0.7745187499999999 0.5801700264423076 0.7737095264423076 0.5842408461538462 0.7766635576923077 0.5948273990384615 0.7762128461538461 0.6075965504807692 0.7781031418269231 0.6106088581730769 0.7842523221153846 0.6155231153846153 0.7893862235576923 0.616204125 0.7929521009615385 0.6141702379807692 0.7950850889423078 0.6103068533653846 0.7915211850961538 0.5981432211538462 0.7926164399038461 0.5859689086538462 0.78759009375 0.5775268125 0.7881983918269231 0.569720735576923 0.7860811658653847 0.5637098389423078 0.7810166057692308 0.56106434375 0.7768321826923077 0.5617667139423077 0.7757526899038462 0.5640667475961538
14 0.8635707451923077 0.6121492764423077 0.8585357307692308 0.6039527427884616 0.8532269038461539 0.5987997884615385 0.849621235576923 0.5972471153846154 0.8479665336538461 0.5969878293269231 0.8467605721153847 0.5981569110576923 0.8473357812500001 0.6007162331730769 0.8551223221153846 0.6063808990384616 0.8579274302884615 0.6117588245192308 0.8595561298076924 0.6127547932692308 0.8571268725961538 0.6155840793269232 0.8496988461538462 0.6186177475961538 0.8457378076923077 0.6271330576923078 0.8429862764423077 0.6296649278846154 0.842525326923077 0.6332964783653845 0.8387029711538462 0.6378828197115385 0.8379370793269231 0.6407258317307692 0.8406641826923077 0.6483138028846154 0.8387147860576923 0.6564035745192308 0.8386541153846154 0.6581224999999999 0.8399518725961539 0.6590666105769232 0.8462743990384615 0.65906965625 0.8463697427884616 0.6563684903846153 0.8444621105769231 0.6538473028846153 0.8448970576923076 0.6509524302884616 0.8554075552884615 0.6454387524038462 0.8583497692307692 0.6375045504807691 0.862790670673077 0.6342497283653846 0.8664120985576923 0.6259281225961538 0.8665681129807693 0.6215080312500001 0.8637196658653846 0.6173579062500001 0.8635707451923077 0.6121492764423077
10 0.5842799158653846 0.46875353124999997 0.5775795649038462 0.47474079086538457 0.5520172115384615 0.48715534134615385 0.5286847644230769 0.5023885 0.5278928701923077 0.5059681971153845 0.5290208245192308 0.50700915625 0.5355182764423077 0.5114841514423077 0.5403125721153846 0.5123588629807693 0.5837078605769231 0.48496052884615387 0.5890202355769231 0.485299125 0.6041063677884615 0.5009966875 0.6094014038461538 0.5018264038461538 0.6105900288461539 0.5011484423076923 0.6116435240384616 0.4995850913461538 0.6097618966346153 0.4963272235576923 0.5963651322115384 0.47990670192307694 0.5918741995192307 0.4704373701923077 0.5902455048076922 0.46944140144230767 0.5842799158653846 0.46875353124999997
10 0.52329753125 0.5230262692307692 0.5263539975961539 0.5212829375 0.5288092572115385 0.5177169711538462 0.5244932475961538 0.5127195865384615 0.5198947596153846 0.51101134375 0.5180269182692308 0.5120767091346153 0.4891791971153846 0.5374335240384616 0.47049369230769233 0.5577159230769231 0.46259604807692306 0.5646267043269231 0.4579384591346154 0.5740205408653846 0.4545786322115385 0.5843584927884615 0.4544226177884615 0.5887785817307692 0.45497181730769226 0.5920745841346153 0.45899155528846153 0.5960378677884616 0.46344624519230765 0.59710628125 0.4733259831730769 0.5953210048076923 0.4783543004807692 0.5895655817307692 0.4795464735576923 0.5840732596153846 0.4756169591346154 0.5728400096153846 0.47677446153846154 0.5683299302884616 0.4937272548076923 0.5499982908653845 0.502652389423077 0.5422608389423077 0.5060224639423077 0.5410604903846153 0.512970625 0.5327663341346154 0.5204766610576923 0.5275226201923077 0.52329753125 0.5230262692307692
15 0.5763093701923077 0.5861490240384616 0.57922715625 0.5883346634615385 0.5812388004807693 0.587909125 0.5839989975961538 0.5851316947115385 0.584546625 0.5790445384615385 0.57989140625 0.5506601826923077 0.5777741778846154 0.5446492884615385 0.5753398004807692 0.5429097764423078 0.5710375817307692 0.5422356322115385 0.569492014423077 0.5435984158653846 0.5689963918269231 0.5482122091346153 0.5744537427884615 0.5821544711538462 0.5763093701923077 0.5861490240384616