3 0.4946685216346154 0.27754783173076925 0.4996280168269231 0.28019411057692306 0.49268475480769236 0.8769281658653847 0.7991815 0.85840425 0.78231925 0.28019411057692306 0.4946685216346154 0.27754783173076925
1 0.21296932451923078 0.28284039182692305 0.1951151153846154 0.7551997475961538 0.48871714423076923 0.744614625 0.48673337740384615 0.2788709471153846 0.21296932451923078 0.28284039182692305
0 0.18519612740384617 0.44558603846153844 0.13262545913461538 0.5527599879807693 0.13064169230769232 0.6083317860576923 0.17329337019230767 0.5911309350961539 0.27149129326923077 0.5448211947115384 0.27727234375 0.5414356201923077 0.1782528653846154 0.5554062692307692 0.18016036057692306 0.54353196875 0.16833387740384614 0.5487905913461538 0.18400207692307693 0.5196169903846154 0.18420424278846154 0.5183584879807692 0.18459552884615385 0.5185120024038462 0.2159449735576923 0.4601405096153846 0.28240224038461537 0.3847217788461539 0.3468756610576923 0.31327249759615383 0.4321789423076923 0.2709321538461538 0.4361465528846154 0.32253445432692307 0.397179125 0.40986131490384614 0.42523560576923075 0.39398373798076924 0.4323396658653846 0.38706853125 0.4470574254807692 0.35032027884615385 0.46391967548076923 0.32253445432692307 0.4678872860576923 0.2577008004807692 0.4123409663461538 0.23653067788461538 0.31215920432692307 0.2894560697115385 0.23379918269230768 0.3622285168269231 0.18519612740384617 0.44558603846153844
6 0.49764424999999995 0.6414101730769232 0.5075632379807693 0.7353527163461538 0.47780627403846154 0.75916909375 0.4292032163461539 0.7525534158653847 0.3339809471153846 0.7234444783653846 0.24966954807692307 0.7234444783653846 0.17031764423076926 0.7419683942307693 0.15940677403846154 0.7366758317307693 0.20404221875 0.6678728798076924 0.20999359615384616 0.6242093221153847 0.20404221875 0.56599134375 0.18023663221153846 0.42970840384615383 0.13956879807692307 0.40853825721153847 0.10386045432692306 0.44558603846153844 0.11080371634615385 0.5567293846153846 0.1613905408653846 0.5805458629807693 0.15345539423076923 0.6572877067307693 0.12568219951923076 0.7327063846153846 0.09096574038461538 0.7816624567307693 0.07112776442307692 0.8253258653846154 0.0889819735576923 0.8372341033653845 0.1425444471153846 0.7948938100961538 0.22685584615384616 0.7935706947115384 0.3141429711538462 0.7869550192307693 0.410357125 0.7882781322115384 0.48673337740384615 0.7882781322115384 0.5442634615384615 0.7697542163461539 0.5591419447115384 0.7260907091346154 0.5313688245192307 0.5911309350961539 0.5164903413461539 0.5157122067307692 0.5145064975961539 0.4230927283653846 0.5313688245192307 0.3489971634615384 0.5502149158653846 0.3026874230769231 0.5235614855769231 0.2863756634615385 0.5035956274038461 0.33708892548076924 0.4847495336538462 0.4323546850961538 0.4946685216346154 0.5262972788461538 0.49764424999999995 0.6414101730769232
15 0.7630208341346154 0.8224206346153846 0.7607886899038461 0.8214285721153847 0.7533482139423077 0.8244047620192307 0.7325148798076923 0.829365079326923 0.7299107139423077 0.8315145504807693 0.7286706346153846 0.8368055552884616 0.7315228173076923 0.840277778846154 0.7346230168269231 0.840443122596154 0.7617807548076924 0.8330026466346154 0.7641369038461538 0.8315145504807693 0.7648809519230769 0.8255621682692307 0.7630208341346154 0.8224206346153846
15 0.7648809519230769 0.7905092596153847 0.761284721153846 0.7873677259615385 0.7597966274038461 0.7873677259615385 0.743427579326923 0.7926587307692308 0.7295386899038461 0.795304233173077 0.7276785721153847 0.7994378317307693 0.7294146826923077 0.8034060841346153 0.73487103125 0.8043981490384616 0.7491319447115384 0.8022486778846154 0.7610367067307693 0.798611110576923 0.7648809519230769 0.795138889423077 0.7648809519230769 0.7905092596153847
15 0.763392858173077 0.7478505288461539 0.7610367067307693 0.7447089951923077 0.7568204375 0.7443783076923077 0.7295386899038461 0.7486772475961538 0.7268105168269231 0.7503306875 0.7256944447115384 0.7528108461538461 0.7264384927884616 0.7581018509615384 0.7292906754807693 0.7605820096153846 0.73387896875 0.7607473533653846 0.7478918653846154 0.7592592596153847 0.7605406754807693 0.7562830697115385 0.763392858173077 0.7531415336538461 0.763392858173077 0.7478505288461539
14 0.677455358173077 0.4884259254807692 0.6820436514423077 0.4866071418269231 0.6789434519230769 0.4851190480769231 0.6752232139423077 0.47982804326923073 0.6712549591346153 0.4771825408653846 0.6633184519230769 0.47817460336538464 0.6588541658653846 0.4771825408653846 0.6553819447115384 0.4794973533653846 0.646205358173077 0.4794973533653846 0.6429811514423077 0.4808201057692308 0.639384920673077 0.4862764543269231 0.639384920673077 0.49057539663461536 0.6434771826923077 0.4953703701923077 0.6478174591346153 0.49718915384615386 0.6543898798076923 0.4950396826923077 0.660590278846154 0.4960317451923077 0.6742311514423077 0.4947089951923077 0.677455358173077 0.4884259254807692
14 0.6747271826923077 0.5155423269230769 0.6667906754807693 0.5155423269230769 0.6613343245192307 0.5119047620192307 0.6548859134615385 0.5112433870192308 0.649677579326923 0.5125661370192307 0.646701389423077 0.5155423269230769 0.641865079326923 0.5176917980769231 0.646205358173077 0.5195105817307692 0.6478174591346153 0.5229828052884615 0.6526537692307692 0.5284391538461539 0.6672867067307693 0.5297619038461538 0.6697668653846154 0.53075396875 0.6742311514423077 0.5357142860576923 0.6758432548076924 0.5355489423076923 0.6845238100961539 0.5282738100961539 0.6825396826923077 0.5200066129807692 0.6804315480769231 0.5175264543269231 0.6747271826923077 0.5155423269230769
14 0.6764632932692307 0.5548941802884616 0.6672867067307693 0.5552248677884616 0.6553819447115384 0.5519179903846154 0.650669641826923 0.5519179903846154 0.64112103125 0.5593584663461538 0.6439732139423077 0.5618386249999999 0.6474454375 0.5674603173076923 0.6509176586538461 0.5697751322115384 0.6746031754807693 0.5735780432692308 0.6794394831730769 0.5704365072115385 0.6825396826923077 0.5649801586538461 0.6790674591346153 0.5570436514423076 0.6764632932692307 0.5548941802884616
14 0.5935019831730769 0.731977514423077 0.5856894831730769 0.7275132283653847 0.5794890865384615 0.7261904759615384 0.5765128966346154 0.7268518509615384 0.5688244038461538 0.732804233173077 0.5561755961538462 0.736441798076923 0.5530753966346154 0.7399140216346154 0.5500992067307693 0.7475198413461539 0.5496031754807692 0.7531415336538461 0.5531994038461538 0.7546296298076923 0.5566716274038461 0.7585978846153847 0.5580357139423077 0.7584325408653847 0.5626240072115385 0.7566137572115385 0.5725446418269231 0.7480158725961539 0.5856894831730769 0.7423941802884616 0.5935019831730769 0.731977514423077
14 0.5658482139423077 0.8349867716346153 0.5601438485576924 0.8313492067307693 0.5494791658653846 0.8287037043269231 0.5462549591346154 0.829695766826923 0.5436507932692307 0.8361441802884616 0.5438988100961539 0.8377976201923077 0.5487351201923076 0.84424603125 0.5533234134615385 0.8450727524038462 0.5636160721153846 0.8419312163461539 0.5700644831730769 0.8389550264423077 0.5716765865384615 0.8368055552884616 0.5658482139423077 0.8349867716346153
11 0.7098214278846153 0.7743055552884616 0.7088293653846154 0.7693452379807693 0.704365079326923 0.7584325408653847 0.6945684519230769 0.7473544975961539 0.6826636899038461 0.7433862427884615 0.6767113100961539 0.7450396826923077 0.6719990072115384 0.749338625 0.6661706346153846 0.7571097884615384 0.6631944447115384 0.763723545673077 0.6659226201923077 0.7792658725961539 0.6752232139423077 0.7926587307692308 0.6914682548076924 0.7967923269230769 0.6982886899038461 0.795304233173077 0.7061011899038461 0.7895171947115384 0.7095734134615385 0.7799272475961538 0.7098214278846153 0.7743055552884616
11 0.70262896875 0.8255621682692307 0.6984126995192308 0.81167328125 0.6893601201923077 0.798611110576923 0.678447420673077 0.794973545673077 0.6717509927884616 0.7976190480769231 0.6654265865384615 0.8034060841346153 0.659722221153846 0.815972221153846 0.6599702379807693 0.8215939158653847 0.6626984134615385 0.8334986778846154 0.6665426586538461 0.8392857139423077 0.6752232139423077 0.8465608461538461 0.6821676586538461 0.8508597884615384 0.684027778846154 0.8506944447115384 0.6901041658653846 0.8478835985576924 0.6989087307692308 0.840443122596154 0.7021329375 0.8341600528846154 0.70262896875 0.8255621682692307
11 0.6914682548076924 0.8946759254807692 0.6904761899038461 0.8850859783653846 0.6855158725961539 0.8675595240384616 0.68018353125 0.857804233173077 0.6715029759615384 0.8531746033653846 0.662822420673077 0.8541666658653846 0.6571180552884616 0.857473545673077 0.6525297620192307 0.8632605817307692 0.6502976201923077 0.8685515865384615 0.6490575408653847 0.8735119038461538 0.6510416658653846 0.889384920673077 0.6530257932692307 0.8943452379807693 0.66455853125 0.9103835985576924 0.6705109134615385 0.9140211634615384 0.6750992067307693 0.9141865072115384 0.678447420673077 0.9140211634615384 0.6824156754807693 0.9117063485576923 0.688740079326923 0.9042658725961539 0.6914682548076924 0.8946759254807692
9 0.7648809519230769 0.5071097884615384 0.7628968245192307 0.49851190384615385 0.759052579326923 0.4933862427884615 0.7526041658653846 0.48974867788461535 0.7367311514423077 0.4914021153846154 0.7295386899038461 0.4950396826923077 0.7264384927884616 0.49785052884615383 0.7244543653846154 0.5024801586538461 0.7224702379807693 0.5127314807692308 0.7227182548076924 0.5176917980769231 0.7261904759615384 0.5292658725961539 0.7295386899038461 0.5350529110576923 0.7457837307692308 0.5358796298076923 0.759052579326923 0.5284391538461539 0.7626488100961539 0.5236441802884616 0.764384920673077 0.5176917980769231 0.7648809519230769 0.5071097884615384
10 0.7514880961538462 0.3186177259615385 0.747767858173077 0.3034060841346154 0.7431795625 0.29596560817307693 0.7382192451923076 0.2923280432692308 0.7280505961538462 0.28769841346153846 0.7220982139423077 0.2863756610576923 0.6995287692307692 0.2863756610576923 0.6786954375 0.2893518509615384 0.6700148798076923 0.28902116346153844 0.6114831346153846 0.2953042331730769 0.5636160721153846 0.30588624278846155 0.5489831346153846 0.3065476201923077 0.5452628966346154 0.3085317451923077 0.5328621033653846 0.30919312259615384 0.529513889423077 0.31299603125 0.5287698413461539 0.31894841346153846 0.5360863100961539 0.3194444447115385 0.5646081346153846 0.31679894230769234 0.6077628966346154 0.3078703701923077 0.6499255961538462 0.30158730048076926 0.6707589278846153 0.3005952379807692 0.7064732139423077 0.29662698317307695 0.7198660721153847 0.29695767307692306 0.7320188485576923 0.3005952379807692 0.7362351201923077 0.3035714278846154 0.7403273798076923 0.3086970889423077 0.7420634927884616 0.31398809615384615 0.7430555552884616 0.3222552908653846 0.7423115072115384 0.34540343990384614 0.7449156754807693 0.3498677259615385 0.7470238100961539 0.3497023798076923 0.7488839278846153 0.34920634855769234 0.75049603125 0.34639550240384614 0.7514880961538462 0.3354828052884615 0.7514880961538462 0.3186177259615385
14 0.5458829134615384 0.7757936514423077 0.5482310721153846 0.7935706947115384 0.5839394158653847 0.7988631562499999 0.5938584014423077 0.7816624567307693 0.5458829134615384 0.7757936514423077
10 0.48871714423076923 0.37678298798076926 0.4361465528846154 0.4561711129807692 0.42126807211538464 0.5157122067307692 0.4758225048076923 0.5395286346153847 0.48574149278846157 0.5249741658653846 0.45995206490384616 0.5011577379807692 0.480782 0.44955543509615387 0.5591419447115384 0.38604494471153844 0.5968341298076922 0.4005994158653846 0.5898908677884616 0.44161664423076924 0.5581500600961539 0.4826338221153846 0.5781249783653846 0.4996693125 0.6315506634615384 0.4588173942307692 0.6176639879807693 0.3820755480769231 0.5799718798076923 0.3463508822115384 0.48871714423076923 0.37678298798076926
10 0.6494047211538461 0.5143890913461538 0.6186559495192309 0.47204874759615384 0.5571581778846154 0.4310315192307692 0.49367663942307694 0.39663001923076924 0.45300880288461537 0.39927630048076923 0.4540006875 0.4535248317307692 0.4500330769230769 0.49851145673076924 0.47780627403846154 0.5157122067307692 0.4768143894230769 0.48792638221153845 0.47185489423076926 0.44558603846153844 0.4907009879807692 0.4469091538461539 0.5353364326923077 0.46410990625 0.5789799206730769 0.48131070673076926 0.6146882620192308 0.5090965288461539 0.5979662475961539 0.5228174615384615 0.5898908677884616 0.5461443100961538 0.639485733173077 0.5461443100961538 0.6494047211538461 0.5143890913461538
10 0.5194659927884615 0.5527599879807693 0.5730285432692308 0.5421749158653847 0.60972884375 0.5289435600961538 0.6464291442307691 0.5170353221153846 0.6672589278846155 0.5210047692307692 0.6910645913461538 0.5329129567307692 0.7228053221153845 0.523651 0.7218133629807693 0.49454206009615387 0.6841211778846154 0.4905726129807692 0.6404776923076922 0.49718829086538463 0.5879070240384615 0.5064502475961539 0.5343444735576923 0.5262972788461538 0.5409225961538462 0.5062830697115385 0.5264093293269231 0.5011577379807692 0.5026037427884615 0.5117428100961539 0.5194659927884615 0.5527599879807693
10 0.5274012139423078 0.5778995817307693 0.6206397163461539 0.5726070192307693 0.6454371850961539 0.5527599879807693 0.6275829759615384 0.5315898413461538 0.5918746346153847 0.5408518004807692 0.5234336033653846 0.5421749158653847 0.4817738846153846 0.5514368725961538 0.46887916826923076 0.5487905913461538 0.47780627403846154 0.5342361225961538 0.4454364855769231 0.5343915360576923 0.4004381370192308 0.5540831538461538 0.3637379110576923 0.5805458629807693 0.45896018028846153 0.5845152596153846 0.5274012139423078 0.5778995817307693
10 0.4946685216346154 0.5898077692307692 0.4202761129807693 0.5673145072115384 0.3905191490384615 0.5673145072115384 0.36472979567307695 0.5726070192307693 0.3230700745192308 0.5805458629807693 0.2804183966346154 0.6123010817307692 0.23677483413461536 0.6202399254807692 0.20404221875 0.6096548004807693 0.19114750480769233 0.6321481129807692 0.23578294951923076 0.6546415264423077 0.3181105817307692 0.62288615625 0.3786163918269231 0.60568540625 0.4500330769230769 0.6136242475961539 0.4907009879807692 0.62288615625 0.5363283173076924 0.6546415264423077 0.568069048076923 0.7155056850961539 0.5958422451923077 0.7631385408653847 0.6041666442307693 0.7443783076923077 0.5948503629807692 0.6890429759615385 0.5650933966346154 0.6374406754807692 0.5174822259615385 0.6070085697115385 0.4946685216346154 0.5898077692307692
10 0.3230700745192308 0.7472609567307693 0.28636977403846153 0.7035974471153845 0.22586396153846153 0.6480258485576923 0.19313134855769232 0.6400869567307693 0.22685584615384616 0.681104235576923 0.27942651201923074 0.7512303004807692 0.3379485576923077 0.80944828125 0.4093652403846154 0.8425266658653846 0.47185489423076926 0.8306184254807693 0.5760042692307692 0.8054788341346154 0.5720366586538461 0.7618154254807692 0.5353364326923077 0.7803393413461539 0.47383866346153847 0.8028326033653846 0.42721944951923074 0.7843086875 0.3230700745192308 0.7472609567307693
10 0.44904119230769235 0.85840425 0.5085551201923078 0.8451728966346154 0.5442634615384615 0.8438497812500001 0.6008017403846154 0.8491423437500001 0.5988178966346154 0.8200334038461539 0.5492229567307693 0.80944828125 0.5035956274038461 0.8068020504807693 0.4659035168269231 0.8187101875 0.4024219783653846 0.8253258653846154 0.31116724519230765 0.7922474783653846 0.27942651201923074 0.7459377403846154 0.22883968990384615 0.687719860576923 0.19610699759615385 0.6506720288461539 0.21106148557692309 0.701388889423077 0.27149129326923077 0.7988631562499999 0.30719970913461536 0.8623736971153846 0.3677055216346154 0.8769281658653847 0.44904119230769235 0.85840425