10 0.5101 0.22153572596153845 0.5105849110576923 0.22561163221153846 0.5119874350961539 0.2257320889423077 0.5128342259615384 0.22498627403846155 0.5120724182692308 0.22188053365384613 0.5101 0.22153572596153845
4 0.3758219134615385 0.41925807211538463 0.37449215384615386 0.41873459375 0.3560893942307692 0.4248717403846154 0.3423591153846154 0.42766827644230765 0.3380362884615385 0.4296356995192308 0.3362699423076923 0.43153035576923077 0.3403358701923077 0.43831099038461535 0.3417783846153846 0.45398723076923075 0.3438841081730769 0.45697452403846156 0.3505895576923077 0.4570242259615384 0.37262999038461536 0.4510241033653846 0.38170000480769234 0.4481196490384616 0.3827064903846154 0.44592586057692307 0.3771375072115385 0.4204234783653846 0.3758219134615385 0.41925807211538463
13 0.4336777668269231 0.46901322115384614 0.43397465865384616 0.47582094711538464 0.43558325240384616 0.4781808677884615 0.4386368605769231 0.4787354735576923 0.4469045264423077 0.47745766105769233 0.48474875 0.4673189375 0.49574675 0.4638784615384616 0.49860845192307696 0.4615516778846154 0.499030875 0.45977546634615385 0.4931102884615385 0.4328396658653846 0.48780986538461535 0.4154288605769231 0.48358813221153846 0.41570941346153845 0.46687895192307693 0.42035492788461537 0.4616507379807692 0.42282926682692307 0.45519385576923077 0.42309324759615385 0.43582710336538466 0.42949840624999996 0.43135680528846154 0.4294652716346154 0.4265954495192308 0.43104422596153846 0.4251807067307692 0.4343723028846154 0.42653045913461535 0.44267367307692307 0.4244002908653846 0.44658343990384614 0.4235876610576923 0.4544652211538462 0.4282981923076923 0.4638737884615385 0.4336777668269231 0.46901322115384614
14 0.4165753173076923 0.5175340336538462 0.41854579326923075 0.515072235576923 0.41693525 0.5099057067307693 0.41339867548076925 0.5080818076923077 0.4014327980769231 0.5061770817307693 0.39316124759615384 0.5018416802884615 0.3897135408653846 0.5017794375 0.37834977884615384 0.504428423076923 0.3771997067307692 0.510234860576923 0.37872137499999997 0.5136397307692308 0.38411317307692305 0.5153306322115385 0.39132991346153845 0.51536578125 0.3930254375 0.5166807524038461 0.39831419711538457 0.5172519254807693 0.40515295192307693 0.5199441153846154 0.4093605192307692 0.5203054903846154 0.41238386057692306 0.5193373365384615 0.4165753173076923 0.5175340336538462
14 0.5594765360576923 0.47321087500000003 0.5553758942307693 0.4795824423076923 0.5593246201923077 0.48588526923076925 0.55921325 0.49382728125 0.5614967235576923 0.5003378894230769 0.5687012451923077 0.5038215673076923 0.5740910961538461 0.5027058653846154 0.5765406514423077 0.4959001538461539 0.5745140793269231 0.48064149038461534 0.5754741802884615 0.47476026682692307 0.5740394423076923 0.4703104495192308 0.5657254014423077 0.46790082451923076 0.5594765360576923 0.47321087500000003
15 0.4248738100961538 0.4974908125 0.42411589182692305 0.4999982860576923 0.43248408894230767 0.5173217668269231 0.4383041394230769 0.5256562740384616 0.44394255769230767 0.5248542596153846 0.44598579807692307 0.5219894375 0.4450481923076923 0.5181669927884616 0.44168547115384615 0.5142531947115384 0.4337558028846154 0.49731818028846153 0.4307588509615385 0.4941958774038462 0.4272828149038462 0.49541748557692306 0.4248738100961538 0.4974908125
15 0.38484608894230765 0.5400083870192307 0.3901670649038461 0.5449089182692307 0.3956013557692308 0.5446740408653846 0.39831752644230767 0.5431533028846154 0.39667865865384616 0.5392706274038461 0.38097651923076925 0.5214341899038462 0.3754777980769231 0.51301034375 0.3724241875 0.5124557427884615 0.3676628317307692 0.5140346995192308 0.3652538245192308 0.5161080264423077 0.38484608894230765 0.5400083870192307
15 0.4576475673076923 0.48557184855769225 0.45840937499999995 0.4886775865384615 0.46903077163461543 0.5109889230769231 0.4728661826923077 0.5224271514423077 0.4763724879807692 0.5227282980769231 0.4793372259615385 0.5215212475961539 0.48078224278846154 0.5197159254807693 0.4750432908653846 0.5019166514423077 0.46702669711538464 0.48602659134615384 0.46559389903846155 0.4843833774038462 0.4598221730769231 0.4825429110576923 0.4576475673076923 0.48557184855769225
15 0.4943937019230769 0.5094312572115385 0.5015363557692308 0.47885528846153846 0.49089367548076923 0.48070956009615384 0.48465695913461543 0.5107768413461539 0.4943937019230769 0.5094312572115385
10 0.635293608173077 0.6324081538461539 0.6350323100961539 0.59776425 0.6400677259615384 0.5623283485576923 0.6353664759615385 0.5282380673076923 0.6273431201923076 0.5291072908653847 0.6281485288461539 0.5622385552884616 0.6243576850961539 0.5952862379807692 0.6259446514423076 0.6316037764423077 0.6136615745192308 0.6636088918269232 0.5885965817307692 0.6882761634615384 0.5488859014423076 0.7129309543269231 0.49000245432692313 0.7265790024038462 0.4452085961538461 0.7267797259615385 0.4075753149038462 0.7188632331730769 0.3743761057692308 0.7029067451923077 0.3570611081730769 0.6770883846153846 0.33982733173076923 0.6553317692307693 0.3264082403846154 0.6304724158653846 0.32545244471153845 0.6041901370192307 0.33018716586538466 0.5824522475961539 0.3392056442307692 0.5595233774038462 0.3500186658653846 0.5401799086538461 0.34626714903846156 0.5248856754807693 0.37589515625000003 0.5109803461538461 0.3684552644230769 0.5071446875000001 0.3374622932692307 0.5225685865384615 0.3373990552884615 0.5409655528846155 0.3314138317307692 0.5576053725961538 0.3209945264423077 0.5822851466346154 0.3143148798076923 0.6072866225961538 0.3176845360576923 0.6322170600961539 0.33149734134615383 0.6624126923076923 0.3445226634615385 0.6819358365384616 0.3671343798076923 0.70696225 0.40127146153846155 0.7267422620192308 0.4400741009615385 0.7356951129807693 0.48385492307692307 0.735095326923077 0.5460901754807692 0.7239189927884616 0.5898530817307692 0.7008604783653846 0.619745875 0.6734895600961538 0.635293608173077 0.6324081538461539
10 0.7925267259615385 0.2735215625 0.7744599302884616 0.2819481105769231 0.7531919110576923 0.28105390625 0.74095409375 0.27220336298076925 0.7335561225961539 0.2756216009615385 0.7499271826923077 0.29013018990384615 0.7690129423076922 0.28958895192307693 0.7873170072115384 0.2858614639423077 0.7809499903846154 0.3121374783653846 0.7860390985576923 0.34407779326923077 0.7951744879807693 0.3701280889423077 0.8054040745192308 0.4006392115384615 0.8009126826923076 0.43456237019230765 0.7945516586538461 0.4683246177884615 0.7760339038461539 0.4972980841346154 0.741544795673077 0.5245854591346154 0.6994141899038462 0.543105858173077 0.6610054038461539 0.5394892740384616 0.6253981322115384 0.5323709230769231 0.5967952475961538 0.5164980216346154 0.5695180288461539 0.5022987067307693 0.53912646875 0.49032668509615385 0.49923562980769226 0.4843992548076923 0.4834956875 0.47992597596153846 0.4753101586538462 0.4726716850961538 0.4717017980769231 0.4724349110576923 0.48101259375 0.4921885384615384 0.5044631346153846 0.4945181057692307 0.5371063221153846 0.49701480048076924 0.561188108173077 0.5093796346153846 0.5926738605769231 0.5258124759615385 0.6261856875 0.5430434399038462 0.6638941346153846 0.5475354711538462 0.7088443677884615 0.5479719783653846 0.7557274735576923 0.530172423076923 0.7776781225961538 0.5077324278846154 0.8061640913461539 0.4746261682692308 0.8120563100961539 0.43895211057692307 0.8135896057692308 0.4078935168269231 0.80810665625 0.3706169591346154 0.7974953413461539 0.34974201442307695 0.7880413245192308 0.3149309495192308 0.7968222764423077 0.2873031033653846 0.7925267259615385 0.2735215625
10 0.644145 0.39986463942307693 0.6604469591346154 0.4252839375 0.6762858437499999 0.4562777163461539 0.6946078870192308 0.4750089182692308 0.7211154567307693 0.5009943966346154 0.7382682115384616 0.5186892403846154 0.7560460913461539 0.5389331682692308 0.7467149831730769 0.560587514423077 0.7091628557692308 0.5567327596153846 0.6845430264423077 0.5533668389423076 0.6610745072115385 0.5285785865384616 0.6502628125 0.5333756081730769 0.6713793173076923 0.5556651947115385 0.7002888341346154 0.5653263990384615 0.7453953822115384 0.5664001562500001 0.7668829519230769 0.5495346466346154 0.7533076826923076 0.5240380024038461 0.72937021875 0.4973379519230769 0.7112797163461538 0.4758195216346154 0.680401233173077 0.4394770192307692 0.6591033822115384 0.4011516370192308 0.6442714759615384 0.36307071634615384 0.6214223461538461 0.3333452283653846 0.6047266754807692 0.30258965625 0.5854965865384615 0.31746608413461536 0.5907241514423076 0.3275849110576923 0.6019308870192307 0.31357771153846153 0.6119230721153847 0.3393898221153846 0.6286938389423077 0.36672091586538463 0.644145 0.39986463942307693
10 0.5304196730769231 0.35782591826923077 0.5455582091346154 0.38969514423076923 0.5624041971153846 0.41360171874999996 0.5650794350961539 0.44689384134615384 0.5541911947115384 0.46966183653846155 0.5429843942307693 0.48366904326923077 0.5553784591346154 0.493156875 0.5623075576923077 0.48782684615384614 0.5571611490384616 0.4817697716346154 0.5696125192307693 0.4653743725961539 0.5767611730769231 0.4422846490384615 0.5718283100961539 0.41098161298076924 0.55350034375 0.3847641754807692 0.5396874759615384 0.35456855769230766 0.5222426177884615 0.3239807139423077 0.5121668605769231 0.32818399278846155 0.5304196730769231 0.35782591826923077
10 0.5471547403846154 0.3402395673076923 0.549174891826923 0.33355146394230767 0.5398951033653846 0.32183636778846153 0.5309399278846154 0.32636826201923075 0.5333717067307693 0.3474751394230769 0.5521114399038461 0.4014875576923077 0.5529800817307693 0.4162218293269231 0.5624426971153846 0.4318952644230769 0.5661378028846153 0.40643725 0.5575465721153846 0.3788742067307692 0.5456095240384615 0.3563256899038461 0.5399822572115385 0.33338437259615383 0.5471547403846154 0.3402395673076923
10 0.7048388870192308 0.44956147596153845 0.6991245360576923 0.41507214903846157 0.6852245192307692 0.37332855288461536 0.6552088245192308 0.34423408894230767 0.6269185673076922 0.32963571153846155 0.6003477524038462 0.32204716346153844 0.573870014423077 0.33349286298076924 0.5674306899038462 0.3216252524038462 0.5543904735576923 0.32869782932692304 0.572006108173077 0.34081824519230774 0.5822178509615384 0.34887065865384614 0.5950569447115385 0.33032530048076925 0.6231848990384615 0.3368001971153846 0.64734790625 0.35322677403846153 0.6746310528846154 0.3749123293269231 0.6850980384615385 0.41012246875 0.6931452379807692 0.4391982091346154 0.7018987692307692 0.4748847259615384 0.7044116346153846 0.5000533677884615 0.7063746177884614 0.5192484975961539 0.7012221346153846 0.5057051514423077 0.6911788389423077 0.5132624879807692 0.7017150528846153 0.5375618798076923 0.7164299062499999 0.5266636490384615 0.7110221802884615 0.48596257692307687 0.7048388870192308 0.44956147596153845
10 0.5797988125 0.32073859615384614 0.5705122115384615 0.32353491586538463 0.5736384735576923 0.3362801009615385 0.5917231201923077 0.35031228605769227 0.6161233942307691 0.3714379014423077 0.6277478173076924 0.39271191826923074 0.6472392764423076 0.4124794326923077 0.6773480456730769 0.4606081201923077 0.6741012956730769 0.49214309134615386 0.6689727980769231 0.5085447211538462 0.6817546586538461 0.5158826129807692 0.6915487019230769 0.4886537716346154 0.6915188677884616 0.4512225841346154 0.6600092692307692 0.40484477644230765 0.6378664783653847 0.38173008894230764 0.6221957644230769 0.36634606009615384 0.6077695673076924 0.34857390625 0.5873463485576923 0.33246901682692304 0.5797988125 0.32073859615384614
10 0.703789954326923 0.40424500240384614 0.6848092524038462 0.4387929134615384 0.6730643509615385 0.4617990793269231 0.6647463461538461 0.48385246875 0.6300198533653846 0.5064408894230769 0.5998776057692308 0.5141403293269231 0.5701292067307693 0.5271760384615385 0.5271741009615385 0.5539865432692308 0.5372032331730769 0.56083603125 0.5711482379807692 0.53506134375 0.5979386057692307 0.5248901850961538 0.6294064399038461 0.5188642956730769 0.6659276322115384 0.49986133653846154 0.679461201923077 0.47295423798076924 0.6947834639423077 0.4421463365384615 0.7154025216346154 0.41054651442307694 0.7271355673076924 0.3725678485576923 0.7247728918269231 0.3405502716346154 0.7242801105769231 0.30869353125 0.7276831754807692 0.27779584615384617 0.71880315625 0.27890321634615384 0.7098718918269231 0.3133800600961539 0.7132415480769231 0.3383104951923077 0.7148285168269232 0.3746280336538461 0.703789954326923 0.40424500240384614
10 0.7348366057692307 0.4561972572115385 0.7334059399038462 0.42051694711538457 0.7209821105769231 0.37359793509615385 0.7052994086538462 0.3432414399038462 0.6966270889423077 0.31161664182692306 0.6722326778846154 0.29797729567307696 0.6321855288461538 0.2914126057692308 0.6096847211538461 0.30787908894230764 0.6105709903846154 0.3155858629807692 0.6304779423076923 0.29937525240384616 0.6628897163461538 0.30465913942307693 0.6872029110576924 0.31423676923076926 0.6982951514423077 0.3519959543269231 0.7117142427884615 0.3768553125 0.7255450216346154 0.4295096322115385 0.7267441466346154 0.4679771706730769 0.71391690625 0.5014950216346153 0.6914162307692308 0.5179614663461538 0.6713235 0.5255898822115385 0.649348875 0.5180849471153846 0.635728201923077 0.5334439495192307 0.6488166899038461 0.53457009375 0.6535634543269231 0.5278046274038461 0.6855061586538462 0.5311767788461539 0.7151734014423077 0.5140793124999999 0.7318273846153847 0.4924311947115385 0.7348366057692307 0.4561972572115385
10 0.6860383533653847 0.5146916538461539 0.7120352860576923 0.4863616466346154 0.7331231538461539 0.4566736346153846 0.7411166682692307 0.4183731971153846 0.7494166947115384 0.37386112259615384 0.7509499927884615 0.34280252884615386 0.7400200528846154 0.3131668100961538 0.7247371995192308 0.2956328389423077 0.6979408341346154 0.29831775240384617 0.7027567067307692 0.28064161057692305 0.6807940745192307 0.2881091394230769 0.6963084711538462 0.3028558966346154 0.7272382067307692 0.3058289639423077 0.7394938677884616 0.3371382259615385 0.735778048076923 0.3667614615384615 0.7362768221153846 0.40610441826923077 0.7246190024038461 0.4406585841346154 0.711866983173077 0.4707519086538462 0.6897600240384616 0.4925546538461539 0.6664085600961538 0.5167455745192308 0.6379165889423077 0.5423655913461538 0.6011639302884615 0.5641558100961539 0.5658693677884615 0.5583120120192308 0.5404679086538462 0.5517598149038462 0.5314375552884616 0.5597161346153846 0.567119858173077 0.5634100360576924 0.6035086298076923 0.5737147019230769 0.6477344759615384 0.5450817139423078 0.6860383533653847 0.5146916538461539
10 0.7454551899038461 0.29055348076923077 0.735469 0.27222762740384615 0.709301173076923 0.2796302235576923 0.7051765000000001 0.28677603365384613 0.7244125817307693 0.27938583653846155 0.7354057548076922 0.2906245721153846 0.7383936850961538 0.3251911850961538 0.7434016971153846 0.35306971153846156 0.7673450192307693 0.3872560192307692 0.7911200456730769 0.4058326105769231 0.8030630865384616 0.4358673725961539 0.7842960745192307 0.4451693052884615 0.7526598701923077 0.43558547115384616 0.7467439471153846 0.44131454807692305 0.7860155216346154 0.45217917548076925 0.8157578557692309 0.4316572139423077 0.8031955600961538 0.40655967548076927 0.7748182211538462 0.3804133028846154 0.7593730528846153 0.35475580048076927 0.7475051057692308 0.3212965697115384 0.7454551899038461 0.29055348076923077
10 0.7605757403846154 0.29996399278846153 0.7705679278846154 0.3257761057692308 0.7834428509615384 0.3521481658653846 0.7943727908653847 0.3817838870192308 0.7968857860576922 0.4069524927884615 0.7990861538461539 0.4308465745192308 0.7885737788461539 0.43649212740384613 0.7893613341346154 0.44716464182692306 0.8126435793269231 0.43388449519230765 0.8054471802884616 0.39708432692307694 0.8033220360576923 0.3697657403846154 0.7915353125 0.34036825240384616 0.7796734951923077 0.31439523317307694 0.7681301586538462 0.29718299278846155 0.7647086850961539 0.2676283293269231 0.7542421346153846 0.27041187740384615 0.7605757403846154 0.29996399278846153
10 0.7796096754807693 0.2677387836538462 0.7958285673076924 0.25340418028846157 0.7948096057692309 0.24551888221153848 0.8094732019230769 0.2679900528846154 0.826168875 0.298745625 0.8355416730769231 0.32949496875 0.8455337259615384 0.35530708894230767 0.8340262235576923 0.38301228605769233 0.8162089447115384 0.4111102692307692 0.8132568461538461 0.42146107692307694 0.8425996057692308 0.3881165841346154 0.8548826778846154 0.35611146634615387 0.8401200096153846 0.30711982211538463 0.8254445576923076 0.26967613701923077 0.8117188365384614 0.25102851442307694 0.7950350216346155 0.23524544471153847 0.7844535408653847 0.25180168028846156 0.7743348701923077 0.2627834831730769 0.7796096754807693 0.2677387836538462
8 0.5694744615384615 0.31246547115384615 0.5766609326923077 0.3109778653846154 0.5893666754807693 0.30540383173076924 0.6057545264423078 0.30084765384615386 0.6094346899038462 0.2990589014423077 0.6103098076923077 0.29702923557692307 0.6136119855769231 0.2978975216346154 0.6162412283653846 0.2974217331730769 0.6224314903846154 0.29187277884615387 0.6294704879807692 0.28838461057692305 0.633180923076923 0.28811861538461536 0.6358404423076922 0.28916557692307693 0.6370954903846153 0.2872854759615385 0.6404543245192307 0.2855860625 0.6445183052884615 0.28956009134615385 0.6561164735576923 0.28786671634615385 0.6789895312500001 0.2817627043269231 0.7065936778846154 0.27255698076923074 0.7205866875000001 0.2694322043269231 0.7332641009615385 0.26514202163461537 0.7377343990384616 0.26517515625 0.7474026394230768 0.2612111995192308 0.7585036754807692 0.2588904567307692 0.7741316658653846 0.2540351466346154 0.7781028894230769 0.25063430528846153 0.7830097716346154 0.24824930288461539 0.78602728125 0.23886133413461538 0.79018846875 0.23553527403846156 0.8009095721153846 0.23306496394230772 0.8066832427884615 0.2377120408653846 0.8095610528846154 0.2375499326923077 0.8125985552884616 0.23593985576923077 0.8191462524038461 0.24024413701923075 0.8250474014423077 0.2391138798076923 0.8341315841346154 0.2355675 0.8370943750000001 0.2315538389423077 0.8352230504807692 0.22952215625 0.8323008052884616 0.22880343509615386 0.8349564326923077 0.2242371875 0.8299265168269231 0.21772456490384615 0.8345262355769231 0.21478697596153845 0.8350941850961539 0.21220471875 0.8254270600961539 0.17559234134615384 0.8211170144230769 0.15382307211538462 0.8144121298076924 0.13348520432692307 0.813585889423077 0.12172074519230769 0.8037449062500001 0.08719826682692308 0.8034177451923077 0.07886778846153845 0.7989699447115384 0.06913098557692307 0.7988791274038461 0.06456272355769231 0.7969936394230769 0.06317296394230769 0.7919392836538461 0.06355740625 0.7887240336538461 0.06164416826923077 0.7811273605769231 0.06145945673076923 0.7758122163461538 0.06497874038461539 0.7687996033653846 0.06437644711538461 0.7068414350961538 0.08185736298076923 0.63962671875 0.10309646394230769 0.6024109927884616 0.11369844471153846 0.599373485576923 0.11530851682692307 0.5627418197115385 0.12549291826923076 0.48799097596153845 0.14959281490384616 0.37754218509615384 0.18208634615384614 0.32627679086538464 0.1983808028846154 0.31009306971153844 0.20236983894230767 0.2999862956730769 0.20594532932692308 0.29507747115384614 0.2055237235576923 0.2899361826923077 0.20695311298076924 0.2859083028846154 0.21292165624999998 0.28108834615384615 0.21426170913461537 0.27509832692307695 0.21363031009615385 0.2671822644230769 0.21634153846153847 0.27088048076923077 0.2195240721153846 0.26635547115384617 0.22486524278846154 0.2696009903846154 0.22830123557692308 0.26823068269230765 0.23251013701923076 0.2698695504807692 0.2363928125 0.2694632379807692 0.24033370192307693 0.271290125 0.2414845576923077 0.2764314134615385 0.2400551658653846 0.2812674783653846 0.24087979567307694 0.2776336947115384 0.24635598076923076 0.27336947115384613 0.24856230528846154 0.2700125793269231 0.2530683293269231 0.26455190625 0.25739365865384617 0.2636928942307692 0.26158800721153846 0.2779083557692308 0.32653847596153845 0.2936007788461538 0.3303418846153846 0.2899225576923077 0.33493724038461536 0.2935538389423077 0.34694261538461535 0.2929131201923077 0.34992789663461543 0.29666160576923073 0.3624110721153846 0.2972514951923077 0.37041331490384616 0.3002040144230769 0.3726547932692308 0.30061616346153847 0.37713371875 0.30468403125 0.38672095432692305 0.3083803028846154 0.38709688461538466 0.3293698173076923 0.3824097211538462 0.37638515144230766 0.3676796682692308 0.39417552644230774 0.3632439495192308 0.40845959375 0.35850708173076923 0.41538333413461537 0.35734771875000004 0.4683725793269231 0.3410843822115384 0.47368966826923076 0.3403717019230769 0.49054437980769233 0.33492014182692303 0.4948974759615385 0.3344754711538461 0.5041857860576923 0.3303619471153846 0.5097070024038461 0.329082125 0.5150221466346154 0.3255628389423077 0.5217114855769232 0.32344786057692304 0.534536375 0.3211582379807692 0.5401445192307692 0.3188334663461539 0.5453746778846154 0.31916573557692307 0.5606813365384615 0.31439975961538463 0.5657942956730769 0.31425422355769234 0.5694744615384615 0.31246547115384615
3 0.8490322836538462 0.44418918028846155 0.7943740649038461 0.1877789278846154 0.25987832692307694 0.33652751923076923 0.31800457211538463 0.5850192524038461 0.8490322836538462 0.44418918028846155
1 0.8043668581730768 0.7210042668269231 0.7431793197115385 0.48274657211538463 0.32922169471153845 0.5903073100961538 0.38105668990384617 0.8346093990384615 0.8043668581730768 0.7210042668269231
6 0.2934882596153846 0.6716186298076923 0.36758540384615385 0.6864153197115385 0.4429211466346154 0.6913376466346153 0.5431083125 0.69683859375 0.6125220649038462 0.7000037716346154 0.6504874639423076 0.7001361538461539 0.6624873581730769 0.6895634134615385 0.660424266826923 0.6900895048076923 0.6089327836538462 0.6928330240384616 0.529857451923077 0.6875889711538462 0.4698678846153846 0.6818036923076923 0.4050504711538461 0.6787221490384615 0.3445918846153846 0.6710250673076923 0.29457046634615386 0.6611069831730769 0.27717437740384615 0.6312268461538462 0.2948986418269231 0.5840946057692308 0.31809381009615384 0.5592664831730769 0.31261870192307695 0.5515401346153846 0.2847800432692308 0.5950764134615384 0.26628020192307694 0.6465085817307692 0.2934882596153846 0.6716186298076923
6 0.7520905793269231 0.4631117740384615 0.71619465625 0.48466382932692303 0.6963750096153846 0.5419086706730769 0.7123821923076924 0.5885121658653846 0.7448238004807692 0.6312272403846154 0.7671435072115386 0.6564502451923077 0.7770858389423078 0.6503669495192308 0.7826216875 0.6572321754807693 0.8313723317307692 0.6296285745192307 0.8650678822115385 0.5841824134615384 0.8829245625000001 0.5077425192307692 0.847137264423077 0.47004191586538463 0.8041201682692307 0.4513692980769231 0.7520905793269231 0.4631117740384615
0 0.3434932884615384 0.59192421875 0.31961161538461536 0.6064947475961538 0.2827264927884615 0.6575926850961539 0.2629821514423077 0.7114130528846154 0.27353627163461536 0.7581711274038461 0.33329437740384615 0.7667436634615385 0.4012082307692308 0.7451392548076924 0.47753316105769233 0.720515673076923 0.5235596009615384 0.7029542692307692 0.5767466177884615 0.6772756442307692 0.6497197403846153 0.6501803485576924 0.6691753774038461 0.6250304591346154 0.6380893293269231 0.621420110576923 0.5745164807692308 0.6159503557692307 0.5169467067307691 0.6162995 0.46747543750000004 0.6123549086538461 0.3958673125 0.5927818918269231 0.3673191033653846 0.5911599062499999 0.36143925480769235 0.5950158509615384 0.35278697836538464 0.5925062475961538 0.3434932884615384 0.59192421875
0 0.8334126826923077 0.746144764423077 0.8452209615384615 0.7047416177884614 0.8307709206730769 0.6570244975961538 0.8039387307692307 0.6147920048076924 0.7624669158653846 0.5800332620192308 0.7181180961538461 0.5522008557692307 0.6709736153846154 0.535356454326923 0.5987461658653846 0.5207206538461538 0.541489079326923 0.5223442788461539 0.47317544711538456 0.5311261875000001 0.40160315384615386 0.5564706033653846 0.34788652163461536 0.5892438485576923 0.35317476442307694 0.5903562860576923 0.3673191033653846 0.5911599062499999 0.4104891586538461 0.5628494278846154 0.47863449278846154 0.5384578076923077 0.5464791778846154 0.5277641009615385 0.6271928004807692 0.535956264423077 0.6831362067307692 0.5476314927884616 0.7393290120192308 0.5789782668269231 0.7945957788461538 0.6214738966346154 0.8204960721153847 0.667369014423077 0.8266853653846155 0.7112563822115384 0.8211868557692308 0.7522666947115385 0.7916008389423077 0.7734259014423077 0.7157388461538462 0.7924750096153846 0.6750783076923077 0.7983338125 0.6140875456730769 0.8071219230769231 0.6106665817307693 0.8155609663461539 0.6678425793269231 0.8098755649038462 0.73763225 0.7959182259615385 0.7986169447115384 0.7796438653846154 0.8334126826923077 0.746144764423077