13 0.5563817427884615 0.40211802403846153 0.5572350961538461 0.40569604807692305 0.5607426634615384 0.41056242548076927 0.5708520144230769 0.41416676201923075 0.5793048004807692 0.409957 0.5826471418269231 0.40385596875 0.5838954879807692 0.39403996874999997 0.5805409014423076 0.38388178605769235 0.5763001971153846 0.3804275504807692 0.5697260504807692 0.3780429206730769 0.5494581971153847 0.38625720673076924 0.5468991274038462 0.3902880432692308 0.548480483173077 0.39908921634615385 0.552035625 0.40661518990384615 0.5563817427884615 0.40211802403846153
4 0.6191314447115384 0.3798466394230769 0.6224435889423077 0.3807099302884615 0.6359791778846154 0.38203811298076923 0.6422714423076923 0.3799124230769231 0.6438308822115384 0.3528775192307692 0.6431253774038462 0.3506429903846154 0.6388821105769231 0.35050640384615384 0.6356088557692308 0.34749075240384614 0.6325310216346154 0.3484781875 0.6273955120192307 0.34691594230769235 0.618967795673077 0.35079668028846156 0.6176815552884616 0.37752994471153845 0.6191314447115384 0.3798466394230769
4 0.605894125 0.3778877932692308 0.6077907211538461 0.3480698653846154 0.5907700625 0.3448639254807692 0.5829639567307692 0.34715431009615383 0.5820415168269231 0.35269297355769236 0.5815022283653846 0.37619075721153844 0.5820348076923076 0.3774108197115385 0.5883245048076924 0.3786027788461538 0.5981130841346154 0.3798491514423077 0.605894125 0.3778877932692308
14 0.6044900096153847 0.2682410721153846 0.6060903173076923 0.2685836153846154 0.61034996875 0.26357921153846153 0.6139092524038461 0.24970499038461538 0.6169395120192308 0.24605795432692307 0.6164760192307692 0.2357212091346154 0.6128681730769231 0.23217093269230768 0.6084606658653846 0.23583184134615387 0.6067411322115385 0.2452640360576923 0.6027132259615384 0.2554368100961538 0.6023346177884615 0.26368984615384616 0.6044900096153847 0.2682410721153846
14 0.6299843774038462 0.2883084230769231 0.6320809423076923 0.28870574278846156 0.6367140721153847 0.2820836033653846 0.6379900528846154 0.2686209278846154 0.6393084735576923 0.2644531466346154 0.6394890913461538 0.2555146706730769 0.6353875528846153 0.24859197115384615 0.6316742956730769 0.25299309615384613 0.6298570504807692 0.26042374759615383 0.6274105024038461 0.27939769471153847 0.628297610576923 0.2874586514423077 0.6299843774038462 0.2883084230769231
10 0.35389604326923074 0.28304963221153845 0.37120074759615385 0.23983588942307693 0.37861501442307693 0.21477442307692307 0.37671900721153845 0.21174489903846153 0.3728466466346154 0.21330821875 0.3718152451923077 0.21535102403846154 0.3642556875 0.23575134855769228 0.36236323317307695 0.24416908173076923 0.3379476610576923 0.30517832932692307 0.32966365625000005 0.3318027596153846 0.3274401682692308 0.351133125 0.3296328701923077 0.37161453846153847 0.3339385216346154 0.38735228605769234 0.3531564230769231 0.4372517980769231 0.36190076923076925 0.45712922355769237 0.3653720144230769 0.4608303149038461 0.36894610817307694 0.4598976586538462 0.36932214903846156 0.45496226923076927 0.3587933221153846 0.43223352644230767 0.3436605769230769 0.39439769951923076 0.33648278125 0.3703798846153846 0.3347034326923077 0.3608932668269231 0.33421487259615384 0.35088554567307695 0.33616259615384614 0.33517446875 0.33899999278846155 0.3242066995192308 0.3511338557692308 0.2930303269230769 0.35389604326923074 0.28304963221153845
10 0.4041595216346154 0.23418372115384617 0.4034064471153846 0.22928959615384617 0.4001807620192308 0.2289335408653846 0.3990265769230769 0.2293038293269231 0.3873439663461538 0.25455773557692307 0.38194493509615385 0.2728739903846154 0.3739238677884615 0.312467375 0.3716200384615385 0.3394201105769231 0.3740557403846154 0.3665642091346154 0.3791308485576923 0.38205510096153844 0.38370614423076926 0.3860439591346154 0.3928731129807692 0.3888806826923077 0.4084940192307692 0.389111875 0.41411710336538465 0.3859169399038462 0.41162712019230774 0.3808310889423077 0.39390965144230766 0.38020258173076926 0.3866161826923077 0.3774067572115385 0.38407606490384616 0.3729789591346154 0.37927928365384617 0.3505511370192308 0.3798687115384615 0.3263953004807692 0.38308728365384614 0.3038568485576923 0.3925244855769231 0.26209722355769227 0.4041595216346154 0.23418372115384617
7 0.41326590865384616 0.3314089110576923 0.41234801442307695 0.36315973076923075 0.41283045673076924 0.3650378461538461 0.4159195408653846 0.3655447211538462 0.4804470168269231 0.37084250480769226 0.48578308413461535 0.36977254086538464 0.48738595673076923 0.3667974350961538 0.48656437980769235 0.3381725384615385 0.4860568677884615 0.33662344711538467 0.48216200480769233 0.33519814903846157 0.47935737259615385 0.3358839471153846 0.44032583894230765 0.33257096394230773 0.4179941875 0.33010596153846156 0.41509184374999997 0.3287902163461538 0.41326590865384616 0.3314089110576923
15 0.5896386057692308 0.4762950144230769 0.6001107644230769 0.4439398389423077 0.6000406875000001 0.4382916201923077 0.5973250817307693 0.43616700721153845 0.5940328774038461 0.4416099879807692 0.5844805865384616 0.4717441442307692 0.5841045456730769 0.4766795336538462 0.58566596875 0.4791744375 0.5880607980769231 0.47894109375 0.5896386057692308 0.4762950144230769
15 0.635420358173077 0.44684198798076924 0.636119735576923 0.44094691105769235 0.6329355048076923 0.4351208461538461 0.6205120649038461 0.4717398365384616 0.6195896249999999 0.4772785024038461 0.6214493125 0.47914274038461535 0.6277830288461538 0.47154703846153845 0.6314425913461539 0.4563567091346154 0.635420358173077 0.44684198798076924
15 0.4575616754807692 0.4265460793269231 0.4557408725961538 0.42252947355769227 0.45400752403846156 0.43378500721153845 0.4527264110576923 0.4538829783653846 0.45359101682692304 0.4589553125 0.45629280769230773 0.46290326442307694 0.45943202884615386 0.4627520865384615 0.4608118413461538 0.45942056490384614 0.4575616754807692 0.4265460793269231
10 0.51029821875 0.34202611538461536 0.4944780480769231 0.3251660480769231 0.4861545528846154 0.33493590625 0.5039429110576923 0.3466348269230769 0.5080245889423077 0.3718664735576923 0.51050140625 0.41816185096153846 0.5055217764423077 0.43973815865384613 0.49549564423076925 0.4837684471153846 0.5014497740384616 0.48442567548076926 0.5104131177884615 0.4455883245192308 0.5208190072115385 0.42284089423076926 0.5177403966346155 0.38444441826923076 0.51029821875 0.34202611538461536
10 0.4629424519230769 0.4031768076923077 0.45646771634615385 0.3918416466346154 0.44699797596153845 0.40230185336538465 0.42271133894230767 0.3913447932692308 0.43720097836538463 0.40830078365384614 0.4539408125 0.4074934110576923 0.44909492307692306 0.4273144278846154 0.4418416682692307 0.47873106009615385 0.4442659759615385 0.5082049254807692 0.4502726057692307 0.525683764423077 0.4633176826923077 0.5120779663461539 0.46584453605769227 0.4964261995192307 0.45465039423076925 0.5120063197115384 0.4485910985576923 0.4777059903846154 0.4583569471153846 0.4283367860576923 0.4629424519230769 0.4031768076923077
15 0.52913065625 0.4395887716346154 0.5254811634615385 0.4667224158653846 0.5337543245192308 0.46321042788461536 0.5346976778846154 0.44207361538461537 0.52913065625 0.4395887716346154
15 0.44846813942307695 0.4486788413461538 0.44667153125000003 0.42716887019230765 0.4396814230769231 0.4326632836538461 0.4432950048076923 0.46403851201923074 0.44846813942307695 0.4486788413461538
10 0.5097668269230768 0.3271144711538462 0.48899071875 0.32836134134615386 0.48899696634615386 0.35331644471153845 0.49639460336538466 0.33625892788461537 0.5117301370192308 0.35388236057692307 0.5324776682692307 0.3880338822115385 0.5533971971153846 0.4549508269230769 0.5526330360576923 0.5000034663461539 0.5549832668269231 0.5392045673076923 0.5623416947115385 0.5214310048076923 0.5705168389423076 0.4754263509615385 0.5653268701923077 0.4297164831730769 0.5319043990384615 0.3605344014423077 0.5097668269230768 0.3271144711538462
10 0.49986733413461537 0.3782390384615385 0.5203473822115384 0.41590118990384617 0.5289120192307692 0.4610984975961539 0.5151696610576922 0.5188791899038462 0.4844486081730769 0.5455794759615384 0.4678569735576923 0.521303454326923 0.45799296394230765 0.5338088725961538 0.46994667788461536 0.5607944423076924 0.49985101201923077 0.5623252812499999 0.5297242019230769 0.5204857427884615 0.5435931442307692 0.46979935817307694 0.5377416177884615 0.42401646875 0.5107199086538462 0.3758967956730769 0.49816440384615385 0.3568101298076923 0.47994624759615384 0.38577553124999997 0.4879447644230769 0.39462377884615385 0.49986733413461537 0.3782390384615385
10 0.4834669519230769 0.5321955408653847 0.5077444110576923 0.5375304375 0.5548495216346153 0.5409598870192307 0.5939418004807693 0.5532403149038462 0.6513048028846153 0.553376860576923 0.7045860721153846 0.5282817788461538 0.7355818173076922 0.48922128846153845 0.7381443437499999 0.4293215432692307 0.6998616802884615 0.39765960817307694 0.66611453125 0.4027849302884615 0.6149152740384616 0.43025620192307695 0.6099051754807692 0.4487977451923077 0.6363153653846154 0.4348971947115385 0.6929713509615384 0.40928958173076924 0.7140006802884616 0.4222313365384615 0.7243565841346153 0.4614310745192308 0.7013594086538462 0.5093398173076923 0.6526493846153846 0.5269741177884616 0.5854225721153846 0.5337141177884616 0.54050275 0.5278707716346154 0.49115258413461543 0.5188832524038461 0.4834669519230769 0.5321955408653847
10 0.4575774254807692 0.5567739951923077 0.5116995024038462 0.5556677764423077 0.5565667139423077 0.5446895985576923 0.6087923533653846 0.5159378317307692 0.6534947259615385 0.46334463942307696 0.6563104302884616 0.41763344471153846 0.619811875 0.3888235841346154 0.5855894687500001 0.4089421081730769 0.5700844663461538 0.43732197115384613 0.5816583653846154 0.4430247091346154 0.612312548076923 0.4172020817307692 0.6328211682692307 0.4194658533653846 0.6370294831730768 0.4517917668269231 0.620275391826923 0.4702983052884615 0.5836670336538462 0.4954636850961539 0.5692319735576923 0.5098010096153847 0.5428218317307693 0.5237015625 0.5088740697115385 0.5314598509615385 0.4742049783653846 0.5311731899038462 0.47242807451923075 0.5194715552884616 0.4547592019230769 0.5237164807692307 0.4575774254807692 0.5567739951923077
15 0.5505516442307692 0.4430592283653846 0.55337578125 0.4814996201923077 0.5603926947115384 0.47696393990384617 0.5505516442307692 0.4430592283653846
3 0.6646387740384616 0.5097117283653846 0.6686634639423077 0.23932508653846155 0.3554538341346154 0.1897159278846154 0.3454808317307692 0.4957234735576923 0.6646387740384616 0.5097117283653846
1 0.6539659086538462 0.7811255264423077 0.6537290288461539 0.511958923076923 0.40256928605769227 0.5082202620192308 0.3915477548076923 0.8017215408653846 0.6539659086538462 0.7811255264423077
5 0.4544344711538461 0.5980238918269231 0.44944521634615386 0.5496810745192308 0.4558505576923077 0.4831251826923077 0.4743050576923077 0.40727882932692305 0.4836624735576923 0.37202513221153843 0.43808109134615386 0.3661087427884615 0.41299402163461535 0.3801553557692308 0.41949280048076926 0.44371041346153844 0.40635233653846153 0.4935921802884616 0.40664386298076927 0.5423014831730769 0.41057037980769234 0.5958372139423077 0.40906347596153847 0.6593937331730769 0.382737 0.7334860745192308 0.3564391394230769 0.7721800624999999 0.30574443269230767 0.7895953605769231 0.24494700721153845 0.7819993509615385 0.22989316826923079 0.7431660913461537 0.23479629807692307 0.6525483341346153 0.21192767548076924 0.5411642836538462 0.18124239903846154 0.5236165889423077 0.1589568245192308 0.5096511754807692 0.12908097596153845 0.47948491346153843 0.09610058894230769 0.5115633918269231 0.07586202884615384 0.5845577091346154 0.06773944471153846 0.6473838798076923 0.07780644471153846 0.7166431033653846 0.09866630288461538 0.7755881346153846 0.13448188701923078 0.8308737115384616 0.2522268245192308 0.8615713581730768 0.30687666826923077 0.8622934759615385 0.37570839423076924 0.8344896875000001 0.43384265865384614 0.7807239879807693 0.4677138701923077 0.7039242451923078 0.4544344711538461 0.5980238918269231
2 0.5946684951923077 0 0.5723720288461538 0.030798382211538463 0.5627854254807693 0.10408345673076923 0.5961624879807692 0.14759440625 0.6880465240384616 0.16747212259615385 0.6902175528846153 0.18275743028846153 0.6585603028846154 0.22174489663461536 0.6441037764423078 0.2626310072115384 0.6559905673076922 0.29049425240384613 0.6846003533653846 0.2564806514423077 0.7094939158653847 0.23621741826923076 0.7186078317307693 0.2566943485576923 0.7218799471153846 0.30130746153846155 0.7631361538461537 0.33772272836538464 0.8265129975961538 0.34648841586538465 0.860809375 0.3166427115384615 0.8733480552884616 0.27465977884615383 0.8800591826923078 0.23911399278846154 0.8685736201923077 0.20598481971153845 0.8147548076923077 0.15933241826923078 0.7908786250000001 0.1487316033653846 0.7928918725961539 0.11355228125 0.7918051009615384 0.06652525 0.7901021682692307 0.045096370192307694 0.7759774783653846 0.002825485576923077 0.7554702403846154 0 0.5946684951923077 0
10 0.5075443076923076 0.7853191923076923 0.47798148557692305 0.7705504711538461 0.4667276826923077 0.7781586442307693 0.45744429567307693 0.8036850889423076 0.46839488221153847 0.8438355432692308 0.5199375 0.8415595408653846 0.5541670552884616 0.8125914495192308 0.5760274158653846 0.7796028870192308 0.6017305432692308 0.7399581586538461 0.6232708557692308 0.693658689903846 0.6161844951923077 0.6203033125 0.6198027091346153 0.5640602115384615 0.5921791562500001 0.5238394855769231 0.5705025288461538 0.49312554086538457 0.5706648942307692 0.4559718365384615 0.5599925360576923 0.42861765144230773 0.536203576923077 0.4442025793269231 0.5431178942307692 0.4847925288461538 0.5596356923076923 0.5131669495192308 0.5792678269230769 0.5356898918269231 0.5957784735576923 0.57291390625 0.6001347956730769 0.5857852860576923 0.5883031394230769 0.6535122932692308 0.5915752548076922 0.6981254038461538 0.5775940336538462 0.7240183533653847 0.5211769134615385 0.7815136947115384 0.5075443076923076 0.7853191923076923
6 0.5456052524038462 0.8162005216346154 0.529488375 0.8125224519230769 0.5254467740384615 0.7924199783653846 0.506615266826923 0.7887567427884616 0.5139762644230769 0.8497519158653847 0.5882511394230769 0.8818465072115385 0.6760079879807692 0.850821485576923 0.7381857331730769 0.7877666995192307 0.7507672764423077 0.6926863509615384 0.7467498533653847 0.5878082836538462 0.7095371274038461 0.5421038605769231 0.6991063221153847 0.5384315384615385 0.6999050721153846 0.5897177860576923 0.7001772235576923 0.5987744735576923 0.7094131153846154 0.6137782884615385 0.7211375913461539 0.6787952427884616 0.7026830889423077 0.7546416298076923 0.6727884807692307 0.8230299278846154 0.6060154567307692 0.8413255504807692 0.55739371875 0.8315334110576923 0.5456052524038462 0.8162005216346154
6 0.6289737692307693 0.5137402932692308 0.5490362932692308 0.5296977427884616 0.5166291442307692 0.59603865625 0.5096530504807693 0.7138637764423077 0.5254467740384615 0.7924199783653846 0.5276516995192307 0.7928488966346153 0.5456052524038462 0.8162005216346154 0.612110485576923 0.8313778269230769 0.6697909591346154 0.7660565721153846 0.7025467716346154 0.67762821875 0.7001772235576923 0.5987744735576923 0.6765120793269231 0.5603301658653846 0.6747343485576922 0.5435724951923077 0.6718242548076923 0.5288264663461538 0.6289737692307693 0.5137402932692308
0 0.5806941057692308 0.7358660721153847 0.6074146129807693 0.6653572932692308 0.6236623557692307 0.6184736201923078 0.6377533798076923 0.538605451923077 0.6601207740384616 0.48280307211538465 0.6319758798076923 0.4830953197115385 0.6242090673076923 0.5149844423076924 0.6015773942307692 0.6018752091346153 0.574417360576923 0.6431291730769231 0.5484109711538461 0.7305324903846154 0.5479028798076923 0.7973078004807692 0.5604814134615385 0.7958804447115385 0.5806941057692308 0.7358660721153847
0 0.5478773822115385 0.8006588317307692 0.5478188557692307 0.8083505576923078 0.5701044350961538 0.8223159375000001 0.5940091875 0.7975183990384616 0.5478773822115385 0.8006588317307692
0 0.5346543509615385 0.8060124134615385 0.5172314975961538 0.833295485576923 0.48967739182692305 0.87096578125 0.42444240624999996 0.8690753269230769 0.3777002259615384 0.8258591634615384 0.3797940192307693 0.8163840240384614 0.35620279567307694 0.8190610504807693 0.37429689182692305 0.8617700673076923 0.41554599038461537 0.9070349711538461 0.47005493028846157 0.9183620408653846 0.5461924759615384 0.8559631346153846 0.5532380168269231 0.8160290024038462 0.5346543509615385 0.8060124134615385