4 0.6369958341346155 0.4112835072115385 0.6676158245192307 0.4127864831730769 0.6786642019230769 0.4131142692307692 0.6843492379807692 0.41048120432692303 0.6869003149038462 0.38117961778846154 0.6825928653846154 0.3793834182692307 0.675652173076923 0.37934842788461537 0.6717848966346154 0.37819326201923076 0.6436926490384616 0.37803980528846154 0.6400493485576924 0.38000886057692307 0.6392390528846155 0.3817201057692308 0.6362019711538461 0.4090081682692308 0.6369958341346155 0.4112835072115385
13 0.5873499278846154 0.4536089663461539 0.5890137596153846 0.44968983413461533 0.5998978245192308 0.44241017788461534 0.6041923004807692 0.4348607019230769 0.6045598293269231 0.4306392860576923 0.5998666826923077 0.41998056250000004 0.5914895961538462 0.41365666105769233 0.5907173509615384 0.4111330048076923 0.5918086947115385 0.40619361538461535 0.5904449447115385 0.40476715384615386 0.5225721370192308 0.4019880192307692 0.5196310336538461 0.40348741826923074 0.5158545649038462 0.4202786418269231 0.5141890192307692 0.45460056490384615 0.5167409759615385 0.45757090384615384 0.5246943197115385 0.4592671826923077 0.529131485576923 0.45957346875 0.5336309134615385 0.45726566586538464 0.5381571514423077 0.4584478125 0.5447899831730769 0.4582209951923077 0.5611774879807693 0.45988881490384614 0.5741352908653846 0.4591733701923077 0.5819779447115384 0.46024210817307687 0.5856454615384615 0.4598938725961539 0.5885865600961538 0.4583944735576923 0.5890889951923077 0.4564214158653846 0.5873499278846154 0.4536089663461539
14 0.6119130432692308 0.4905000745192308 0.6115238942307692 0.4949698100961539 0.6131306490384616 0.4974030360576923 0.6165361346153847 0.4981654855769231 0.6233012788461539 0.49831789182692304 0.6283731899038462 0.49703034615384617 0.636118985576923 0.49161581971153845 0.6535061682692308 0.4855992548076923 0.6557883124999999 0.48407287499999996 0.6581110985576923 0.48018072596153843 0.6584301971153846 0.4727176778846154 0.6447027427884616 0.47277860096153845 0.6418074759615385 0.47565049519230773 0.6161020144230769 0.4860613293269231 0.6119130432692308 0.4905000745192308
15 0.6368220600961538 0.5234180913461539 0.6461287764423077 0.5190642908653846 0.6532969014423077 0.5088912427884615 0.6554199254807693 0.5034956875 0.6669906177884616 0.4845315697115385 0.6672284302884616 0.4818000649038462 0.6658646802884616 0.4803736033653846 0.6573172307692308 0.4779053846153846 0.6481609903846154 0.4957223485576923 0.6362824375 0.5144246586538461 0.6346670384615384 0.5215854206730769 0.6368220600961538 0.5234180913461539
15 0.5850565673076923 0.5103335216346154 0.5892507283653846 0.5096330432692308 0.5923431682692308 0.5063954182692307 0.6014457884615385 0.4815985528846154 0.6018349350961538 0.4771288197115385 0.5959881874999999 0.4740235745192308 0.5933091081730769 0.4744122836538462 0.5906110072115385 0.4769184471153846 0.58586771875 0.4934208798076923 0.5806332331730769 0.5041715168269231 0.5808814278846154 0.5089165480769231 0.5850565673076923 0.5103335216346154
15 0.5519408389423077 0.5147092475961539 0.5619030408653847 0.47624137259615384 0.5620059471153847 0.47126150961538466 0.5591028942307692 0.468526 0.552672420673077 0.4721253581730769 0.5515110264423077 0.47407143509615385 0.5457628701923076 0.49451998076923076 0.54247240625 0.513324735576923 0.5446300240384615 0.5170265360576923 0.5484082283653846 0.51730584375 0.5519408389423077 0.5147092475961539
14 0.43652610336538467 0.5035041538461539 0.435245375 0.5144166778846154 0.43812681009615384 0.5174005072115384 0.4433578413461538 0.5199821298076923 0.45051472836538464 0.5175339399038461 0.4537394735576923 0.5146755336538461 0.4550305817307692 0.5112395480769231 0.45211455528846156 0.4991583629807692 0.45408105048076924 0.4917627740384616 0.4537896201923077 0.487514375 0.44745686298076925 0.4823955985576923 0.44260114663461536 0.4811999615384615 0.4365217740384616 0.48456448798076923 0.43429065384615384 0.49120163701923075 0.43652610336538467 0.5035041538461539
8 0.7195075216346154 0.29529343509615386 0.7163640600961538 0.29342029807692305 0.720004766826923 0.28958211057692307 0.7187248990384615 0.2852932427884615 0.7206965841346153 0.2816359182692308 0.7160786778846154 0.2777087764423077 0.7197193846153845 0.2738705865384615 0.71514471875 0.26944681009615384 0.7161279687500001 0.2657490120192308 0.713929704326923 0.26441298317307693 0.7128495985576924 0.2616275144230769 0.7141839471153847 0.25769489182692307 0.7108839591346154 0.25382171153846156 0.7112731081730769 0.2493519783653846 0.7142142115384615 0.24785258173076924 0.7170255985576923 0.24784309615384614 0.7170204086538461 0.24410482692307692 0.7132179855769232 0.2422047043269231 0.7136019447115385 0.23399669951923074 0.7158192307692308 0.23321527884615384 0.7168967403846154 0.23413161057692308 0.7168803125000001 0.23811819711538462 0.7197833653846154 0.24085370673076925 0.7257788557692308 0.24035159134615383 0.7315175144230769 0.24469842788461538 0.7316740384615384 0.24669846634615386 0.7277661129807692 0.2479090721153846 0.7264291730769231 0.2499725625 0.7281924543269231 0.25440582692307695 0.7344093269230769 0.25515879326923074 0.73594084375 0.2508604375 0.7355145072115385 0.24436368028846156 0.7322845673076923 0.24348381730769234 0.7364761370192308 0.24091420192307694 0.738048295673077 0.23425007451923077 0.7403356105769231 0.18898864423076922 0.7365790240384615 0.18846102163461537 0.734628954326923 0.19187002403846154 0.7331545096153846 0.18981602403846154 0.7265649182692309 0.18954620432692307 0.7251847379807692 0.19210633173076924 0.7193916033653847 0.1959809855769231 0.716996173076923 0.19501068990384615 0.7172556081730769 0.1920308653846154 0.7201102307692308 0.1915247451923077 0.7201750889423076 0.1907797860576923 0.7178687307692309 0.19068535096153846 0.7167938173076924 0.19163815384615385 0.7138284975961539 0.19151673317307694 0.7130804663461539 0.19061389182692307 0.7150953918269232 0.18645993028846153 0.7133779471153846 0.18339916346153845 0.7144260528846154 0.17895641105769233 0.7135137091346154 0.17044612740384618 0.7147832019230769 0.1672584591346154 0.7138111923076923 0.1632313966346154 0.7215163437500001 0.16018264423076925 0.7265718269230769 0.16288168269230768 0.7322568629807692 0.1602486201923077 0.7326840600961538 0.15154398076923076 0.7303292716346154 0.14820791105769232 0.7309942764423076 0.13677176682692307 0.728242560096154 0.13229802884615385 0.7137186466346154 0.12821447596153845 0.7065349519230769 0.1271727235576923 0.5020742379807692 0.11331834615384614 0.47659101923076924 0.10978286778846155 0.43294318028846157 0.10600202403846154 0.3070767668269231 0.09711021634615384 0.2727192139423077 0.09296216586538461 0.1902792548076923 0.08659611538461538 0.14680956490384614 0.08456699278846153 0.14296390384615384 0.08316350961538463 0.12853165625000001 0.08182495192307693 0.12190141826923077 0.08392090625 0.11964868028846154 0.0908063701923077 0.12010182932692308 0.10079307451923077 0.11682174278846154 0.12707436778846154 0.1179718966346154 0.13285314903846154 0.11622159374999999 0.1377655576923077 0.11636687980769231 0.14749045192307692 0.11389794711538462 0.1568591009615385 0.11478348076923076 0.1618794375 0.11310841346153847 0.17352342788461536 0.1136428485576923 0.1787785889423077 0.11176282692307692 0.18518090865384615 0.11188649278846154 0.19515412259615386 0.11004970913461538 0.20105980528846154 0.10486107692307692 0.26065625480769233 0.10236534134615384 0.2665349567307692 0.10248295432692307 0.28797129567307694 0.10659583173076922 0.2920023605769231 0.12531131490384614 0.2935163004807692 0.13044808173076922 0.2914837980769231 0.13523894230769232 0.2934243918269231 0.13709993990384614 0.28913952644230767 0.14302538221153846 0.28564409375 0.14387631971153847 0.28156707451923074 0.15171378365384616 0.2788975456730769 0.15799551442307694 0.2789055528846154 0.16212741826923077 0.28081916346153846 0.16559516586538464 0.27896752644230766 0.17229285576923076 0.27799575240384616 0.175325625 0.2792413485576923 0.17496329086538462 0.2872010360576923 0.17689952163461536 0.28964775 0.17821743990384614 0.2897017139423077 0.18045634615384615 0.2886719735576923 0.1845078173076923 0.28011573076923074 0.18718429567307693 0.27785788701923075 0.19921851923076922 0.2763570144230769 0.2020350985576923 0.28008579567307695 0.19375746153846155 0.28211429326923076 0.19248537980769231 0.2834328293269231 0.1927871875 0.2951577644230769 0.19617105769230767 0.29616853365384616 0.20016805048076922 0.29583378846153846 0.2038762091346154 0.2931197788461538 0.2059888533653846 0.2802476875 0.20961053365384613 0.2785269543269231 0.2131293076923077 0.28178608173076924 0.21301516586538463 0.29449080048076925 0.21400619711538463 0.29640040865384615 0.21756561538461539 0.2972937644230769 0.2205741706730769 0.2969185456730769 0.2239528485576923 0.2941910456730769 0.2240989951923077 0.2887145456730769 0.22688097596153847 0.2833459735576923 0.2298436971153846 0.2815982596153846 0.2321068173076923 0.2821893317307692 0.2337351923076923 0.2843742403846154 0.23296208653846154 0.2970519783653846 0.23860907211538462 0.2986538197115384 0.24098028846153846 0.2980033028846154 0.24547712259615384 0.2938263653846154 0.2438893918269231 0.28927568509615387 0.24805414903846154 0.28321612259615386 0.25130311298076924 0.2819785336538462 0.25361206490384613 0.2839421057692308 0.25539956009615383 0.2899961850961538 0.25305515384615385 0.29413665625 0.25310358173076924 0.2973782860576923 0.2583562355769231 0.2997115985576923 0.2616942692307692 0.2993498677884615 0.26689330048076926 0.2947032764423077 0.2646682307692308 0.2898772932692308 0.2683305528846154 0.2857907884615385 0.27092055528846154 0.2845262211538462 0.2739317091346154 0.2860201346153846 0.27514672115384614 0.2910539615384615 0.2718406826923077 0.29864390865384616 0.27907021153846157 0.30105816346153846 0.2820571514423077 0.30093126201923076 0.28517120673076923 0.2974453149038462 0.28828785576923077 0.29582850240384617 0.2854038269230769 0.29097554567307693 0.28941725 0.28665420913461537 0.29233673317307696 0.2854031298076923 0.29435944471153846 0.28685657451923074 0.2962550360576923 0.29166906009615384 0.29191732451923075 0.2997151730769231 0.3013883533653846 0.30296881971153844 0.30395673557692304 0.3019525673076923 0.3063011418269231 0.2978120985576923 0.3093961730769231 0.2964436081730769 0.3063391899038461 0.2935771923076923 0.3069281033653846 0.2906108629807692 0.3126779951923077 0.28723284134615384 0.3143928461538461 0.2884244783653846 0.31600219471153845 0.2927268389423077 0.31201558173076926 0.30053812259615387 0.32025516826923073 0.30274453125 0.32376875240384617 0.3022653870192308 0.32751755288461537 0.29718560817307693 0.3261728269230769 0.2936416923076923 0.3277717932692308 0.29046751682692307 0.33306249278846156 0.2885659182692308 0.3354363028846154 0.28978453365384615 0.3374183725961538 0.2936037475961539 0.33694274759615384 0.29906675721153847 0.3424816418269231 0.30191019471153846 0.3440399639423077 0.3011017860576923 0.34824277163461537 0.29080731730769227 0.34984433653846153 0.2895022764423077 0.35511601201923076 0.2897181298076923 0.35819721153846157 0.2942053581730769 0.35710586538461536 0.29914474759615384 0.3578564903846154 0.30191672596153846 0.36348186057692305 0.30376688701923077 0.36572076442307694 0.3027371466346154 0.3673845889423077 0.2988180120192308 0.36711477884615384 0.2943212980769231 0.37022883653846156 0.29083534855769233 0.37543565384615385 0.2917961610576923 0.3776148870192308 0.2952496442307692 0.3767475216346154 0.30331325240384616 0.38193271874999996 0.3045223798076923 0.3862591923076923 0.304201125 0.3884280504807692 0.3001780697115385 0.38817985817307693 0.29543303365384616 0.39131553365384614 0.2916987692307692 0.3964384663461538 0.29552199038461535 0.39634074999999996 0.30424012259615385 0.3988062283653846 0.30820373076923074 0.40243050721153845 0.30835213221153845 0.4112564086538461 0.30572307451923075 0.4207948894230769 0.3101009014423077 0.4317057668269231 0.30631119471153845 0.4367180072115385 0.3095068701923077 0.4426918798076923 0.3092530697115385 0.44809067548076925 0.30610987980769233 0.4461086081730769 0.3022906658653846 0.44819098798076923 0.29926088701923076 0.45326549278846157 0.29984247115384616 0.45503136778846154 0.30614487259615386 0.45802089903846155 0.3078871057692308 0.4642516081730769 0.3027843509615385 0.46459751923076925 0.29881125240384615 0.4696668341346154 0.2956545697115385 0.4741714495192308 0.2970850360576923 0.4794941490384615 0.30241165625 0.48007700961538463 0.3109084543269231 0.4830665408653846 0.3126506875 0.5247591201923076 0.3161022668269231 0.5299443173076923 0.31731139423076926 0.5369282475961539 0.31684975 0.5493619975961539 0.3183556802884615 0.6804758725961538 0.32584252644230766 0.6859014783653846 0.32618928605769226 0.6945976634615385 0.32505014182692304 0.7074473725961539 0.32557628605769234 0.7152822379807693 0.3210376201923077 0.7143102283653846 0.31701056009615386 0.7187231802884615 0.3156960336538462 0.7209491081730769 0.30532061538461536 0.7193639735576922 0.3026390697115385 0.7146838052884615 0.30132601923076924 0.7202365312500001 0.2983137331730769 0.7195075216346154 0.29529343509615386
10 0.15529915384615386 0.2984822451923077 0.15978993749999998 0.3057684326923077 0.16532882692307693 0.30861186778846156 0.1694607283653846 0.3105254831730769 0.1730633870192308 0.31092220192307696 0.17605032211538463 0.3107953004807692 0.17701454326923077 0.3092149591346154 0.1770768076923077 0.3066008677884616 0.17094641346153847 0.3048546298076923 0.16742763701923075 0.3015955 0.15769543990384616 0.28425114663461537 0.15661793028846155 0.28333481490384615 0.15134625480769232 0.2831189591346154 0.14553150240384616 0.2872419326923077 0.13557620913461538 0.2990452860576923 0.13047143990384616 0.3083060096153846 0.12276802163461539 0.32842529567307693 0.10697032692307692 0.40353638461538466 0.10456020192307693 0.4236232067307692 0.10632002884615385 0.4413887307692308 0.11477754567307692 0.4581824831730769 0.12990853605769231 0.47238364663461535 0.14427851923076923 0.47633629326923077 0.14704407211538462 0.47495431009615385 0.13774340384615386 0.46784498076923076 0.11974221634615384 0.44293513461538464 0.1175820048076923 0.4373641995192308 0.11594065625 0.4258336177884615 0.11769700721153847 0.40945808653846155 0.13328889182692308 0.34430671634615384 0.14054954567307693 0.3216772644230769 0.148101625 0.30329620913461536 0.1505567235576923 0.29978328125 0.15529915384615386 0.2984822451923077
10 0.1804650841346154 0.5164445817307692 0.17762429326923077 0.5110949831730769 0.1776191033653846 0.5073567139423077 0.17168932932692307 0.4919124807692308 0.16938901682692306 0.48035492067307695 0.17077265384615387 0.46446253125 0.17276596153846152 0.46055688942307693 0.1725073870192308 0.4483353173076923 0.17414959855769233 0.44466450240384614 0.1735286875 0.4404026153846154 0.17547875480769232 0.4369936081730769 0.17989861298076923 0.4090145576923077 0.1818486826923077 0.40560555288461536 0.18429080288461538 0.3927469543269231 0.1824989783653846 0.3677532067307692 0.17720654326923077 0.3525842764423077 0.1733989326923077 0.3469458846153846 0.17312912259615384 0.3424491682692308 0.17088243269230768 0.33787150961538465 0.17386677163461536 0.3358754735576923 0.18651671394230768 0.33489821875 0.18769713221153847 0.3308346899038461 0.18297372596153846 0.3300182740384615 0.17856077403846154 0.3313328028846154 0.16893062499999997 0.32420998557692304 0.16348599519230772 0.3259806778846154 0.1577144831730769 0.32960701442307694 0.15675285576923076 0.3330564903846154 0.15965850480769234 0.3376611346153846 0.15931259615384616 0.3416342307692308 0.16263420192307693 0.34525909134615385 0.16325511057692307 0.3495209807692307 0.16620399759615384 0.35362898557692307 0.1658580889423077 0.3576020817307692 0.16878536057692306 0.3619584086538462 0.1712525721153846 0.3829925480769231 0.16886406971153844 0.4028310504807692 0.15719480048076925 0.44571469471153846 0.15533554086538462 0.4670700913461538 0.1566154110576923 0.4713589591346154 0.15491872355769232 0.48325126682692304 0.1569224110576923 0.4868221658653846 0.16176084134615382 0.5072057836538462 0.17073636298076922 0.5332412884615384 0.17687714182692307 0.5424640649038461 0.1833093485576923 0.5559352379807693 0.19585033653846157 0.5714009711538461 0.20425163701923077 0.5793456899038462 0.20904249519230772 0.5812862812499999 0.24044107211538462 0.5991056947115385 0.27219462259615385 0.6090474495192308 0.31722700721153846 0.6082324278846154 0.3949530769230769 0.5761839639423078 0.4894316418269231 0.5036078197115385 0.5434525721153846 0.48055979567307694 0.5423741850961539 0.4625677668269231 0.5240685985576923 0.4804308461538461 0.47033607932692306 0.500167 0.3952857235576923 0.5622381322115385 0.32013740865384616 0.5950568653846153 0.27229646394230766 0.5977510961538461 0.22355026442307693 0.5804661923076924 0.19562967788461538 0.5467508846153846 0.1804650841346154 0.5164445817307692
10 0.19826325 0.5114011177884615 0.19560060576923075 0.5078032403846154 0.18371252884615386 0.5038276153846154 0.1803018485576923 0.49932689423076926 0.18498028125 0.4835694182692307 0.1900850504807692 0.47430869471153847 0.20017006009615385 0.46101543028846154 0.20260094471153847 0.4558816875 0.2128208605769231 0.44483678125 0.21612689903846152 0.4372468317307692 0.22103709134615385 0.43022097596153847 0.22175571875 0.42576473317307695 0.2210700673076923 0.3696616947115385 0.21109908413461537 0.4228363461538462 0.20145684134615383 0.4386397788461539 0.18157305528846154 0.4657364375 0.17723015384615384 0.47004427884615385 0.17208214663461538 0.47980163942307696 0.17119056249999998 0.48624443028846154 0.17339920432692307 0.49505699759615385 0.18104642548076924 0.5135619975961538 0.18651786298076922 0.5152812548076923 0.18245601201923078 0.5163609567307692 0.18186709855769229 0.5193272884615385 0.19615060576923077 0.5242732115384615 0.20909834615384615 0.5109465 0.23482251682692307 0.5035529423076923 0.23995409615384616 0.4977821658653846 0.23577636057692308 0.4944960576923077 0.2300887283653846 0.4952599879807692 0.2247357644230769 0.49977567307692305 0.20248162740384615 0.512321454326923 0.19826325 0.5114011177884615
10 0.22819598076923078 0.3923019230769231 0.23114139423076924 0.3622688677884615 0.24132931009615385 0.3439957403846154 0.25875421634615386 0.3406209447115385 0.28507646634615386 0.3167706514423077 0.2711362884615385 0.31487037740384616 0.24724697115384617 0.33489290384615383 0.2442116033653846 0.33177817548076927 0.24225634615384614 0.33144890865384613 0.22825822355769232 0.34221450721153845 0.2207874278846154 0.35586401923076927 0.21822682932692306 0.3624876754807692 0.2160709471153846 0.37585640625 0.21506522115384616 0.39500391586538464 0.21865059375 0.4145886177884615 0.23173553605769232 0.45798744471153846 0.23896846634615385 0.48938032451923075 0.24913317548076924 0.5017579206730769 0.2758735841346154 0.5414114278846154 0.28655743990384613 0.5478276442307692 0.35880507451923077 0.5913387019230769 0.4179198365384615 0.6110424158653847 0.4880857091346154 0.5746959375 0.4744916009615385 0.5688214182692307 0.41550165625 0.5983133461538461 0.32883910817307693 0.5608633004807693 0.2856386081730769 0.5305107451923077 0.26323291346153843 0.5043333365384616 0.25083640865384615 0.4745773413461538 0.24028124278846155 0.44338513461538465 0.23802417307692308 0.4313309326923077 0.22970761298076925 0.40532241346153847 0.22819598076923078 0.3923019230769231
10 0.3231766658653846 0.5018403701923076 0.27260634615384616 0.4346255240384615 0.24257711057692305 0.31374339423076925 0.24868791346153846 0.4156982692307692 0.32097993990384616 0.5241917620192308 0.3254222956730769 0.5282363173076923 0.3335996153846154 0.5330568149038462 0.33944896394230767 0.5380311971153846 0.3524387668269231 0.54454396875 0.36303054326923073 0.5482173125 0.3739492043269231 0.5500350096153845 0.4120149158653846 0.5514690552884616 0.42020088221153845 0.5466955600961538 0.4236418221153846 0.5413539711538461 0.4162825769230769 0.5404296322115385 0.3864780769230769 0.5409536754807692 0.3749895264423077 0.5399848557692308 0.36268549519230764 0.5369890144230769 0.3496308341346154 0.5312211947115385 0.3402869254807692 0.5246085048076923 0.3316210024038462 0.5159053413461538 0.3231766658653846 0.5018403701923076
10 0.38517910576923076 0.34888897836538457 0.37626067788461537 0.36397443509615385 0.3604223197115385 0.39397798076923074 0.34921829326923076 0.42392207692307693 0.3473434639423077 0.4340626658653846 0.34938000721153845 0.42966038461538464 0.35344186057692306 0.4285806850961539 0.3560024591346154 0.42195703124999995 0.36220895432692307 0.4152334567307693 0.3782038389423077 0.3872299519230769 0.3918058870192308 0.3601252860576923 0.40248500000000004 0.34760395673076927 0.40386258894230764 0.3431746971153846 0.40166173317307696 0.33996953365384613 0.39779445192307694 0.3388143677884615 0.38517910576923076 0.34888897836538457
10 0.3465660264423077 0.42780074038461535 0.3481892091346154 0.426247375 0.3534582908653846 0.4245940961538462 0.351541079326923 0.4200299278846154 0.35714828125000003 0.40879614903846156 0.35882334855769227 0.3971521538461538 0.3674719639423077 0.3775699831730769 0.37242539903846156 0.3700474903846154 0.37278773798076925 0.3620878052884615 0.3746028990384615 0.3564304423076923 0.37352279326923077 0.35364497596153843 0.3705332620192308 0.3519027403846154 0.36506960817307693 0.3557908894230769 0.3616502860576923 0.36088415625000003 0.3608884206730769 0.3658370384615385 0.3545790216346154 0.3775404735576923 0.3486259086538462 0.3927473509615385 0.34563292548076924 0.404337375 0.33967462259615383 0.41580598557692305 0.33235430528846155 0.44291865865384616 0.3267254831730769 0.4544007596153846 0.32575261298076924 0.46557509375 0.32137166105769227 0.4741178389423077 0.32366158894230773 0.47819886778846155 0.2969073317307692 0.5202186225961538 0.230651125 0.6331698197115384 0.23920511538461536 0.636179028846154 0.3302347548076923 0.4824552740384615 0.33060228125 0.47823385817307695 0.33321131009615385 0.4748518341346154 0.3332277379807692 0.47086524759615384 0.33721435096153846 0.4630539639423077 0.34250245673076923 0.4592832307692308 0.33922409134615383 0.4551617355769231 0.34216259615384614 0.45179319951923075 0.34980115384615384 0.4324188725961538 0.3465660264423077 0.42780074038461535
10 0.7055819591346153 0.5058822692307692 0.7034649831730769 0.49981469951923074 0.7032496514423077 0.4870964903846154 0.6968952764423076 0.48222603365384614 0.6840619975961538 0.4777132980769231 0.6713420096153846 0.47569723557692306 0.6596588846153846 0.47696328605769234 0.6584352283653847 0.48152345192307694 0.6601716995192307 0.4824667668269231 0.678184983173077 0.4844503605769231 0.6891710985576923 0.4873922379807692 0.6915016706730769 0.4891074903846154 0.6926898725961539 0.4906513629807692 0.7353298269230769 0.5904607235576923 0.7266583990384615 0.6419473774038462 0.7076876514423076 0.6877021418269231 0.6932419567307692 0.701734826923077 0.6433961778846153 0.7375838341346154 0.6014873605769231 0.7531509615384615 0.5350833557692307 0.7564146081730769 0.4672549591346154 0.7456604278846153 0.4197249591346154 0.7068218990384616 0.4041266442307692 0.6480259831730769 0.3918256298076923 0.6019806370192308 0.38086688461538465 0.5962140312499999 0.38730700240384613 0.6386957139423076 0.4087220408653846 0.7116892307692309 0.46698005048076924 0.7589438966346154 0.5429639254807692 0.7697001105769231 0.6368176177884616 0.7549304735576924 0.7096054831730769 0.708720358173077 0.7430660985576923 0.6382988966346154 0.7444405889423076 0.5718815384615384 0.7172910336538462 0.5233075697115385 0.7156600625 0.5192535264423077 0.711371639423077 0.515339875 0.7114096875 0.51110496875 0.7055819591346153 0.5058822692307692
10 0.4473599879807692 0.4284390144230769 0.45307614663461543 0.40076224759615386 0.45533407451923075 0.39761505288461535 0.46671624519230764 0.36942267548076924 0.4764077788461538 0.3416594807692308 0.48068149278846156 0.3191569278846154 0.47938000240384615 0.3151163774038462 0.4738194927884616 0.3125212572115385 0.47010873798076924 0.3133661322115385 0.4645586081730769 0.3182475528846154 0.4641201730769231 0.33467705288461536 0.4584264951923077 0.34690410336538463 0.4568543317307692 0.3535682307692308 0.45418044711538463 0.3576952139423077 0.4535050576923077 0.36165481730769233 0.4499724519230769 0.36425141105769226 0.44732018509615384 0.3681300721153846 0.44053430048076925 0.40049790865384616 0.43392741826923076 0.4194160745192308 0.4286704567307692 0.44561642307692306 0.4321753990384615 0.45473127163461535 0.4334604567307692 0.4627584110576923 0.43755431009615386 0.46890692788461535 0.4379754567307692 0.4716654134615385 0.4441162355769231 0.4808881923076923 0.44994136778846155 0.4842417548076923 0.4534385216346154 0.48774920192307697 0.4557500697115385 0.49158190865384616 0.4537135240384615 0.4959841875 0.45641940865384617 0.49908543028846153 0.4619747283653846 0.4979422788461539 0.46579357932692306 0.4958558125 0.4681189591346154 0.4938327956730769 0.4686430144230769 0.4916114182692307 0.46465725721153844 0.48422130769230765 0.45056054086538466 0.47143311538461535 0.4496101490384615 0.4671577379807692 0.447212125 0.4643183028846154 0.4435670889423077 0.4492168269230769 0.4440971899038461 0.4355323269230769 0.4473599879807692 0.4284390144230769
10 0.30482141346153846 0.5708542475961539 0.3018572908653846 0.5441434230769231 0.29859540865384615 0.4702241346153846 0.30101747115384614 0.44240437740384614 0.31975747836538465 0.3992991177884615 0.34957156730769234 0.3606356971153846 0.3974432572115385 0.33733590865384616 0.41227525721153846 0.34924372115384616 0.43023293269230767 0.32386128846153844 0.40071296875 0.3301576658653846 0.3747184807692308 0.3350759110576923 0.34698044471153844 0.34989383173076927 0.31990362019230767 0.37736881971153846 0.29893186778846154 0.41572952403846153 0.29083527403846154 0.44797009134615384 0.28797872355769233 0.5010320360576923 0.2873405576923077 0.5488669302884616 0.28913782211538464 0.5788536586538462 0.3016228028846154 0.5873416850961538 0.30482141346153846 0.5708542475961539
10 0.46271121153846156 0.31674258653846155 0.4489440985576923 0.31285519471153844 0.4415211490384615 0.33346096875 0.45165062259615385 0.3222723221153846 0.4551913653846154 0.34235939182692304 0.4439269639423077 0.3704818317307692 0.4385811346153846 0.40150553846153847 0.44095507932692307 0.4248685168269231 0.4251119110576923 0.4448266418269231 0.43085747355769227 0.4497150360576923 0.4462393629807692 0.43505593509615387 0.44714855528846154 0.41448634615384616 0.4549875504807692 0.3649520793269231 0.46443737740384616 0.33742009615384616 0.46271121153846156 0.31674258653846155
10 0.25150414182692304 0.46430751923076924 0.2549296129807692 0.4857193221153846 0.25344373798076925 0.5129126875 0.25476615865384616 0.5382268125 0.26773934374999997 0.5613590625 0.2861428846153846 0.5727484375 0.3088812331730769 0.5849799615384615 0.33464505048076926 0.5827112091346154 0.35436159615384616 0.568894375 0.35905563221153847 0.5757339399038461 0.3729246538461538 0.5683249302884615 0.3563356850961539 0.5563451538461538 0.34188998798076925 0.5703778605769231 0.3221600673076923 0.5742232067307692 0.29638275240384615 0.5665203605769231 0.27340037740384615 0.5469666538461538 0.2675126201923077 0.5234597980769231 0.26865248557692306 0.5002406995192308 0.2674454014423077 0.47360182211538465 0.26868724278846157 0.439086375 0.2743347788461538 0.4147223653846154 0.2768280096153846 0.39621184134615384 0.28352706971153846 0.36989668750000004 0.28133949038461536 0.3545181706730769 0.29168119951923077 0.33699375000000004 0.3020364038461538 0.32944091586538465 0.32492075721153846 0.3197421586538462 0.34329744471153845 0.3111883076923077 0.35232614423076924 0.3188701033653846 0.3705662764423077 0.32557156009615384 0.3701261466346154 0.3169400024038461 0.3546463701923077 0.30234669471153847 0.3232656899038462 0.30837387740384614 0.30219590865384616 0.3174821971153846 0.2816586418269231 0.3306007379807693 0.27108626201923075 0.35077465865384616 0.269067875 0.3739577860576923 0.26424105528846153 0.3990201370192308 0.25917020192307694 0.4167603894230769 0.2537532043269231 0.43847487980769234 0.25150414182692304 0.46430751923076924
15 0.5350977668269231 0.5030232644230769 0.5264220240384615 0.47233805769230763 0.5179628533653846 0.4770616802884616 0.5258517548076923 0.5079625889423076 0.5350977668269231 0.5030232644230769
10 0.1941346346153846 0.36891080048076924 0.20089136778846153 0.34193325721153844 0.2040623076923077 0.31376978125000005 0.19032293269230768 0.32155842788461536 0.19000378125 0.34547588461538464 0.1791430625 0.36896167788461537 0.17297651442307693 0.39928704326923076 0.16250202403846153 0.44871337980769227 0.16372260576923076 0.48532386057692306 0.17625188942307693 0.4831779567307692 0.1755771826923077 0.4605492836538462 0.17740906971153844 0.4293816754807693 0.18608234375000002 0.3905173846153846 0.1941346346153846 0.36891080048076924
3 0.727378110576923 0.5424709110576923 0.7500126442307693 0.25887120432692307 0.151881 0.22642250721153845 0.1312011610576923 0.52470709375 0.727378110576923 0.5424709110576923
3 0.6915407644230769 0.8224590745192307 0.7153554254807692 0.5556659735576923 0.25388789182692306 0.5432974759615384 0.22145926201923077 0.8145115192307693 0.6915407644230769 0.8224590745192307
6 0.7565189495192308 0.6634305168269231 0.8051268293269231 0.621548233173077 0.7989814759615383 0.5807476730769231 0.7730484663461539 0.5444547908653846 0.7350034134615384 0.5156428221153846 0.7200569062500001 0.5143245192307693 0.7589353485576923 0.5445416370192308 0.7917230408653846 0.5831094206730769 0.7887819639423077 0.6168905408653846 0.7419887235576923 0.6581823990384615 0.6677053677884615 0.6810655048076922 0.5785016033653846 0.7133086995192308 0.48648934375 0.7474311250000001 0.38887968509615384 0.7716382740384616 0.40043346874999997 0.7779359038461539 0.4250370408653846 0.7748280216346154 0.4858549951923077 0.7547172403846154 0.5902234014423077 0.7204360264423078 0.681068798076923 0.68958953125 0.7565189495192308 0.6634305168269231
6 0.2040905360576923 0.5178344423076923 0.16756783653846152 0.5322926586538462 0.12521110336538463 0.5631303798076923 0.10600974759615384 0.6115346586538462 0.10617880769230768 0.6500962836538461 0.12527055048076924 0.6940859326923078 0.17482015625 0.7426463221153846 0.21566021153846154 0.7596074759615384 0.21937713942307693 0.7608727115384616 0.22786981730769232 0.7500327812500001 0.23774386778846154 0.7537059759615385 0.24498214663461537 0.7468486394230769 0.2551951538461539 0.7206773701923077 0.28470740384615384 0.6753542403846153 0.3006524759615385 0.6440997884615385 0.3076130168269231 0.5945295673076922 0.3005449014423077 0.5643270192307692 0.2541765985576923 0.5298563221153846 0.2040905360576923 0.5178344423076923
0 0.35599193990384614 0.6869146875 0.3866941033653846 0.698807548076923 0.4651217379807692 0.7093309759615385 0.5507635673076924 0.7281266658653845 0.6303003365384616 0.7360365048076923 0.7225393197115384 0.739813341346154 0.792457204326923 0.7366935745192307 0.8191879495192308 0.7131928485576923 0.8166583774038462 0.6612398389423078 0.7898334879807692 0.614939391826923 0.7588161298076923 0.5864151682692308 0.7174094807692307 0.5619952307692307 0.7021602620192307 0.56852346875 0.6922870120192308 0.5661441971153847 0.6852998365384615 0.5701102259615385 0.6332088846153846 0.5912430745192307 0.5717565168269231 0.6186399711538461 0.5180816009615385 0.6377137307692308 0.4468374158653846 0.6560681177884615 0.3890585 0.6716501802884616 0.35599193990384614 0.6869146875
0 0.22528685336538462 0.6895396033653847 0.20682182692307693 0.7193613942307693 0.1856904278846154 0.7696808725961539 0.1724653125 0.8203240360576923 0.19342930288461538 0.86306084375 0.22192657451923076 0.890152375 0.29630788942307695 0.8965216899038461 0.36317323557692305 0.8879590745192308 0.42558858413461537 0.8798789735576923 0.4460682524038461 0.8674228100961539 0.43447515625000005 0.8689422980769231 0.41023757451923076 0.8739324951923078 0.3370499158653846 0.88423046875 0.27679514903846153 0.8877459014423077 0.22443316586538462 0.8816134687499999 0.19514585096153844 0.8332179927884616 0.19525164182692306 0.7813728677884615 0.22730142788461538 0.7069052259615384 0.2685797764423077 0.6580754663461538 0.33344800240384614 0.6015700264423077 0.42861463221153845 0.5615941490384615 0.5149081274038462 0.5425264927884615 0.60720478125 0.5456409639423077 0.6922870120192308 0.5661441971153847 0.7062585168269231 0.5582137548076923 0.6618426826923076 0.5458839735576922 0.6019781658653847 0.53479115625 0.5415370336538461 0.5303221177884615 0.48169937500000004 0.5391725144230769 0.4383219903846154 0.5513558293269231 0.36193572115384615 0.5781412379807692 0.30686332932692306 0.6031404399038461 0.2606601346153846 0.6477801394230769 0.22528685336538462 0.6895396033653847