14 0.21235664182692307 0.30062959134615386 0.21235664182692307 0.28663868509615387 0.20662227163461538 0.28086743509615386 0.20310765865384614 0.2820916394230769 0.19977802403846154 0.28663868509615387 0.19903810576923078 0.2911857283653846 0.2008879014423077 0.29958027163461537 0.2008879014423077 0.3128716346153846 0.20273769951923076 0.3163693605769231 0.20828708894230769 0.32056663221153847 0.21198668028846154 0.3184679951923077 0.2138364783653846 0.31497026923076926 0.21420643749999999 0.3090241346153846 0.21235664182692307 0.30062959134615386
14 0.2478727331730769 0.26775096153846156 0.2402885673076923 0.26302903125 0.23640399519230768 0.2653025528846154 0.23455419951923076 0.27509618750000003 0.23899371153846155 0.28523959375 0.24232334375 0.29783140865384616 0.2493525721153846 0.3023784543269231 0.2534221225961538 0.2988807283653846 0.25453200240384616 0.29048618509615387 0.2504624495192308 0.28174186778846155 0.2478727331730769 0.26775096153846156
4 0.2103218653846154 0.38509968509615383 0.1862745096153846 0.3847499134615384 0.18331483653846153 0.3857992307692308 0.1820199783653846 0.38772298076923073 0.18054013942307692 0.4087093389423077 0.18128006009615383 0.4164043365384615 0.18257491586538463 0.41762854086538465 0.19515353365384616 0.41937740384615385 0.2106918245192308 0.41832808653846154 0.2160562331730769 0.41920251923076923 0.21753607211538462 0.41815319951923074 0.21864594951923078 0.41290661057692307 0.21938586778846153 0.38772298076923073 0.2103218653846154 0.38509968509615383
4 0.23732889423076922 0.3864987764423077 0.23566407692307692 0.39192025240384615 0.23492415865384614 0.4171038822115385 0.23658897596153847 0.41867786057692313 0.24620791826923077 0.4207764951923077 0.27007029326923077 0.4206016081730769 0.2722900480769231 0.4167541105769231 0.2737698846153846 0.38842252644230774 0.26470588221153846 0.3857992307692308 0.23732889423076922 0.3864987764423077
13 0.3466518677884615 0.4471843293269231 0.34517203125 0.4433368317307692 0.34702182692307687 0.44053864903846157 0.34739178605769233 0.4307450168269231 0.3449870504807692 0.42882126682692306 0.3340732524038461 0.4426372860576923 0.32926378125 0.451731375 0.32223455528846157 0.4608254639423077 0.3207547163461539 0.4667715985576923 0.31705512500000005 0.4706190985576923 0.3190898990384615 0.4728926201923077 0.32389937019230775 0.47219307451923076 0.32852386298076924 0.4734172788461538 0.33629300721153843 0.4699195528846154 0.34258231490384616 0.4569779639423077 0.34591194951923077 0.45348023798076925 0.3466518677884615 0.4471843293269231
13 0.32112467548076923 0.4419377403846154 0.3274139855769231 0.4356418317307692 0.32926378125 0.43004547115384617 0.3322234543269231 0.42864637980769227 0.33925268269230774 0.4199020625 0.3375878653846154 0.41762854086538465 0.28949315625 0.41552990625 0.28505364423076923 0.42217558653846154 0.2758046610576923 0.4239244495192308 0.26785053605769227 0.4310947884615385 0.26489086298076925 0.4398391057692308 0.26674065865384616 0.4510318293269231 0.2739548653846154 0.4575026225961538 0.28375878605769234 0.4622245528846154 0.28690343990384615 0.47114375721153845 0.29559748317307694 0.47236796153846156 0.3031816490384615 0.47184330288461535 0.30928597836538463 0.4660720528846154 0.31409544951923074 0.4583770552884615 0.32112467548076923 0.4419377403846154
7 0.45967443509615385 0.38894718509615384 0.4186089519230769 0.38719832211538463 0.41657417788461537 0.3891220697115385 0.41213466586538466 0.4188527451923077 0.4137994831730769 0.4239244495192308 0.4293377740384615 0.42567331249999996 0.5227524975961538 0.4268975168269231 0.5264520913461539 0.3926197980769231 0.5257121706730769 0.3898216153846154 0.5240473557692308 0.38894718509615384 0.45967443509615385 0.38894718509615384
10 0.6459489447115385 0.44018887740384616 0.6496485384615384 0.4268975168269231 0.6492785793269231 0.4038125216346154 0.6433592307692308 0.3824763894230769 0.6148723629807692 0.3160195865384615 0.6000739927884615 0.2743966418269231 0.5972992980769231 0.2707240288461538 0.5935997043269231 0.2700244831730769 0.5900850913461538 0.2743966418269231 0.593044764423077 0.2841902764423077 0.6233814278846155 0.36149003125 0.6315205336538461 0.37897866346153847 0.6381798004807693 0.3989157043269231 0.6403995552884615 0.4178034278846154 0.6381798004807693 0.4321441057692308 0.6256011826923077 0.45977614663461536 0.5963743990384616 0.5024484086538462 0.5775064735576924 0.5262329495192307 0.5771365144230769 0.5314795384615384 0.5819459855769231 0.5328786298076923 0.5862005168269231 0.5309548798076923 0.5897151322115385 0.5265827211538462 0.6311505745192308 0.46817068990384614 0.6459489447115385 0.44018887740384616
10 0.5860155384615384 0.39122070673076925 0.5852756201923077 0.3765302548076923 0.5767665552884615 0.32966072115384615 0.5671476129807692 0.3034277716346154 0.5582685913461538 0.2869884567307692 0.5558638557692308 0.2857642524038461 0.5512393629807693 0.28663868509615387 0.5504994447115384 0.2911857283653846 0.5638179807692307 0.31741867788461536 0.5741768413461539 0.36813571153846153 0.5756566778846154 0.4017138870192308 0.5738068822115385 0.41535501923076923 0.5671476129807692 0.4352920600961539 0.5606733269230769 0.4435117163461539 0.5562338149038462 0.4452605817307692 0.5469848317307693 0.445960125 0.5225675168269232 0.44456103605769226 0.5194228629807692 0.4471843293269231 0.5225675168269232 0.45225603365384615 0.5406955240384616 0.45435466826923077 0.55197928125 0.4541797836538462 0.5658527572115385 0.4505071706730769 0.57528671875 0.44018887740384616 0.5826859038461538 0.4206016081730769 0.5860155384615384 0.39122070673076925
10 0.3547909735576923 0.5793983918269231 0.3481317043269231 0.5692549831730769 0.34073251923076925 0.5535152139423076 0.3355530889423077 0.5304302211538462 0.3348131706730769 0.5097936346153846 0.3359230480769231 0.5027981802884616 0.3381428052884615 0.49825113701923074 0.34036256009615384 0.48670863942307696 0.3466518677884615 0.4730675072115385 0.36551979326923073 0.4489331923076923 0.37347391826923076 0.44491080769230773 0.3908620048076923 0.4270724038461538 0.3982611923076923 0.42287513221153844 0.40566037740384614 0.4270724038461538 0.4062153173076923 0.4314445600961539 0.40769515384615385 0.4314445600961539 0.40695523557692304 0.4275970625 0.41139474759615385 0.4237495625 0.40677025480769236 0.41762854086538465 0.39937106971153846 0.41518013221153843 0.39419163942307694 0.41552990625 0.38346281971153845 0.42182581249999995 0.3775434711538462 0.42987058413461543 0.37384387740384617 0.4312696754807692 0.3477617451923077 0.4548793293269231 0.33444321153846157 0.47551591346153843 0.3277839447115385 0.4923050024038461 0.32519422836538464 0.5244840865384616 0.3277839447115385 0.5451206706730769 0.3322234543269231 0.5605106682692308 0.34036256009615384 0.5776495288461538 0.34739178605769233 0.5877929350961538 0.35682575 0.5970619086538462 0.36810950721153846 0.5982861129807693 0.37217906009615387 0.5961874783653847 0.3651498341346154 0.5923399783653847 0.3636699951923077 0.5888422524038461 0.3547909735576923 0.5793983918269231
10 0.46466888701923076 0.5524658966346154 0.4661487235576923 0.523434766826923 0.4654088052884615 0.4933543197115385 0.4624491298076923 0.47236796153846156 0.46318904807692307 0.4629240985576923 0.45652978125000004 0.45208114663461535 0.45227524999999996 0.44945785336538463 0.4461709206730769 0.4527806923076923 0.44395116586538463 0.45802728125 0.4446910841346154 0.4629240985576923 0.45098039182692307 0.4667715985576923 0.4520902692307692 0.47026932451923076 0.4539400673076923 0.5433718076923078 0.4517203100961539 0.5594613509615385 0.44802071875 0.5689052115384615 0.44413614423076925 0.5725778245192308 0.4398816129807692 0.5647079399038462 0.4359970408653846 0.5620846442307692 0.43007769230769227 0.5631339639423077 0.42656307692307693 0.5689052115384615 0.42841287499999997 0.5738020288461538 0.43433222355769235 0.5793983918269231 0.4435812067307693 0.5923399783653847 0.44839067788461534 0.5923399783653847 0.4502404735576923 0.5846449807692308 0.45578986298076923 0.5797481634615385 0.46170921153846156 0.5678558942307692 0.46466888701923076 0.5524658966346154
2 0.18367558413461538 0.0026219447115384616 0.011056569711538462 0.02594689182692308 0.016974995192307694 0.1528346298076923 0 0.23213945192307694 0.059389908653846156 0.2200104495192308 0.1826892043269231 0.29651628365384614 0.19255314903846152 0.26106244230769227 0.12251916346153847 0.2032164951923077 0.05741714903846154 0.18082456490384613 0.08410406009615384 0.16928996153846151 0.29316541826923076 0.13343257932692307 0.2951381778846154 0.02053985576923077 0.26653272596153843 0 0.18367558413461538 0.0026219447115384616
5 0.8889476322115384 0.9483216129807693 0.9915325865384615 0.7160051562499999 0.9806823389423076 0.6208393629807692 0.8593558004807692 0.5620605024038462 0.7163286177884616 0.8680838076923076 0.5299000673076922 0.8214339110576923 0.5022809951923077 0.4445027451923077 0.43679859615384614 0.42812172115384617 0.4056143173076923 0.8055729759615384 0.5683693870192308 0.9567186081730769 0.8889476322115384 0.9483216129807693
15 0.3030293629807692 0.5378025336538461 0.3097792355769231 0.49108079807692306 0.2971109350961539 0.49021965624999997 0.2971109350961539 0.5368695504807692 0.3030293629807692 0.5378025336538461
15 0.4503637716346154 0.48175352884615386 0.43816536057692307 0.5219415625 0.4480293052884615 0.5275395721153846 0.4608524615384615 0.48555466586538465 0.4503637716346154 0.48175352884615386
15 0.46886173557692307 0.48641716346153846 0.45690686778846157 0.5275395721153846 0.4717027836538461 0.5238075673076923 0.47762113461538463 0.48648764903846153 0.46886173557692307 0.48641716346153846
15 0.33937597836538463 0.47592398317307694 0.33558033173076923 0.5154106057692307 0.3424851370192308 0.5163435889423077 0.33937597836538463 0.47592398317307694
10 0.3671449951923077 0.43237377884615386 0.36221302403846156 0.47342571875 0.3710905144230769 0.5060806274038462 0.37503610576923074 0.5378025336538461 0.3878592620192308 0.5359365312500001 0.38588642788461536 0.5144775865384615 0.3740497259615384 0.47435868509615386 0.3760224855769231 0.43703876923076923 0.3898320216346154 0.3997188509615385 0.40068234375 0.39318786057692307 0.41830063221153846 0.3779876418269231 0.40857352884615383 0.3754609038461538 0.3809544567307693 0.39318786057692307 0.3671449951923077 0.43237377884615386
10 0.3523490817307692 0.40438384134615385 0.3158524447115385 0.45103373557692306 0.2971109350961539 0.4948846442307693 0.2833014759615385 0.5359365312500001 0.28527423317307693 0.5863184326923077 0.2971109350961539 0.5891174182692308 0.29612455528846154 0.5508645192307692 0.2921789639423077 0.5294055745192308 0.3168388221153846 0.4752916850961538 0.3454442740384615 0.4286417908653846 0.3878592620192308 0.3875898677884615 0.4047354567307692 0.38848082211538465 0.40955990865384617 0.37732690625000004 0.3878592620192308 0.38199189423076924 0.3523490817307692 0.40438384134615385
10 0.1629613173076923 0.48462164663461543 0.19452598076923078 0.5256735697115384 0.24483207932692308 0.5657924711538461 0.2971109350961539 0.5891174182692308 0.34840348798076926 0.6087103966346153 0.39870958653846156 0.6087103966346153 0.43520614663461543 0.6115093822115385 0.42632865865384617 0.5891174182692308 0.42238306490384614 0.5891174182692308 0.4233694447115385 0.605911375 0.38292729086538463 0.5993804182692307 0.3444578966346154 0.5965813966346154 0.28626061298076927 0.5713904807692308 0.2389137283653846 0.5527305216346154 0.21129465625000002 0.5228745817307693 0.1728252596153846 0.48648764903846153 0.1826892043269231 0.4566317283653846 0.22904978365384615 0.4538327235576923 0.25666878125000003 0.47249268028846153 0.2724510769230769 0.47622468749999997 0.2329953028846154 0.44823473317307694 0.1984715 0.44356974278846156 0.16789328846153848 0.4566317283653846 0.1629613173076923 0.48462164663461543
10 0.038675641826923075 0.49675064903846156 0.054457937500000005 0.5396685384615385 0.09588654567307693 0.5713904807692308 0.16789328846153848 0.5928494254807692 0.22904978365384615 0.5993804182692307 0.2971109350961539 0.6031123870192308 0.34347151682692306 0.5937824086538461 0.3977232067307692 0.5928494254807692 0.4016687980769231 0.5807204591346153 0.3730633485576923 0.5844524302884616 0.33360757211538467 0.59191640625 0.27836950240384617 0.5891174182692308 0.22806332932692308 0.5844524302884616 0.15507020673076924 0.5788544567307692 0.0998320625 0.5592614783653846 0.0662947139423077 0.5256735697115384 0.048539584134615385 0.48368866346153844 0.07024023076923078 0.44916773317307696 0.12054640384615384 0.4398377548076923 0.16690690865384614 0.45943075 0.1984715 0.4771576706730769 0.21030827644230768 0.4771576706730769 0.21188365865384615 0.47455000721153845 0.18367558413461538 0.45943075 0.14717902163461538 0.4407707908653846 0.1156144326923077 0.4314408125 0.07418582451923077 0.43237377884615386 0.04952596394230769 0.45289972115384614 0.038675641826923075 0.49675064903846156
1 0.14206435096153847 0.5610353269230769 0.12745113461538463 0.832629858173077 0.48945783653846153 0.8811457908653846 0.5111585600961539 0.5825864278846153 0.14206435096153847 0.5610353269230769
3 0.15932911778846154 0.2625626682692308 0.13435586538461539 0.5413435961538462 0.6078251610576924 0.5702665528846154 0.6295258822115385 0.25677923557692306 0.15932911778846154 0.2625626682692308
10 0.21030827644230768 0.6126332932692308 0.2004443341346154 0.6826081538461538 0.20438992548076923 0.7553819831730769 0.23990010817307691 0.8262898100961539 0.2813286418269231 0.8748057091346154 0.32473000721153844 0.8897336971153845 0.37799531971153844 0.8785377139423077 0.3878592620192308 0.8682747163461539 0.37503610576923074 0.8598777572115384 0.3523490817307692 0.8757387283653847 0.31782527884615386 0.8822696850961538 0.27836950240384617 0.841217798076923 0.23398175721153847 0.7740419423076923 0.21030827644230768 0.7115310745192308 0.21326741346153846 0.6378242620192308 0.2359545144230769 0.5939733365384615 0.27935588221153845 0.5641174134615384 0.3050021201923077 0.5314624879807692 0.3122456298076923 0.4782558004807692 0.28626061298076927 0.49600855528846155 0.28527423317307693 0.5379934615384616 0.25370964423076925 0.5697154038461538 0.21030827644230768 0.6126332932692308
6 0.06530825961538461 0.8860017620192308 0.13336948557692307 0.9279866322115384 0.18762117548076923 0.9391825769230769 0.25469602403846153 0.9251876081730769 0.3040157403846154 0.8990636754807693 0.3158524447115385 0.8664087475961538 0.3040157403846154 0.8580118245192309 0.2892198269230769 0.8990636754807693 0.22904978365384615 0.9139916995192308 0.15112461538461539 0.9223885865384616 0.10279127644230769 0.8999967307692308 0.050512343749999994 0.8486818461538461 0.02092051201923077 0.7880369110576922 0.01894775480769231 0.7320570360576923 0.03670288221153846 0.6676801658653846 0.07418582451923077 0.6191643221153846 0.0905391923076923 0.6091959711538462 0.09490009134615383 0.5930403509615385 0.09521899038461538 0.5864044951923076 0.08799536057692309 0.5893083461538462 0.04262123317307693 0.6359582596153845 0.015988540865384617 0.6919381322115385 0.00513821875 0.7721759399038461 0.029798076923076924 0.841217798076923 0.06530825961538461 0.8860017620192308
6 0.2251041923076923 0.89066675 0.27935588221153845 0.8841356875 0.3138796850961538 0.8225578389423076 0.3257163870192308 0.7292580504807693 0.3069748798076923 0.6527522139423076 0.27836950240384617 0.6107673076923077 0.21030827644230768 0.5771794158653847 0.12745113461538463 0.5734473918269231 0.10752177403846154 0.5814588605769231 0.10064743990384616 0.6030343942307692 0.0905391923076923 0.6091959711538462 0.07122668509615385 0.6807421514423078 0.07122668509615385 0.7441860024038461 0.1136415985576923 0.8076298509615385 0.1619749375 0.8608107403846154 0.2251041923076923 0.89066675
0 0.2714646971153846 0.8673677956730769 0.2714646971153846 0.7871039254807692 0.2438456995192308 0.7143300625000001 0.22017222115384616 0.6891391466346154 0.2004443341346154 0.6434222355769231 0.19551236057692306 0.6023703317307693 0.19255314903846152 0.5566534375 0.15605658653846152 0.5202665048076923 0.14453074519230769 0.5225603365384616 0.17677085336538462 0.5594524230769231 0.18959400961538464 0.6359582596153845 0.20438992548076923 0.6835411370192308 0.23990010817307691 0.7413870144230769 0.26455996634615386 0.8216248197115384 0.26554634615384615 0.8636097259615384 0.26220440625 0.8659804999999999 0.2714646971153846 0.8673677956730769
0 0.26061769711538463 0.8671061105769231 0.26220440625 0.8659804999999999 0.21524024759615384 0.8589447355769231 0.24285924519230767 0.8869346730769231 0.2714646971153846 0.8710737379807691 0.2714646971153846 0.8686771442307692 0.26061769711538463 0.8671061105769231
0 0.2971109350961539 0.9345175889423077 0.3365667115384615 0.9709045216346154 0.3819409110576923 0.9876984399038461 0.44507009134615383 0.9848994903846153 0.4845258653846154 0.967172514423077 0.5220088822115385 0.9354505721153846 0.5456823629807692 0.9083936538461538 0.5328535384615385 0.9065355817307693 0.5081993461538462 0.9410485456730769 0.46479797836538467 0.9699715360576923 0.39673682692307694 0.9783684615384616 0.3543218389423077 0.9625075264423076 0.30105652884615386 0.9167906129807691 0.2911925841346154 0.87667178125 0.2803422620192308 0.8748057091346154 0.27836950240384617 0.89066675 0.2971109350961539 0.9345175889423077
15 0.24287828365384617 0.4819867091346154 0.23991860817307692 0.48163693509615385 0.23640399519230768 0.4839104591346154 0.23640399519230768 0.48915704807692306 0.2486126514423077 0.5230849951923077 0.25064742788461536 0.5260580625 0.25453200240384616 0.5269324927884615 0.2567517572115384 0.5255334038461539 0.2563817980769231 0.5185379495192307 0.24454310096153845 0.4839104591346154 0.24287828365384617 0.4819867091346154
15 0.18701442788461536 0.4763903461538461 0.1842397331730769 0.47936341346153843 0.18312985576923074 0.48356068509615385 0.19237883894230767 0.5122420432692307 0.19718831009615384 0.5199370408653846 0.20347761778846152 0.5230849951923077 0.20347761778846152 0.5146904519230769 0.19533851201923078 0.49055613942307696 0.19126896153846154 0.47936341346153843 0.18701442788461536 0.4763903461538461