12 0.4197081682692308 0.7216903942307693 0.42735108173076924 0.7109535961538461 0.4354244711538462 0.6949781754807692 0.43953764182692306 0.6753948461538462 0.44111997115384616 0.653091795673077 0.4407936875 0.6387796298076923 0.43743295432692303 0.6324470456730769 0.42150972836538464 0.6342531706730768 0.4158241754807692 0.6333586322115384 0.4100528557692308 0.6304607163461539 0.40798697596153843 0.6266533822115385 0.40726723317307695 0.6232236730769232 0.4084662067307692 0.6177743125 0.41539696153846156 0.608086233173077 0.4199490865384616 0.6044910288461538 0.4226119254807692 0.6040808725961538 0.42243786057692306 0.5985813076923077 0.4143290865384615 0.593657389423077 0.4110246899038461 0.5881627836538461 0.4044260048076923 0.5831448125 0.39516701201923077 0.5800298076923076 0.38514204807692304 0.5786183509615385 0.3744881586538461 0.5787661778846154 0.3693558701923077 0.5802802163461538 0.36150945673076923 0.5843520528846153 0.35767202163461537 0.5883913485576924 0.34869976682692305 0.5924518725961538 0.3361549639423077 0.6110402524038462 0.32761913701923073 0.6295960961538462 0.32289384374999996 0.6444400552884615 0.3214628341346154 0.6588073822115385 0.32164953846153843 0.6717709975961538 0.32364734134615386 0.6840246201923077 0.32867038221153844 0.69907575 0.33478730528846157 0.7114799831730768 0.3429869038461538 0.7213928990384615 0.35706544230769227 0.7328940721153846 0.3652818341346154 0.7365083293269231 0.3771204254807692 0.7387026057692307 0.3942258341346154 0.7377457716346154 0.40931664423076924 0.7308339711538461 0.4197081682692308 0.7216903942307693
15 0.46443401923076927 0.686276514423077 0.43810410576923076 0.6882693629807692 0.4365965432692308 0.6898562283653846 0.4361391610576923 0.6954222668269231 0.4410318341346154 0.6983477668269231 0.45857782932692304 0.698123545673077 0.4654405024038461 0.6968817596153846 0.4695814735576923 0.6937193365384615 0.47089312499999997 0.6899459399038462 0.4690206298076923 0.6868323293269231 0.46443401923076927 0.686276514423077
15 0.4860952211538461 0.5217053100961538 0.4881240865384615 0.5198688124999999 0.4882804591346154 0.5149187091346155 0.4864617788461538 0.5111502716346153 0.45439918749999997 0.5006335144230769 0.4525048485576923 0.5008329375 0.45039526682692305 0.503651673076923 0.45081653125000004 0.5091901322115384 0.4860952211538461 0.5217053100961538
15 0.4169273533653846 0.3929221923076923 0.41330515384615385 0.3943421754807692 0.41056918269230774 0.4002130048076923 0.40670663461538464 0.43807635817307694 0.40610299038461534 0.4545637427884615 0.40806125 0.45968073076923077 0.4118818918269231 0.4619400889423077 0.41414279086538464 0.45118562740384616 0.41817850721153843 0.4020735144230769 0.4178623341346154 0.39373259134615385 0.4169273533653846 0.3929221923076923
15 0.42559607211538464 0.38798479086538457 0.4283472091346154 0.39107081971153845 0.4291501971153846 0.3950111009615384 0.4320501201923077 0.3886685961538462 0.43458928365384614 0.3638629110576923 0.4369249399038461 0.3323922668269231 0.43557122355769234 0.3275362163461538 0.4359209855769231 0.32327983653846154 0.43501290625 0.32214202163461536 0.4337231081730769 0.32260238461538465 0.4325510384615385 0.32772433173076926 0.4304389350961539 0.32905025721153847 0.42962168028846154 0.3329014423076923 0.4253169134615385 0.3852876947115385 0.42559607211538464 0.38798479086538457
15 0.4286628894230769 0.2531552716346154 0.42805076682692306 0.24841590384615383 0.42535343990384616 0.24467504807692306 0.4214033293269231 0.2470383798076923 0.4203388798076923 0.2508506706730769 0.41620059615384614 0.3042580576923077 0.41839178846153846 0.3172054014423077 0.4197698846153846 0.3202412235576923 0.42177184375 0.31873214663461535 0.42416979326923077 0.3078334230769231 0.42735466826923074 0.27516980288461534 0.4286628894230769 0.2531552716346154
4 0.38764655528846154 0.5009094927884615 0.39039010817307696 0.49951709375000003 0.39367754807692307 0.4625581947115384 0.39133756490384614 0.45903938701923075 0.38279578605769227 0.45786128365384615 0.36436609374999995 0.4551274663461538 0.36104743028846153 0.45742432211538464 0.3596819735576923 0.4618525480769231 0.3570082884615384 0.48829530288461537 0.3575960360576923 0.4948548942307692 0.36114257451923076 0.49740277403846156 0.38091840384615383 0.5005142139423077 0.38764655528846154 0.5009094927884615
4 0.3961157716346154 0.4267922740384615 0.39698683653846156 0.4222862620192308 0.39841441826923074 0.3896778052884615 0.3959668173076923 0.3874686514423077 0.37959542307692307 0.3840637331730769 0.36632998076923073 0.38247408173076924 0.3632854182692308 0.3844824158653846 0.3615080721153846 0.4213472572115385 0.36293997836538466 0.4237282548076923 0.3651109471153846 0.4247331177884615 0.38708465144230775 0.42852200721153844 0.3943610072115385 0.4283402475961538 0.3961157716346154 0.4267922740384615
4 0.36572617307692307 0.35020930528846156 0.3934123317307692 0.35456531730769225 0.4020617283653846 0.35443376201923077 0.40096026201923074 0.3526022283653846 0.40059028125 0.34491613221153844 0.4026081394230769 0.3203600769230769 0.40168742548076924 0.3117582139423077 0.3983342764423077 0.30990405288461537 0.37224144951923077 0.30596455528846156 0.36930450721153846 0.3066632331730769 0.36730760096153847 0.31115793509615386 0.3659724711538462 0.333499875 0.3665576923076923 0.33856665865384616 0.36495514663461537 0.34892723076923077 0.36572617307692307 0.35020930528846156
4 0.4109446274038462 0.28137657211538464 0.4085533629807693 0.28000539903846156 0.40714836057692305 0.27729698798076924 0.4094739134615385 0.23985510576923078 0.40828920673076924 0.23751300240384615 0.4066395360576923 0.2362585096153846 0.37807473076923076 0.23193007692307693 0.37538751201923076 0.23416046153846154 0.37438698317307695 0.24328916105769233 0.3730081538461538 0.2722571754807692 0.3739776201923077 0.27721859134615384 0.4027921514423077 0.2830787211538462 0.41092025 0.28319679567307693 0.4109446274038462 0.28137657211538464
14 0.49052603125 0.44645523317307695 0.4755545817307692 0.4427731057692308 0.4678056802884616 0.43956404807692306 0.46483425 0.4361117091346154 0.46131714182692307 0.43472922836538463 0.45328239663461534 0.44109296153846156 0.4601947235576923 0.45295904807692305 0.47420428605769227 0.45615818750000003 0.4801420913461539 0.46007723798076927 0.48700981971153845 0.46182107451923077 0.4924674975961538 0.457870875 0.49193103365384616 0.44916364423076927 0.49052603125 0.44645523317307695
14 0.48036205769230766 0.3629392331730769 0.4712644903846154 0.35785974759615385 0.46741947115384613 0.3574206129807692 0.46264452403846157 0.3591566971153846 0.45437937740384615 0.3591828870192308 0.45204697836538466 0.3601425048076923 0.45128100480769234 0.3618460504807692 0.45557166826923073 0.3660034182692308 0.45941921153846155 0.36793536298076923 0.4657757524038461 0.37590006009615384 0.47006388461538456 0.3785646177884615 0.47409976682692306 0.37820466586538465 0.481628375 0.3810474182692308 0.4858896033653846 0.38403938942307697 0.4908335600961538 0.38481725 0.49755665865384613 0.3822269110576923 0.5051928870192308 0.3837600048076923 0.5069476466346153 0.38221203125 0.5058436562499999 0.37888768990384614 0.5017220072115385 0.3772442668269231 0.49652074038461536 0.3704562716346154 0.49088394471153846 0.36592128846153843 0.48036205769230766 0.3629392331730769
14 0.4865855384615384 0.3085333317307692 0.4993910745192308 0.31419621634615386 0.50326046875 0.31281512740384615 0.5066035120192308 0.3086980432692308 0.5090191538461538 0.3082489951923077 0.5076923413461538 0.30306552884615384 0.502106826923077 0.29638290624999997 0.4850770793269231 0.2933718774038461 0.47683125 0.2885922235576923 0.4718898245192307 0.28930717067307693 0.47010815624999996 0.29118256009615384 0.4681675865384615 0.2965152403846154 0.4699618942307692 0.3021039038461538 0.47436522596153846 0.3079372355769231 0.4865855384615384 0.3085333317307692
14 0.45527017067307696 0.22036288221153846 0.45134696394230767 0.2223988004807692 0.44644507451923077 0.2302503846153846 0.4410655865384615 0.23172553124999998 0.43923011057692307 0.23425574519230768 0.4462617956730769 0.2355279014423077 0.45340868509615384 0.23996883413461537 0.45739075721153843 0.2402637091346154 0.4621362692307692 0.23736222596153847 0.48090814182692304 0.23136123317307694 0.4865490961538462 0.2221335168269231 0.48984338221153845 0.22165688221153848 0.4858318822115385 0.22019661538461538 0.4824736754807692 0.21535683653846152 0.47519478846153845 0.2140457860576923 0.4680016754807692 0.21473811298076925 0.46161154567307694 0.21937072115384615 0.45527017067307696 0.22036288221153846
10 0.5123613774038461 0.5631482091346154 0.5097380841346154 0.5706950024038462 0.5133460120192308 0.5770664855769231 0.5169194591346155 0.5792869471153846 0.5217456826923077 0.5754032259615385 0.5491584759615384 0.5480439230769231 0.5530177644230769 0.54069159375 0.5582795216346154 0.5345548653846154 0.5679319783653847 0.5267874182692307 0.569233516826923 0.51704278125 0.5647789014423077 0.5133570889423077 0.5631317596153846 0.5135954038461539 0.5616536274038462 0.5163476682692308 0.5536995961538461 0.5217291586538462 0.5322388774038461 0.545216048076923 0.5123613774038461 0.5631482091346154
10 0.506743170673077 0.5858112139423077 0.5061848557692308 0.5804170192307693 0.5040651682692308 0.5772645144230769 0.5010693629807692 0.5756324038461538 0.49253769471153847 0.5804255432692308 0.4645640600961538 0.6008978365384615 0.4504351370192308 0.608292625 0.44297550240384614 0.6137519038461539 0.4387731370192308 0.6130907211538461 0.43107299038461544 0.6062412139423077 0.4198952764423077 0.605145858173077 0.4111214663461539 0.6128857211538462 0.40764895432692305 0.6216254951923077 0.40798697596153843 0.6266533822115385 0.4094188798076923 0.6290343822115385 0.4141745024038462 0.6321041370192308 0.4220848365384615 0.6333487139423077 0.43317677884615385 0.6324406923076923 0.44615548317307696 0.6268548173076923 0.46582532211538463 0.6160203990384615 0.47202206490384613 0.6106940697115385 0.48864481730769227 0.6003751778846154 0.5060579158653846 0.5865325168269231 0.506743170673077 0.5858112139423077
3 0.49496011778846155 0.7596750408653846 0.5401593605769232 0.19437339182692306 0.25434504326923074 0.15471262980769232 0.2279128221153846 0.7282298221153846 0.49496011778846155 0.7596750408653846
1 0.5454013245192308 0.3093178990384615 0.5140860673076924 0.7635238581730769 0.7569749254807692 0.7893537860576922 0.7641530817307692 0.7913678149038461 0.7638528437500001 0.7868973317307693 0.80998140625 0.3474071009615385 0.5454013245192308 0.3093178990384615
0 0.65977746875 0.45293351201923077 0.6911908918269231 0.4118741875 0.7129465649038462 0.3746032740384615 0.7183364038461538 0.35775830288461535 0.7238580649038462 0.4205525 0.7575900336538461 0.49751633894230773 0.7807561201923078 0.5162001947115384 0.8115837475961538 0.5635136610576923 0.8225011057692307 0.5687699230769231 0.8141541850961538 0.5241088653846154 0.7754439014423077 0.49147889423076924 0.7452622235576923 0.4363052331730769 0.7268986225961539 0.3997992932692308 0.72664965625 0.3378346754807692 0.7124368293269231 0.3320598846153846 0.6958235384615384 0.3798710721153846 0.6549221971153846 0.4388998653846154 0.616761170673077 0.47270500240384616 0.5672976057692307 0.4896928341346154 0.5421542500000001 0.47069785096153843 0.517088516826923 0.41013656249999997 0.5178252091346154 0.3686739855769231 0.5380078629807692 0.3099239855769231 0.5706091274038462 0.2787826466346154 0.6140691490384615 0.26173494471153846 0.6663389879807693 0.2593430745192308 0.7427342259615385 0.28020924278846154 0.7940520745192308 0.32189998317307694 0.82400528125 0.37172978125 0.850761170673077 0.4360956033653846 0.8625017019230768 0.49632967307692305 0.850398 0.5705051538461539 0.8232524879807692 0.6246210360576924 0.7672639375 0.6803914759615384 0.6803116490384615 0.7392519951923078 0.6160611177884616 0.7574519302884616 0.5621011225961539 0.7560392644230769 0.5172833341346154 0.7489878413461538 0.5050273966346154 0.7590479975961538 0.5269806971153846 0.76909125 0.5836488125 0.7700452932692308 0.6819432596153846 0.7518938245192307 0.7231257668269231 0.7300645096153846 0.7961069783653846 0.6787369567307693 0.840545391826923 0.6335343725961539 0.8654002163461538 0.5666729807692308 0.8733663413461539 0.46973028365384617 0.8451677427884616 0.37417475 0.8006297019230769 0.3149730216346154 0.7150131201923077 0.2519621610576923 0.6029100985576923 0.24317088221153846 0.5713135721153846 0.26208519951923076 0.5189075697115384 0.31488062259615385 0.5073779759615384 0.3820692740384616 0.5152489182692308 0.4487717067307692 0.5418935264423077 0.4901191201923077 0.566664875 0.5055169663461538 0.6252121057692308 0.49172761538461535 0.65977746875 0.45293351201923077
6 0.45779075721153845 0.7549324711538462 0.48457810336538465 0.8057676298076923 0.5149941105769231 0.8255921850961538 0.5781417884615384 0.804564829326923 0.6330669543269232 0.7698586754807693 0.6939371153846154 0.7440497379807692 0.6944387163461538 0.7437149543269231 0.6649965168269231 0.7282729278846154 0.6148279110576923 0.7643350528846155 0.5617232596153846 0.7931351201923077 0.5143086899038462 0.8095606490384615 0.4654573173076923 0.7541035120192308 0.45779075721153845 0.7549324711538462
6 0.7003844350961538 0.7468334014423077 0.7713503149038462 0.7606528221153847 0.8339692331730769 0.729811125 0.8659699855769231 0.6897288798076923 0.8903941850961539 0.6281076153846155 0.8882982788461539 0.5561212836538462 0.8652493653846154 0.5197627764423077 0.8402495384615385 0.4990211370192308 0.826546451923077 0.5357896682692307 0.8289089014423077 0.5476618677884615 0.8385666490384616 0.5438734903846154 0.8433560072115385 0.5180875504807692 0.8734264014423078 0.5502428004807692 0.8817865408653845 0.6028677932692308 0.8711181538461539 0.6595761466346153 0.8362071778846154 0.7107009447115384 0.7793765048076923 0.744222641826923 0.7316352956730768 0.7402498677884615 0.7106393701923076 0.7329020576923077 0.6944387163461538 0.7437149543269231 0.7003844350961538 0.7468334014423077
6 0.7681778846153846 0.7017668317307693 0.822770608173077 0.6873553365384615 0.8315467163461538 0.6374264783653847 0.816484389423077 0.5607460961538462 0.7781461634615384 0.5317132668269231 0.7219994447115384 0.4919166802884615 0.6645609206730769 0.46784052403846155 0.5725043413461539 0.45070282451923077 0.5161496899038461 0.4621831682692308 0.48727445432692307 0.48860279326923073 0.48935715865384616 0.5526252307692308 0.5201393725961538 0.6167398317307692 0.5752813509615384 0.6687634399038462 0.6594230288461538 0.7253497139423076 0.6649965168269231 0.7282729278846154 0.6673320769230769 0.7265940889423077 0.6805356802884616 0.7223668581730769 0.7106393701923076 0.7329020576923077 0.7228972932692308 0.7247206802884616 0.7681778846153846 0.7017668317307693