7 0.46536855048076925 0.4027106442307692 0.5591756947115385 0.3727558605769231 0.5707688557692308 0.367811125 0.5721227379807693 0.3646957427884615 0.5713610649038462 0.3616779879807692 0.560613391826923 0.3360546802884615 0.5571822884615385 0.3340235576923077 0.51711003125 0.34793018990384617 0.45455909134615385 0.3668213269230769 0.4533128774038462 0.36882159134615383 0.4544130769230769 0.3731805697115385 0.46536855048076925 0.4027106442307692
4 0.7964705528846154 0.29152701682692306 0.7889769783653846 0.26492092788461535 0.7872460288461538 0.26345893509615387 0.766575173076923 0.2678974543269231 0.7547050745192307 0.27328669471153844 0.7524587980769231 0.27594985817307693 0.7591906995192308 0.2995381923076923 0.7632450144230769 0.30480931971153846 0.7882469134615384 0.29671714663461535 0.7964705528846154 0.29152701682692306
4 0.7440204206730769 0.30881105288461536 0.737565454326923 0.2847782139423077 0.7341804350961538 0.27984624999999996 0.7083399783653845 0.28692864903846155 0.699393204326923 0.2923371730769231 0.7090100889423077 0.3211889206730769 0.7105717788461539 0.3219803004807692 0.7187493341346154 0.3196910120192307 0.7358814110576923 0.31433648798076924 0.7440204206730769 0.30881105288461536
14 0.7401945048076922 0.20423293750000002 0.7427640120192307 0.2067047043269231 0.7469720865384615 0.207959875 0.7513800120192309 0.20229824278846154 0.7524261658653846 0.1987345 0.7492948365384616 0.18632817548076924 0.7489869038461539 0.17739954086538462 0.7470789423076922 0.17292364903846155 0.7427246490384616 0.16954744711538464 0.7381858028846153 0.16929434134615384 0.7347856923076923 0.17663636057692308 0.7380862860576923 0.18971329326923078 0.7383095865384616 0.19830662740384616 0.7401945048076922 0.20423293750000002
14 0.7017143221153846 0.2028632596153846 0.7085685793269231 0.1961019375 0.7086067139423077 0.18237753365384618 0.7104681778846154 0.17279371394230772 0.7091140889423078 0.16742881730769232 0.7060368028846155 0.16294521394230768 0.7024980216346154 0.16202920673076923 0.6956976009615385 0.16823296634615387 0.6963595528846154 0.18318939903846154 0.6944134615384615 0.19243791586538464 0.6976985528846154 0.20082828125000002 0.7017143221153846 0.2028632596153846
15 0.75664709375 0.41433988221153845 0.760284985576923 0.3778763798076923 0.7590155264423076 0.37284679086538464 0.7542227860576923 0.37158776442307695 0.7510610697115384 0.37524913461538467 0.7478693774038461 0.4119387427884615 0.749200423076923 0.4187540625 0.75170834375 0.41944010096153844 0.7550162764423077 0.4178997692307692 0.75664709375 0.41433988221153845
15 0.8006735336538462 0.4006825048076923 0.8046199711538461 0.39858846875 0.8080816634615384 0.39303217548076924 0.8103893221153846 0.3836744639423077 0.8106042644230769 0.36448368028846156 0.8123965985576922 0.3592511225961538 0.8096192884615385 0.35287259374999996 0.8051265264423078 0.34971863942307696 0.8018571370192308 0.354495125 0.8010648725961539 0.35906478365384614 0.7981115745192308 0.3920737427884615 0.8006735336538462 0.4006825048076923
15 0.5668324158653847 0.46553149278846157 0.5561387860576923 0.4478309014423077 0.5518997139423077 0.43720259134615386 0.5466452764423078 0.43103088461538464 0.5543083197115385 0.46678786298076924 0.5617398990384616 0.47464766826923077 0.5665787283653846 0.47300585096153847 0.5678249375 0.47100558653846153 0.5668324158653847 0.46553149278846157
15 0.5293058052884615 0.4494392043269231 0.5300444350961538 0.4539073822115384 0.5397995865384615 0.4740565961538462 0.5449616418269231 0.4775497115384616 0.5375987836538462 0.4483780889423077 0.5357832043269231 0.4465807860576923 0.5323598461538461 0.44689295192307693 0.5293058052884615 0.4494392043269231
15 0.6604774350961539 0.4118085504807692 0.6611471370192308 0.4291082692307692 0.6625242692307692 0.4330227451923077 0.6648398822115384 0.43448859375 0.6685940144230769 0.4331743677884615 0.6702017908653846 0.43106490625 0.6639315817307693 0.41238925240384616 0.6604774350961539 0.4118085504807692
10 0.5452603966346155 0.42477312500000003 0.5448833293269231 0.42019575240384616 0.5507375192307692 0.41409732932692306 0.5504450841346153 0.4098552620192307 0.547367798076923 0.40537165865384617 0.5397055745192307 0.4035357908653846 0.5359899855769231 0.4080861634615385 0.5344054567307692 0.41722548076923077 0.5304898149038462 0.42021237980769227 0.5353288485576922 0.4270508413461539 0.5388837403846154 0.45809425 0.5439615745192308 0.47821261057692305 0.5561634615384615 0.5142226971153846 0.5682417716346154 0.5297007740384616 0.5753809182692308 0.5333185096153846 0.57807359375 0.5393617331730769 0.5824123894230769 0.5380513653846154 0.5939435552884615 0.5143603485576923 0.5931202956730769 0.5095568653846153 0.58890446875 0.5059584134615385 0.5828655192307692 0.5066996490384615 0.5802576754807692 0.5094720120192308 0.5774499831730769 0.5191611730769231 0.5722340865384615 0.5162256177884615 0.5667795985576923 0.5084904350961538 0.5535005576923078 0.4666709495192308 0.5452603966346155 0.42477312500000003
10 0.35958057451923076 0.311965625 0.36283385336538465 0.2770617403846154 0.36045665144230765 0.2738101610576923 0.35781026442307695 0.27334637259615385 0.35472543269230766 0.27499976201923076 0.3529869375 0.27967476201923075 0.3485953293269231 0.3239440721153847 0.3370498846153846 0.39383018269230774 0.3363812043269231 0.4189318509615385 0.34101284134615384 0.43882410576923075 0.34756752884615383 0.45091826682692304 0.3703930985576923 0.4750590985576923 0.42359859134615385 0.5178114711538462 0.4285375456730769 0.5211915336538462 0.4331610240384615 0.5217799471153847 0.4359150841346154 0.5211286177884615 0.43788442788461535 0.5189099591346154 0.4364226658653846 0.5146601754807693 0.4125894807692308 0.4973192355769231 0.3747624831730769 0.4661613149038461 0.3579683149038461 0.4474162355769231 0.3516444783653846 0.4377784182692308 0.3477669711538462 0.4270409086538462 0.34598177163461535 0.4091759182692308 0.34680462740384616 0.39701884615384614 0.35958057451923076 0.311965625
10 0.40108522836538457 0.36077785096153847 0.3989992355769231 0.3108866754807692 0.40569137259615384 0.28035719951923077 0.4024756153846154 0.27609584374999996 0.39813682211538465 0.2774062139423077 0.39652904567307695 0.2795156778846154 0.39005225961538464 0.3078149254807692 0.3889679711538462 0.32510306971153846 0.39216170192307687 0.3732162307692307 0.3952469447115385 0.3885233966346154 0.4052714855769231 0.41436510336538457 0.4094720168269231 0.42175726201923075 0.4177729471153846 0.4315197091346154 0.42815089423076924 0.4379483798076923 0.4419597451923077 0.4379278942307692 0.4559223557692308 0.43389144951923075 0.4716850504807692 0.4269657307692307 0.47329282451923077 0.42485627163461537 0.4734465889423077 0.42084031009615386 0.47018474278846156 0.4194798028846154 0.44476743990384615 0.42823873076923075 0.43349730048076923 0.42983812259615384 0.42755827644230765 0.4271209615384616 0.4168801466346154 0.4141069375 0.40630173557692306 0.3891542355769231 0.40108522836538457 0.36077785096153847
13 0.6714231201923078 0.35419256730769233 0.6734387524038462 0.35755334375 0.6715848365384616 0.36100017067307694 0.6735158389423077 0.3640256394230769 0.677246923076923 0.3641618365384615 0.6792009735576923 0.3657368822115385 0.6845167884615384 0.36521403846153844 0.6880633173076922 0.36847333173076924 0.7041722836538462 0.36523212259615384 0.7128421225961539 0.3602681009615385 0.7186963100961539 0.3541696802884615 0.7203271322115385 0.3506097980769231 0.7211654855769231 0.34313929326923076 0.7198960264423077 0.3381097043269231 0.7137184038461538 0.33059291826923076 0.7058022884615384 0.32775112980769233 0.6932781899038462 0.32900750240384613 0.6746615120192309 0.34004294471153845 0.6698073894230769 0.34547846634615387 0.6714231201923078 0.35419256730769233
5 0.3432046033653846 0.8620558966346153 0.30494321875 0.8091179350961538 0.20287648317307694 0.633610060096154 0.20264839423076925 0.6340185264423077 0.06983985576923077 0.6750908798076923 0.06316459855769231 0.7637397524038462 0.13170055048076923 0.9653987427884616 0.17997038942307692 0.9886358221153846 0.45112691105769226 0.9696747115384615 0.5327858557692308 0.9472630360576922 0.6776021538461539 0.8140061129807693 0.6694207596153846 0.678827076923077 0.6031115913461538 0.5640909375000001 0.5672847788461538 0.46325094471153844 0.5744725360576923 0.3725220889423077 0.49349514903846153 0.3969782355769231 0.47828421875000005 0.46414031971153846 0.5326589711538461 0.6055827980769231 0.5482716514423077 0.7866469375 0.4609852548076923 0.8765393076923077 0.3432046033653846 0.8620558966346153
2 0.5810026201923078 0 0.60335925 0.06769267307692307 0.7120122331730769 0.08300753124999999 0.8174378004807692 0.044429622596153844 0.7571011754807693 0.11366917067307693 0.7562894639423077 0.18033282211538462 0.78472171875 0.2025488173076923 0.8339173389423077 0.10972150961538461 0.9163286009615385 0.07039350480769231 0.9284608485576923 0.05902868990384616 0.9120409399038463 0 0.5810026201923078 0
3 0.8726303028846154 0.3987509639423077 0.7805026923076923 0.1367868173076923 0.32353265625 0.2661830024038462 0.4142953798076923 0.5641260769230769 0.8726303028846154 0.3987509639423077
1 0.9527645432692308 0.6710263629807692 0.8666192067307693 0.4163113653846154 0.5065357908653846 0.5555201057692307 0.6073048461538462 0.8273390889423078 0.9527645432692308 0.6710263629807692
10 0.595600923076923 0.5384442019230768 0.5958082956730769 0.5557081754807692 0.6154363942307692 0.5430421322115385 0.676907701923077 0.5235144471153846 0.7131498749999999 0.5067933629807693 0.7637059374999999 0.46457238221153846 0.8185452427884615 0.3941053365384616 0.8319744567307693 0.3486583028846154 0.8077460841346155 0.31843469471153846 0.7542736826923077 0.3326587860576923 0.7209649423076924 0.3736929951923077 0.7268356514423077 0.38426185336538465 0.7437548581730768 0.36086287499999997 0.7674221634615385 0.33542594471153847 0.8001376370192308 0.3293957836538462 0.8170017043269231 0.3551054375 0.8051100168269231 0.3943126105769231 0.7455116394230769 0.4623665889423077 0.6865662524038462 0.5042334903846154 0.6394331514423077 0.5271315216346154 0.6025747596153846 0.5373006274038462 0.595600923076923 0.5384442019230768
10 0.7895512379807692 0.4683178485576923 0.7264386802884615 0.4854534206730769 0.676084108173077 0.4996984975961538 0.6835521466346154 0.5128444807692307 0.723076798076923 0.5009075600961539 0.78188178125 0.48314774759615386 0.8168731875 0.46969216105769235 0.9041655432692307 0.42503964423076923 0.9488338004807692 0.3759335528846154 0.9572782716346153 0.32717903365384615 0.9396942548076923 0.2862854110576923 0.8870395096153847 0.27908568509615383 0.8542630168269232 0.28898458173076924 0.7956470192307693 0.3403778774038461 0.7764050841346154 0.3569494038461538 0.7842251346153847 0.3650043533653846 0.7957506658653847 0.34900986057692307 0.8321759615384615 0.3206824519230769 0.8584484903846155 0.2973463918269231 0.8930920504807692 0.2907339639423077 0.9352036394230769 0.2972675072115385 0.9432084302884616 0.3372038028846154 0.9370398149038461 0.37853290384615385 0.9067891634615385 0.41077104086538463 0.8354335625 0.4486852860576923 0.7895512379807692 0.4683178485576923
10 0.6271643966346154 0.4645719086538461 0.6380727283653846 0.4765252596153846 0.6377800168269231 0.43425980288461535 0.6340217163461539 0.39881654326923077 0.6176275264423077 0.35852618990384616 0.6034907379807692 0.3271799663461538 0.5580356370192308 0.3197309855769231 0.5507139567307692 0.3277177524038462 0.5912879639423078 0.34049122596153847 0.6190672740384616 0.38889415384615383 0.6195430937499999 0.4195532548076923 0.6271643966346154 0.4645719086538461
10 0.6066992115384615 0.5495311947115384 0.6357234254807692 0.5494288341346154 0.6784025961538462 0.5047738317307693 0.6830947043269231 0.4658158365384616 0.6798672836538462 0.4119230673076923 0.6465722692307693 0.37866215144230775 0.6085608822115385 0.3554888990384616 0.5810742716346154 0.34935137740384614 0.5685164471153846 0.3812419615384615 0.577962389423077 0.3945702235576923 0.5865532115384615 0.3669484158653846 0.6061630048076924 0.3706518966346154 0.6467186177884615 0.3997948629807692 0.6666821274038461 0.44189501201923076 0.6693543365384615 0.48536701201923077 0.6544059014423076 0.5206843894230769 0.6181027187500001 0.5412742620192308 0.5959060649038461 0.5191002956730769 0.5853445384615384 0.5348036682692308 0.6066992115384615 0.5495311947115384
10 0.6148332211538462 0.3227917740384615 0.566363951923077 0.3239538533653846 0.5639511538461538 0.3477370721153846 0.5922093269230769 0.3276992980769231 0.63214878125 0.3502902307692307 0.6768899423076923 0.3877950048076923 0.7139005649038462 0.44399846875 0.7263166490384615 0.49319096634615384 0.7390746346153846 0.49030047355769235 0.7327537211538462 0.46525702644230765 0.7302461826923078 0.4265482644230769 0.7004167548076924 0.3864651322115385 0.6666092283653846 0.35528416346153846 0.6148332211538462 0.3227917740384615
6 1 0.7219675144230769 0.9992357836538462 0.72360703125 0.9229807692307692 0.7832152427884616 0.8433335336538461 0.7841675552884616 0.8143094134615385 0.7842699639423076 0.7793121322115385 0.752485704326923 0.7621855528846153 0.7586207091346153 0.796731329326923 0.788616110576923 0.8519913293269231 0.7979168293269231 0.9277824783653846 0.7981290985576923 0.9973504038461538 0.73669003125 1 0.7328017403846154 1 0.7219675144230769
6 0.8833280673076923 0.7576499134615384 0.9548424711538461 0.6792591033653845 0.9671186899038461 0.6004696947115384 0.9825980721153846 0.5467027572115385 0.9575461033653846 0.4926631802884615 0.9425326514423078 0.4571994110576923 0.922849264423077 0.45275987740384616 0.9205781153846153 0.4489604711538462 0.9079740552884614 0.4310094807692308 0.8267147692307693 0.43880483653846153 0.7689591274038462 0.48127499759615383 0.72870209375 0.5396373293269231 0.72809775 0.6235649206730769 0.7539549399038462 0.7177900240384615 0.8214663461538462 0.7715199639423077 0.8833280673076923 0.7576499134615384
0 0.8292590024038462 0.44477456730769227 0.8565323052884615 0.3884083317307692 0.8431581658653846 0.3847467932692308 0.8434114014423078 0.38603097115384616 0.829338391826923 0.4245362355769231 0.8199299278846154 0.4735819278846154 0.8318518870192307 0.5084848485576923 0.8233463197115385 0.5611081466346154 0.8092214879807693 0.6202415048076924 0.8006549158653846 0.6767335913461537 0.8130099903846154 0.7297948822115384 0.8217313990384615 0.7488864783653846 0.8345040697115385 0.7429355841346154 0.8144012451923076 0.7024223004807693 0.812876076923077 0.6470528245192307 0.8298319783653846 0.5909148125 0.8369829711538461 0.5329250288461538 0.8398264735576924 0.4743110144230769 0.8292590024038462 0.44477456730769227
0 0.81216153125 0.8291976562500001 0.8122776875 0.7762202692307691 0.8062861562499999 0.7607031778846154 0.7985740697115384 0.7630323221153846 0.8045898533653847 0.8074197091346154 0.7707514951923078 0.8542175793269231 0.7291583533653847 0.890843891826923 0.6658810745192307 0.9032163124999999 0.6050017427884615 0.9004257091346154 0.5666608798076923 0.8677260336538463 0.7324887211538461 0.7904654134615385 0.5536771538461539 0.8697221298076923 0.59326884375 0.89915625 0.6392791394230769 0.9170259254807692 0.6930809326923076 0.9123282283653846 0.757627360576923 0.8803207644230769 0.81216153125 0.8291976562500001
10 0.7127339807692308 0.7764434735576924 0.6967361346153846 0.7870505288461539 0.7206961370192307 0.8038790024038461 0.7723441682692307 0.7988691201923076 0.8262010913461538 0.7450627548076922 0.8427054975961539 0.6871359206730769 0.8515771394230769 0.611299951923077 0.8447377716346154 0.5430966490384616 0.8107412524038462 0.4782821634615385 0.7545355745192308 0.45290313221153844 0.7248525769230769 0.43395270673076924 0.7155969519230769 0.3972819495192308 0.688065076923077 0.3872378052884615 0.6730764951923077 0.40146033894230765 0.6998248581730769 0.40878343028846154 0.7138395552884614 0.44786725480769235 0.7452858894230769 0.46147215865384617 0.7975134663461538 0.4957533533653846 0.8259273221153846 0.5343388245192308 0.8337123822115384 0.6186205048076924 0.8247370264423076 0.68582453125 0.7922347764423077 0.7543584206730769 0.7492871586538462 0.7856182932692307 0.7127339807692308 0.7764434735576924
15 0.6889630408653846 0.4062127668269231 0.7012219687500001 0.426650625 0.7046875721153847 0.41982846153846154 0.6889630408653846 0.4062127668269231