9 0.4585793245192308 0.23088970913461537 0.45559176682692304 0.23772695913461536 0.45559176682692304 0.24141226201923077 0.46189883413461535 0.25864437980769234 0.4673760288461538 0.2621200192307692 0.4746789495192308 0.2632326947115385 0.48596528125 0.2605522548076923 0.49260430288461543 0.25709674278846156 0.49907734615384614 0.2505951105769231 0.5017329567307692 0.24257935817307694 0.5014010048076923 0.23771555288461538 0.4994092980769231 0.23383846875 0.49144247596153845 0.2237352451923077 0.4819818725961538 0.2211044783653846 0.4761727283653846 0.22185544471153845 0.4683718798076923 0.22388875721153845 0.46173285817307697 0.2278356418269231 0.4585793245192308 0.23088970913461537
15 0.7115259903846154 0.1876819903846154 0.7093683076923077 0.1866552716346154 0.7052189230769231 0.18691089423076923 0.7015674615384615 0.18893427163461537 0.7005716057692308 0.19227799519230768 0.7058828221153846 0.21825895192307693 0.7068786778846154 0.21982896153846154 0.7113600168269231 0.22148890384615386 0.7158413533653847 0.21848079326923076 0.7168372067307692 0.21317157451923074 0.7141815985576923 0.20521767788461537 0.7115259903846154 0.1876819903846154
15 0.7593269374999999 0.20776300480769233 0.7589949831730769 0.20216213942307693 0.7516920625 0.17942902163461538 0.7498663317307692 0.17810668509615385 0.7447210913461538 0.17875778846153847 0.7427293846153845 0.17954875480769233 0.74173353125 0.18215542067307694 0.74704475 0.19658909134615385 0.7487045048076924 0.20886946153846153 0.7516920625 0.21161400240384615 0.7531858413461539 0.21814569711538462 0.7553435240384616 0.21180181009615387 0.7593269374999999 0.20776300480769233
15 0.778248141826923 0.17346895432692305 0.7752605817307692 0.1756381514423077 0.7749286322115385 0.17789926682692309 0.7802398485576922 0.19061313221153847 0.7832274086538462 0.2029394591346154 0.7850531370192309 0.20475316826923076 0.7900324014423077 0.20523262259615385 0.7941817908653845 0.20055463701923076 0.7888705745192308 0.18268134615384615 0.7848871634615384 0.17345305769230768 0.778248141826923 0.17346895432692305
11 0.813932875 0.2436499639423077 0.8097834879807693 0.2483279495192308 0.8071278798076923 0.25757213461538464 0.80779178125 0.2618946346153846 0.8107793413461538 0.2666046706730769 0.8144308004807693 0.2685122860576923 0.8182482379807693 0.27297464663461535 0.8345138389423077 0.27052797115384614 0.8424806634615384 0.2681011658653846 0.848123829326923 0.26479544951923073 0.8584143125 0.25636831971153845 0.8635595504807692 0.2517862283653846 0.8658832091346155 0.24824277163461536 0.8675429615384616 0.24086818990384615 0.8638915024038462 0.23306409134615386 0.8557587043269231 0.22925084615384617 0.8423146850961539 0.22992182211538464 0.823559454326923 0.23753388221153846 0.813932875 0.2436499639423077
11 0.7618165697115384 0.23895928125 0.7540157187500001 0.24688907451923076 0.7506962091346154 0.2577072451923077 0.7513601105769231 0.26055562499999996 0.7576671802884616 0.26845164182692305 0.7638082740384615 0.27158173076923076 0.7677916850961538 0.27171960576923077 0.7740987548076923 0.2759303197115385 0.7764224110576923 0.2714041153846154 0.7880406971153846 0.267199625 0.8008208100961538 0.25827515865384615 0.8048042235576923 0.24711143990384615 0.8051361730769231 0.2426391418269231 0.8038083701923077 0.2391535673076923 0.7941817908653845 0.22930000240384615 0.7903643533653846 0.22827725721153846 0.7842232596153846 0.2283410985576923 0.7701153437499999 0.2320601778846154 0.7618165697115384 0.23895928125
11 0.7184969639423078 0.30014075721153843 0.7165052572115385 0.30240584615384614 0.7166712307692307 0.31183982451923076 0.7191608653846154 0.3047089423076923 0.7218164711538461 0.30283536538461536 0.724472079326923 0.2822895841346154 0.7238081778846154 0.2794412043269231 0.7218164711538461 0.27875805048076924 0.7204886682692307 0.2924705576923077 0.7184969639423078 0.30014075721153843
11 0.7196587884615385 0.23522750240384616 0.7108620889423077 0.24306140384615385 0.7042230697115385 0.25265908653846153 0.7012355096153846 0.2612161442307692 0.7015674591346154 0.26583426201923077 0.7038911177884616 0.26917004086538465 0.7143475745192307 0.2755820024038461 0.7199907403846153 0.27571590144230773 0.7219824471153846 0.2781188653846154 0.7269617139423077 0.27663282211538465 0.7292853701923078 0.27382642788461536 0.7375841466346155 0.27085831971153845 0.7457169447115385 0.26410702403846154 0.7500323076923077 0.2585441706730769 0.7546796225961538 0.24310390625 0.7523559639423076 0.2378026346153846 0.7458829206730768 0.23177423557692306 0.7382480456730769 0.23022011778846155 0.732106951923077 0.23077533413461537 0.7196587884615385 0.23522750240384616
14 0.7028952644230769 0.35334475240384616 0.6957583173076922 0.3496273966346154 0.6926047836538461 0.35022459615384616 0.6899491754807693 0.3516068028846154 0.6892852740384616 0.3573574639423077 0.6876255168269231 0.36055536778846153 0.6882894182692307 0.3651235528846154 0.6929367355769231 0.3700753028846154 0.6969201490384616 0.37881221634615386 0.6975840504807693 0.3833804014423077 0.7020653870192307 0.38626877884615385 0.70870440625 0.3867442596153846 0.7148454999999999 0.38962865865384616 0.7155094038461538 0.4023045144230769 0.7170031826923077 0.40465953125000004 0.7191608629807693 0.4027380072115384 0.7208206201923077 0.3951177403846154 0.7208206201923077 0.39118675 0.71716915625 0.38411971153846153 0.7194928149038462 0.38008488221153847 0.7181650120192308 0.3758622475961539 0.7118579423076923 0.36821192067307695 0.7028952644230769 0.35334475240384616
14 0.5216500144230769 0.2960914134615385 0.5196583076923077 0.30032199759615386 0.5203222139423077 0.30906686057692306 0.5179985552884616 0.3236662259615385 0.5219819663461538 0.3277350889423077 0.5223139158653847 0.3318618317307692 0.5199902596153846 0.33810784615384615 0.517002701923077 0.34003135336538465 0.5171686778846154 0.34430590865384614 0.5188284326923077 0.34159937980769234 0.5226458701923077 0.33991956971153847 0.5243056225961539 0.33598460336538466 0.5276251346153846 0.3325370408653846 0.5289529374999999 0.32742357451923076 0.5339322019230769 0.32298928846153846 0.5359239086538461 0.3180216466346154 0.5382475649038462 0.29654305048076923 0.5327703774038461 0.29134760096153844 0.5272931826923076 0.29106589182692305 0.5216500144230769 0.2960914134615385
14 0.48745906250000004 0.33366509375 0.49409808173076925 0.32775271394230765 0.49509393509615385 0.32563742067307694 0.4964217427884616 0.31094216586538465 0.5007371033653846 0.3039051899038462 0.4964217403846154 0.29693801442307693 0.49044662019230767 0.2966083581730769 0.4856333317307693 0.2996664014423077 0.48281175 0.3029162235576923 0.48115199278846155 0.3144674783653846 0.4788283365384615 0.3207134903846154 0.4798241899038462 0.3301454783653846 0.4856333317307693 0.33995905048076924 0.48745906250000004 0.33366509375
14 0.44762493990384616 0.3305665360576923 0.44729299038461534 0.3389698221153846 0.44862079326923077 0.3414726490384616 0.45625566826923075 0.3454836322115385 0.45625566826923075 0.3540826730769231 0.4549278629807692 0.3574763317307692 0.45642164423076925 0.3593399759615385 0.45940920192307694 0.35938196394230765 0.45957517548076926 0.34449293990384616 0.46521834615384616 0.3362734879807692 0.4648863966346154 0.33239242788461537 0.4628946875 0.3294980913461538 0.4632266394230769 0.31347851201923077 0.4622307860576923 0.3101886923076923 0.4539320120192307 0.3075060048076923 0.4491187211538462 0.3103183581730769 0.4449693341346154 0.31548771875 0.44762493990384616 0.3305665360576923
10 0.29492747836538463 0.48227524759615387 0.2962552836538462 0.47839021634615386 0.29409760336538465 0.47810055769230775 0.2916079711538461 0.47589533653846156 0.2886204110576923 0.4483364206730769 0.27467846875 0.3892575384615385 0.2657157908653846 0.3127229663461539 0.2667116442307692 0.29562077403846154 0.2693672548076923 0.2885877716346154 0.27517639423076923 0.2807118798076923 0.2811515120192308 0.27686486057692306 0.2867946826923077 0.2750332668269231 0.30372418028846154 0.2719953533653846 0.31335076201923073 0.2715300673076923 0.31949185336538466 0.26876367067307694 0.31882795192307695 0.26493254567307695 0.3170022211538462 0.26434726923076923 0.29592333413461536 0.2661666802884616 0.2818154158653846 0.2689030144230769 0.2758402956730769 0.2710302283653846 0.26405603605769234 0.2790678341346154 0.25675311298076925 0.2936791201923077 0.25509336057692306 0.3130923581730769 0.2637240841346154 0.3921337331730769 0.2783299278846154 0.45062137740384617 0.2813174903846154 0.4803914735576923 0.28878638701923076 0.4904467548076923 0.29243784615384616 0.49137162259615386 0.30306028125 0.4902651682692308 0.3233092908653846 0.4823055673076923 0.3241391682692308 0.47812690384615386 0.32297733894230773 0.4774417620192307 0.3173341706730769 0.4780449230769231 0.31069515384615387 0.480272 0.3070436899038462 0.48254106249999995 0.3023963774038462 0.48250305288461537 0.29675321153846157 0.4840889591346154 0.29492747836538463 0.48227524759615387
3 0.8260980625 0.42456217067307694 0.8199026995192308 0.1391038221153846 0.2375360721153846 0.2502963173076923 0.23930615384615386 0.51675965625 0.8260980625 0.42456217067307694
1 0.7167265745192307 0.7355594711538462 0.7088281466346154 0.44850248557692307 0.24505893028846154 0.5261269951923077 0.25833476442307696 0.789548920673077 0.7167265745192307 0.7355594711538462
14 0.7532411875 0.3820105192307693 0.7513108461538462 0.34275122596153845 0.729184454326923 0.3473901971153846 0.7380350096153846 0.3860355552884615 0.7532411875 0.3820105192307693
14 0.7999889110576923 0.37854840144230767 0.7946785240384616 0.3360937403846154 0.77432228125 0.34701997115384614 0.7831728389423076 0.3817332091346154 0.7999889110576923 0.37854840144230767
10 0.6592650384615385 0.6904408365384616 0.6424489639423077 0.7309809254807692 0.6229777668269231 0.7535704471153846 0.6448038605769231 0.7496539278846155 0.6760811105769231 0.7167469855769231 0.6999775865384615 0.6836614879807693 0.7557361250000001 0.6497154206730769 0.770782045673077 0.630412985576923 0.8150348341346153 0.5962315456730769 0.8221153052884616 0.5578112451923076 0.83185090625 0.49670949278846155 0.8168049158653846 0.46030669471153846 0.805299233173077 0.42075005528846154 0.8035290817307692 0.39611280288461537 0.7937934807692308 0.3477702427884616 0.8017589975961539 0.3223239423076923 0.7645866826923077 0.3646152980769231 0.7663567668269231 0.39384002644230764 0.7778625168269231 0.4392949134615384 0.7911383533653846 0.48055134615384615 0.7964486730769231 0.5452881442307692 0.7698970024038462 0.5892587139423078 0.7221039807692308 0.6403565552884616 0.6592650384615385 0.6904408365384616
10 0.599966264423077 0.7570318413461539 0.6259933004807692 0.7451128100961538 0.6539547139423078 0.7135216899038461 0.6698856802884615 0.6862218341346153 0.7097131875 0.6481185889423077 0.7495406947115384 0.6073939014423076 0.7884831610576923 0.54976309375 0.7937934807692308 0.49850195432692307 0.7902532451923077 0.4675773798076923 0.786713076923077 0.41109402884615387 0.7637015745192308 0.3772001971153846 0.7637015745192308 0.34639846875 0.7486556538461537 0.32703498557692307 0.7300694927884616 0.35407884134615386 0.729184454326923 0.39615471875 0.7601614038461538 0.4465449831730769 0.7645866826923077 0.5009291850961538 0.7415751778846154 0.5574743485576923 0.7088281442307692 0.6154839567307693 0.66811559375 0.6576524855769231 0.6203225721153847 0.7100610072115384 0.599966264423077 0.7570318413461539
10 0.6082892475961539 0.7469568990384615 0.61943753125 0.6846353076923077 0.6052766514423077 0.6435119278846154 0.58492034375 0.5987329975961538 0.5672192283653846 0.5483118389423077 0.574299701923077 0.5007165528846154 0.6017364158653846 0.44481646875 0.6238628076923077 0.4100311370192308 0.6592650384615385 0.3784917163461538 0.6964373509615385 0.35848245192307693 0.7415751778846154 0.3359642740384615 0.6734259158653846 0.3416278341346154 0.6132420985576923 0.38606984134615385 0.572529548076923 0.4426562163461538 0.5362422764423077 0.52741253125 0.5088055625 0.589210829326923 0.55040315625 0.6412803365384616 0.5840353004807692 0.6873391009615385 0.5813801057692308 0.73623478125 0.5866904278846155 0.7623055697115385 0.6082892475961539 0.7469568990384615
10 0.5583686730769231 0.45985943990384615 0.5459778774038462 0.3974984831730769 0.5300469158653847 0.34550031009615384 0.5088055625 0.33231156009615387 0.5026101346153846 0.3627344639423077 0.5070354134615385 0.40007943990384615 0.516771079326923 0.4340041923076923 0.5185411658653846 0.476336 0.5238514855769231 0.49716396634615384 0.5061503701923077 0.4932730192307692 0.5131299591346153 0.5139459879807693 0.5282767644230769 0.5515481418269231 0.5433227524038462 0.5853294591346153 0.5610238653846154 0.5846329158653846 0.5619089086538461 0.5071678701923077 0.5583686730769231 0.45985943990384615
10 0.33267939182692313 0.45252031730769227 0.35746104567307696 0.4835264567307692 0.3937483197115385 0.5200108894230769 0.42295511778846157 0.551006764423077 0.4698630985576923 0.5531258389423077 0.5009584230769231 0.5256043076923077 0.5096906057692308 0.49142977884615385 0.4875642115384615 0.4849277091346154 0.4795986971153846 0.5090633173076923 0.4539320697115385 0.5234097692307692 0.4362309543269231 0.5024795961538462 0.40171383413461537 0.4709717860576923 0.3716219254807692 0.45125004086538467 0.3671966466346154 0.43553181249999995 0.37781729086538457 0.40640935096153846 0.4141045625 0.4035724423076923 0.44331142788461536 0.41425228124999997 0.44685166346153843 0.43010364182692307 0.4654378197115384 0.4292739927884615 0.4698630985576923 0.40370481971153843 0.44773670432692303 0.37950817548076926 0.4105643918269231 0.36674967548076925 0.3503805072115385 0.3764578966346154 0.3291392235576923 0.4052118774038461 0.33267939182692313 0.45252031730769227
10 0.4344609375 0.5050395793269231 0.42118510096153844 0.48868663942307694 0.4300356586538462 0.45983038461538467 0.44508164423076924 0.4202119326923077 0.45924252644230773 0.38662478125 0.48313900000000004 0.37254459134615386 0.4972998822115385 0.3900751658653846 0.5247366586538461 0.3846374278846154 0.5185412307692308 0.33969448076923076 0.4813689158653846 0.32759132692307696 0.4441965360576923 0.36070775240384617 0.42915061778846153 0.39836015865384616 0.40436902884615383 0.44468590144230774 0.38666791346153845 0.5141947259615385 0.4052541394230769 0.54088996875 0.44508164423076924 0.533588389423077 0.5008401177884616 0.5147154639423077 0.48667923557692305 0.4965295961538461 0.4735158990384616 0.49730074038461536 0.4344609375 0.5050395793269231
6 0.6717120817307692 0.6987004350961539 0.6718218028846153 0.7022587211538462 0.6864251995192308 0.7914841442307693 0.7302354975961538 0.8183173245192308 0.7873216370192307 0.8107134326923077 0.8430801033653845 0.7531745889423077 0.8298042692307692 0.69520653125 0.7620975264423078 0.6641036033653845 0.7156320985576923 0.6550367451923077 0.7156320985576923 0.6878045096153845 0.7178269759615384 0.7091444807692308 0.6864251995192308 0.7000620745192307 0.6717120817307692 0.6987004350961539
6 0.6718218028846153 0.559718951923077 0.6691666754807692 0.61615121875 0.6701833557692307 0.6491229086538461 0.6824425096153846 0.6485604158653846 0.7156320985576923 0.6550367451923077 0.7156320985576923 0.6396359230769231 0.7262527091346154 0.5829885024038461 0.720942454326923 0.5582284302884616 0.7328906274038461 0.5161268125 0.7554596081730769 0.4449027355769231 0.7382009807692308 0.4042453197115385 0.6917355552884616 0.39648916586538463 0.5762358245192307 0.43450633653846155 0.48728766346153846 0.45673325000000004 0.3930292475961539 0.4797589326923077 0.27752951682692306 0.504013625 0.2655811418269231 0.4822180985576923 0.19654683413461538 0.48277192788461537 0.19647927644230767 0.4827820889423077 0.2523053076923077 0.5117400072115385 0.32532250721153844 0.5174682331730769 0.47268426201923075 0.5070985216346154 0.5364083149038461 0.4857166610576923 0.6731493653846155 0.44843655048076925 0.701028701923077 0.49241156009615383 0.6718218028846153 0.559718951923077
6 0.6701833557692307 0.6491229086538461 0.5695979062500001 0.6537381250000001 0.5284428341346155 0.6609117331730769 0.49392557932692305 0.6739680841346154 0.4487878173076923 0.6955032067307693 0.4328567548076923 0.7352548052884615 0.39568447355769226 0.7772184927884616 0.42489127403846155 0.7934688750000001 0.4687015721153846 0.8055565576923077 0.5005634975961539 0.815509375 0.5218049158653846 0.8093651418269231 0.5629599855769231 0.7707345096153847 0.5457013605769231 0.7556359375 0.5138393365384615 0.7761571778846155 0.47002913701923077 0.7788149711538461 0.47002913701923077 0.7611203870192308 0.49259801682692306 0.7321667307692308 0.5350807524038461 0.7070988293269231 0.5735805961538462 0.6924603629807693 0.6014599326923077 0.6921988918269231 0.6717120817307692 0.6987004350961539 0.6701833557692307 0.6491229086538461
10 0.48197740865384614 0.44180350721153844 0.47268426201923075 0.46089593509615384 0.5164945600961539 0.46806845192307694 0.5218049158653846 0.4328635168269231 0.5111842067307693 0.39513977163461533 0.4965808076923077 0.35015088221153845 0.49525324278846156 0.3257747548076923 0.5072014182692308 0.2876052451923077 0.5030607884615385 0.2963078942307692 0.4965808076923077 0.2528306105769231 0.44480502884615386 0.2763472475961538 0.4527705096153846 0.3193855576923077 0.4580808653846154 0.3795347836538462 0.48064974519230774 0.416444375 0.48197740865384614 0.44180350721153844
0 0.28151230528846155 0.5024315168269231 0.24699505048076925 0.4918951009615385 0.2257536346153846 0.5353945721153847 0.23086096634615386 0.5301164567307692 0.2602708870192308 0.5675577211538462 0.26159855288461537 0.6007810721153846 0.26823646875 0.6666288990384615 0.26292601442307695 0.7136302524038461 0.3293052956730769 0.7891693365384616 0.42090848076923076 0.8579650865384616 0.4687015721153846 0.8822331177884616 0.5297703966346154 0.8995890288461539 0.6253563750000001 0.9127358942307692 0.6293391658653846 0.8934591634615384 0.6160633293269231 0.8600669302884616 0.5788909495192308 0.8165067812500001 0.5496841490384615 0.7668332451923077 0.5164945600961539 0.7157927500000001 0.48728766105769233 0.6779156514423076 0.4448050264423077 0.6331881802884615 0.38771889182692304 0.5916404254807692 0.3545293028846154 0.5622265841346153 0.3266500673076923 0.5241498557692308 0.28151230528846155 0.5024315168269231