1 0.24669309134615383 0.18874007932692308 0.2429330841346154 0.48896034855769227 0.7362375625 0.48300625480769227 0.7283022932692307 0.20217075 0.24669309134615383 0.18874007932692308
3 0.11607139903846155 0.5062003966346154 0.1133250360576923 0.8422374903846154 0.7613655865384616 0.8114746081730769 0.7468176562500001 0.5038456225961538 0.11607139903846155 0.5062003966346154
14 0.17956349278846154 0.6080109134615385 0.17691799038461536 0.6080109134615385 0.1764219567307692 0.610615079326923 0.17129629567307691 0.6099950408653846 0.17063492067307692 0.6075148798076924 0.17328042307692307 0.600322420673077 0.17261904807692308 0.5963541658653846 0.16633597836538463 0.5884176586538461 0.1600529110576923 0.5765128966346154 0.1552579375 0.5721726201923076 0.14682539663461538 0.5695684519230769 0.14021163942307693 0.5591517860576923 0.13756613701923076 0.5531994038461538 0.13789682451923077 0.5484871033653846 0.14021163942307693 0.5427827379807693 0.14302248557692307 0.5401785721153846 0.14864418028846155 0.5391865072115385 0.15013227403846152 0.5380704374999999 0.14798280528846156 0.5334821418269231 0.14236111057692308 0.5332341274038461 0.13591269951923077 0.5383184519230769 0.13029100480769232 0.552951389423077 0.13359788461538463 0.5606398798076924 0.14054232692307694 0.5705605168269231 0.14021163942307693 0.5809771826923077 0.14153439182692307 0.584201389423077 0.14914021153846152 0.5921378966346154 0.15608465625 0.6050347211538462 0.1631944447115385 0.6078869038461538 0.16666666586538462 0.6109871033653846 0.16567460336538462 0.615947420673077 0.16832010576923076 0.6169394831730769 0.17394179807692306 0.6156994038461538 0.17460317548076926 0.6134672620192307 0.17724867788461537 0.6117311514423076 0.17956349278846154 0.6080109134615385
14 0.2414021153846154 0.5452628966346154 0.2460317451923077 0.5336061514423076 0.24537037019230767 0.5279017860576923 0.2400793653846154 0.521701389423077 0.24173280528846153 0.5179811514423076 0.2460317451923077 0.5142609134615385 0.24669312259615386 0.5112847211538462 0.2460317451923077 0.5080605168269231 0.24222883653846153 0.5071924591346154 0.23991402163461537 0.5074404759615384 0.23776455048076925 0.5093005961538462 0.2347883605769231 0.5140128966346154 0.23247354567307693 0.5214533725961539 0.22619047596153846 0.5291418653846154 0.22519841346153846 0.5440228173076923 0.22089947115384617 0.552951389423077 0.22222222115384616 0.5584077379807693 0.23048941826923078 0.5660962307692308 0.23908730048076923 0.5603918653846154 0.2407407403846154 0.5581597211538462 0.24206349278846154 0.553447420673077 0.2414021153846154 0.5452628966346154
14 0.3177910048076923 0.5881696418269231 0.3171296298076923 0.572048610576923 0.31977513221153847 0.5613839278846154 0.32208994711538463 0.5576636899038461 0.32142857211538456 0.552951389423077 0.3177910048076923 0.5489831346153846 0.31679894230769234 0.5457589278846154 0.3191137572115385 0.5415426586538461 0.3184523798076923 0.5333581346153846 0.31977513221153847 0.5296378966346154 0.3240740745192308 0.5254216274038461 0.32506613701923076 0.5212053581730769 0.33134920673076923 0.5137648798076924 0.32953042307692304 0.5091765865384615 0.3232473533653846 0.5096726201923076 0.3184523798076923 0.5130208341346154 0.31481481490384616 0.5179811514423076 0.313161375 0.5236855168269231 0.3125 0.5447668653846154 0.30985449759615386 0.5482390865384615 0.3032407403846154 0.5527033725961539 0.30158730048076926 0.5656001995192308 0.2976190480769231 0.5760168653846154 0.2976190480769231 0.5807291658653846 0.30291005288461537 0.5881696418269231 0.3002645504807692 0.5928819447115384 0.29993386298076924 0.5963541658653846 0.3035714278846154 0.5988343245192308 0.30588624278846155 0.5963541658653846 0.3072089951923077 0.5923859134615385 0.31398809615384615 0.5910218245192308 0.3177910048076923 0.5881696418269231
14 0.40376984134615385 0.540798610576923 0.40277777884615384 0.5380704374999999 0.3996362427884615 0.5367063485576924 0.3978174591346154 0.5343501995192308 0.39847883653846156 0.5281498004807692 0.4031084663461538 0.5256696418269231 0.4031084663461538 0.5204613100961539 0.4026124326923077 0.5193452379807693 0.3993055552884615 0.5190972211538462 0.39748677163461543 0.5192212307692308 0.39384920673076923 0.5288938485576924 0.39219576682692303 0.5301339278846154 0.39153439182692307 0.5358382932692307 0.3865740745192308 0.5398065480769231 0.3849206346153846 0.5445188485576924 0.3862433870192307 0.5574156754807692 0.38458994711538463 0.569072420673077 0.38955026442307694 0.5765128966346154 0.38955026442307694 0.5807291658653846 0.3925264543269231 0.584201389423077 0.3964947091346154 0.5767609134615385 0.40343915384615386 0.5693204374999999 0.4021164014423077 0.5561755961538462 0.40376984134615385 0.540798610576923
15 0.4821428581730769 0.5234375 0.4818121682692308 0.5214533725961539 0.4803240745192308 0.5205853173076923 0.4755291009615385 0.5209573413461539 0.4748677259615385 0.52393353125 0.47222222115384616 0.5269097211538462 0.46593915384615386 0.5675843245192308 0.46626984134615385 0.5745287692307692 0.46990740625 0.5767609134615385 0.46957671875 0.5804811514423076 0.47222222115384616 0.5807291658653846 0.4725529110576923 0.5767609134615385 0.47619047596153846 0.5740327379807693 0.4818121682692308 0.5380704374999999 0.4821428581730769 0.5234375
15 0.4237764543269231 0.6240079375 0.4122023798076923 0.6240079375 0.40294312259615384 0.625 0.37582671875 0.6252480168269231 0.3587962956730769 0.6276041658653846 0.35813492067307695 0.631572420673077 0.36061507932692305 0.6334325408653847 0.37632275240384616 0.6335565480769231 0.4194775144230769 0.6324404759615384 0.42493386298076924 0.6308283725961539 0.42658730048076926 0.6266121033653846 0.4237764543269231 0.6240079375
15 0.3485449735576923 0.6085069447115384 0.34540343990384614 0.6071428581730769 0.28158068750000004 0.608134920673077 0.2774470889423077 0.6112351201923076 0.2781084663461538 0.6152033725961539 0.281911375 0.6165674591346153 0.31580687740384616 0.6169394831730769 0.343088625 0.6158234134615385 0.34804894230769234 0.6143353173076923 0.3505291009615385 0.6119791658653846 0.3485449735576923 0.6085069447115384
15 0.2607473533653846 0.6264880961538462 0.20089285817307692 0.627232141826923 0.19527116346153847 0.6277281754807693 0.1924603173076923 0.630580358173077 0.1934523798076923 0.634052579326923 0.1959325408653846 0.6349206346153846 0.22652116346153847 0.6347966274038461 0.25744047596153846 0.6339285721153847 0.26157407451923076 0.6318204375 0.2622354495192308 0.6273561514423077 0.2607473533653846 0.6264880961538462
4 0.2237103173076923 0.689236110576923 0.23048941826923078 0.6868799591346153 0.23115079326923077 0.6615823413461539 0.22999338701923078 0.6505456346153846 0.20849867788461537 0.6505456346153846 0.20320767307692306 0.6515376995192308 0.18402777884615384 0.6520337307692308 0.1779100528846154 0.6548859134615385 0.1782407403846154 0.6873759927884616 0.18005952403846154 0.6899801586538461 0.18915343990384617 0.6915922620192307 0.19692460336538462 0.6904761899038461 0.2101521153846154 0.690972221153846 0.2144510576923077 0.689732141826923 0.2237103173076923 0.689236110576923
4 0.3134920625 0.6863839278846153 0.31415343990384614 0.661830358173077 0.3134920625 0.6514136899038461 0.31233465625 0.6502976201923077 0.3086970889423077 0.6490575408653847 0.2719907403846154 0.6500496033653846 0.2660383605769231 0.6512896826923077 0.2622354495192308 0.6541418653846154 0.2622354495192308 0.6868799591346153 0.2663690480769231 0.6904761899038461 0.27347883653846156 0.6908482139423077 0.29381613701923076 0.6904761899038461 0.29811507932692305 0.6889880961538462 0.3083664014423077 0.688740079326923 0.3134920625 0.6863839278846153
4 0.3964947091346154 0.6824156754807693 0.3961640216346154 0.6529017860576923 0.3955026466346154 0.6499255961538462 0.3930224855769231 0.6475694447115384 0.3711970889423077 0.6460813485576923 0.3619378317307692 0.6478174591346153 0.3556547620192308 0.6468253966346154 0.34920634855769234 0.6486855168269231 0.3475529110576923 0.6511656754807693 0.3475529110576923 0.6826636899038461 0.3488756610576923 0.6863839278846153 0.35119047596153846 0.6876240072115384 0.38442460336538464 0.685763889423077 0.392361110576923 0.6865079375 0.3948412692307692 0.6851438485576923 0.3964947091346154 0.6824156754807693
4 0.47106481490384616 0.6845238100961539 0.4768518509615385 0.6829117067307693 0.4788359783653846 0.67919146875 0.4788359783653846 0.6677827379807693 0.47817460336538464 0.6504216274038461 0.47602513221153847 0.6458333341346154 0.47106481490384616 0.6445932548076924 0.45816799038461536 0.6450892860576923 0.4495701057692308 0.6443452379807693 0.4406415336538462 0.6453373004807692 0.43402777884615384 0.6448412692307692 0.4322089951923077 0.6459573413461539 0.42989418028846155 0.650173610576923 0.4295634927884615 0.6789434519230769 0.4305555552884615 0.681919641826923 0.4345238100961539 0.6851438485576923 0.43766534375 0.6837797620192307 0.4512235456730769 0.6847718245192307 0.4647817451923077 0.6832837307692308 0.47106481490384616 0.6845238100961539
12 0.732142858173077 0.681919641826923 0.7387566129807692 0.6734871033653846 0.7437169302884615 0.6630704375 0.746693122596154 0.6529017860576923 0.7473544975961539 0.6352926586538461 0.7433862427884615 0.6201636899038461 0.732804233173077 0.6042906754807692 0.7213955024038461 0.5935019831730769 0.7094907403846153 0.5868055552884616 0.6850198413461539 0.5773809519230769 0.6747685192307693 0.5753968245192308 0.6631944447115384 0.5761408725961539 0.6607142860576923 0.5784970240384616 0.6577380961538462 0.5894097211538462 0.6509589951923077 0.5939980168269231 0.6440145504807693 0.595486110576923 0.6377314807692307 0.5952380961538462 0.6268187836538461 0.592509920673077 0.6119378317307692 0.5820932548076923 0.6066468245192308 0.5811011899038461 0.5944113750000001 0.5880456346153846 0.5843253966346154 0.5961061514423076 0.5787037043269231 0.6025545625000001 0.5773809519230769 0.6080109134615385 0.5710978846153846 0.6147073413461539 0.5681216923076924 0.6201636899038461 0.5658068774038462 0.631572420673077 0.5658068774038462 0.6444692451923076 0.5710978846153846 0.662822420673077 0.5750661370192307 0.6690228173076923 0.5826719567307692 0.6744791658653846 0.5849867716346154 0.6781994038461538 0.5896164014423078 0.6821676586538461 0.6099537043269231 0.6959325408653847 0.62516534375 0.7028769831730769 0.6377314807692307 0.7063492067307693 0.6479828052884616 0.7080853173076923 0.6643518509615384 0.709201389423077 0.6903108461538461 0.7056051586538461 0.6979166658653846 0.703125 0.7190806875 0.6927083341346154 0.732142858173077 0.681919641826923
15 0.6746031754807693 0.5348462307692308 0.6727843918269231 0.5334821418269231 0.6688161370192307 0.5332341274038461 0.6679894182692308 0.5462549591346154 0.673611110576923 0.5688244038461538 0.6759259254807692 0.5750248004807692 0.6780753966346154 0.576388889423077 0.6825396826923077 0.5765128966346154 0.6858465600961539 0.5757688485576924 0.6871693125 0.5713045625000001 0.6802248677884616 0.5462549591346154 0.6746031754807693 0.5348462307692308
10 0.6590608461538461 0.5760168653846154 0.6534391538461539 0.5531994038461538 0.6451719567307692 0.5360863100961539 0.6035052908653846 0.4902033725961538 0.5889550264423077 0.47780257932692305 0.5805224855769231 0.4729662692307692 0.5702711634615384 0.4645337307692308 0.56233465625 0.46130952403846154 0.5441468245192308 0.44990079326923077 0.5381944447115384 0.44766865144230766 0.5302579374999999 0.4424603173076923 0.5200066129807692 0.4384920625 0.5147156081730769 0.4347718245192308 0.4952050264423077 0.42733134855769234 0.4862764543269231 0.4255952379807692 0.4756944447115385 0.4260912692307692 0.4707341274038462 0.42733134855769234 0.4637896826923077 0.43105158653846154 0.45998677163461543 0.43489583413461536 0.45171957692307696 0.4495287692307692 0.43518518509615384 0.4706101201923077 0.43485449759615386 0.4745783725961538 0.43898809615384615 0.4764384927884615 0.44510581971153845 0.4755704375 0.45998677163461543 0.45647321394230767 0.4636243389423077 0.4537450408653846 0.4705687836538462 0.4403521826923077 0.4766865072115385 0.4367559519230769 0.48131613701923076 0.43625992067307695 0.4879298942307692 0.43725198317307695 0.5219907403846153 0.45262896875 0.5249669302884615 0.4551091274038462 0.5309193125 0.4570932548076923 0.5431547620192307 0.4650297620192308 0.548611110576923 0.4708581346153846 0.5590277788461538 0.4771825408653846 0.5742394182692308 0.4885912692307692 0.5866402115384616 0.49541170673076923 0.5919312163461539 0.5018601201923076 0.6061507932692307 0.5130208341346154 0.6084656081730769 0.5177331346153846 0.6266534399038461 0.5363343245192308 0.6369047620192307 0.5499751995192308 0.641865079326923 0.5603918653846154 0.6441798942307693 0.5752728173076923 0.6435185192307693 0.5827132932692307 0.638723545673077 0.5848214278846154 0.6340939158653847 0.5835813485576924 0.6175595240384616 0.5726686514423076 0.6066468245192308 0.5696924591346154 0.6015211634615384 0.571552579326923 0.6011904759615384 0.5740327379807693 0.6036706346153846 0.5771329374999999 0.6139219567307692 0.5818452379807693 0.6210317451923076 0.5884176586538461 0.6274801586538461 0.592013889423077 0.6380621682692307 0.5952380961538462 0.6455026466346154 0.5953621033653846 0.6526124326923076 0.5930059519230769 0.6577380961538462 0.5884176586538461 0.6590608461538461 0.5851934519230769 0.6590608461538461 0.5760168653846154
0 0.3394779423076923 0.3480464206730769 0.35799340625 0.38079405048076925 0.4148622115384616 0.40758751442307695 0.47569875 0.42048811298076927 0.5352126802884615 0.4304116298076923 0.6119194591346153 0.4363657235576923 0.6740784110576924 0.4413274807692308 0.7441726322115384 0.4403351442307692 0.7612495264423077 0.43846650721153846 0.7705111634615385 0.42920060576923075 0.7547529278846153 0.43239630288461534 0.712431951923077 0.43438101442307697 0.6568856586538462 0.4333886778846154 0.5907589711538461 0.4264422091346154 0.5233098725961539 0.4194957403846154 0.46776348076923074 0.4095722235576923 0.41618482211538466 0.39567932451923077 0.3765088701923077 0.3827787235576923 0.35005823557692306 0.35003112980769235 0.3540257716346154 0.3014059447115385 0.38047640625 0.25178836778846153 0.40692704086538456 0.21308662259615385 0.43999033413461536 0.19224723557692308 0.45507546875 0.18319202403846152 0.45189313942307696 0.18232371875 0.48473522596153845 0.16041897115384615 0.4611508221153846 0.1624766875 0.4294101394230769 0.1853007668269231 0.38841157692307693 0.21010955528846154 0.3632835528846154 0.2537730408653846 0.3394779423076923 0.30041355288461535 0.3394779423076923 0.3480464206730769
6 0.17680649759615383 0.27560476201923073 0.22045008653846151 0.2894976802884615 0.29715696634615385 0.2746124086538461 0.35534828125 0.23690309375000002 0.3976693581730769 0.20614015384615386 0.4125188197115385 0.19081964182692307 0.3954651057692308 0.18794704807692308 0.4089228990384616 0.17784911298076922 0.3712187235576923 0.1743849158653846 0.2958343533653846 0.18033900961538463 0.23499791586538463 0.1982013485576923 0.1807741346153846 0.23392600961538462 0.17680649759615383 0.27560476201923073
6 0.22574023317307693 0.30041355288461535 0.18870930288461538 0.32026058413461533 0.19003181490384616 0.35995464663461535 0.22441772115384614 0.40461046634615383 0.27070633173076925 0.42346516105769233 0.3487356225961538 0.45125099759615384 0.43602279807692307 0.45125099759615384 0.5180197259615384 0.41850340384615387 0.5451436658653847 0.38327835096153845 0.5325496562500001 0.37969393749999997 0.5374693365384615 0.3721432403846154 0.5034718966346154 0.36193935576923075 0.4254425048076923 0.33216881009615384 0.3421229639423077 0.30339061778846155 0.3024470120192308 0.28850534375000003 0.22574023317307693 0.30041355288461535