4 0.7711640216346154 0.5571676586538461 0.7701719567307692 0.555927579326923 0.7653769831730769 0.5540674591346154 0.7541335985576924 0.5535714278846154 0.7296626995192308 0.5530753966346154 0.7233796298076923 0.5543154759615384 0.7205687836538461 0.5584077379807693 0.7205687836538461 0.5822172620192307 0.7215608461538461 0.5856894831730769 0.7290013221153846 0.5870535721153846 0.7645502644230769 0.5886656754807692 0.7686838629807693 0.5880456346153846 0.7705026466346154 0.5849454374999999 0.7695105817307692 0.5636160721153846 0.7711640216346154 0.5571676586538461
4 0.7724867716346153 0.6298363100961539 0.7714947091346154 0.6243799591346153 0.7734788365384616 0.6161954375 0.7726521153846153 0.6150793653846154 0.7686838629807693 0.6138392860576923 0.7273478846153847 0.6125992067307693 0.71957671875 0.6149553581730769 0.71924603125 0.615947420673077 0.7228835985576924 0.6196676586538461 0.7215608461538461 0.631076389423077 0.7228835985576924 0.6352926586538461 0.722222221153846 0.6432291658653846 0.7256944447115384 0.6463293653846154 0.7296626995192308 0.6473214278846153 0.7695105817307692 0.6481894831730769 0.7724867716346153 0.647197420673077 0.7731481490384616 0.6452132932692307 0.7718253966346154 0.6395089278846153 0.7724867716346153 0.6298363100961539
4 0.7690145504807693 0.673115079326923 0.7600859783653846 0.6721230168269231 0.7217261899038461 0.6716269831730769 0.7205687836538461 0.6739831346153846 0.7215608461538461 0.6804315480769231 0.7212301586538461 0.7025049591346153 0.7232142860576923 0.7059771826923077 0.7270171947115384 0.7080853173076923 0.7552910048076923 0.7094494038461538 0.768022485576923 0.7088293653846154 0.7711640216346154 0.7059771826923077 0.7705026466346154 0.6742311514423077 0.7690145504807693 0.673115079326923
4 0.767857141826923 0.7337549591346153 0.7630621682692307 0.7318948413461539 0.7213955024038461 0.7313988100961539 0.71957671875 0.7332589278846153 0.7202380961538462 0.7650049591346153 0.7263558197115384 0.7676091274038461 0.7645502644230769 0.7692212307692308 0.7688492067307693 0.7684771826923077 0.7701719567307692 0.7645089278846153 0.7691798942307693 0.7374751995192308 0.767857141826923 0.7337549591346153
15 0.701058201923077 0.5891617067307693 0.6995701057692307 0.5887896826923077 0.6932870360576923 0.5890376995192308 0.6914682548076924 0.5941220240384616 0.6904761899038461 0.6357886899038461 0.6922949735576923 0.6374007932692307 0.6960978846153847 0.6377728173076923 0.7000661370192307 0.636284721153846 0.701058201923077 0.6330605168269231 0.7023809519230769 0.5916418653846154 0.701058201923077 0.5891617067307693
15 0.6784060841346153 0.6473214278846153 0.674107141826923 0.6465773798076923 0.6712962956730769 0.6476934519230769 0.669973545673077 0.6504216274038461 0.669973545673077 0.6933283725961539 0.6724537043269231 0.6966765865384615 0.6759259254807692 0.697048610576923 0.6795634927884616 0.6960565480769231 0.6805555552884616 0.691840278846154 0.6802248677884616 0.650173610576923 0.6784060841346153 0.6473214278846153
15 0.700892858173077 0.706597221153846 0.6956018509615384 0.7058531754807693 0.6927910048076923 0.7077132932692307 0.6917989423076923 0.71143353125 0.6924603173076923 0.7545882932692307 0.6942791009615384 0.7569444447115384 0.701058201923077 0.7570684519230769 0.7027116394230769 0.7558283725961539 0.7033730168269231 0.7531001995192308 0.7027116394230769 0.7106894831730769 0.700892858173077 0.706597221153846
14 0.6729497355769231 0.7766617067307693 0.6722883605769231 0.775669641826923 0.6674933870192308 0.7728174591346153 0.656911375 0.7713293653846154 0.6536044975961539 0.7718253966346154 0.6486441802884616 0.7748015865384615 0.6416997355769231 0.7770337307692308 0.62582671875 0.780009920673077 0.6200396826923077 0.7843501995192308 0.6197089951923077 0.78955853125 0.6281415336538461 0.7941468245192307 0.6332671947115384 0.7945188485576923 0.6450066129807692 0.7899305552884616 0.6559193125 0.7884424591346153 0.6678240745192308 0.7844742067307693 0.6729497355769231 0.7766617067307693
14 0.6119378317307692 0.7217261899038461 0.5987103173076923 0.7202380961538462 0.5755621682692308 0.7135416658653846 0.5696097884615384 0.7150297620192307 0.5648148149038461 0.7178819447115384 0.5634920625000001 0.7216021826923077 0.5677910048076923 0.7240823413461539 0.5702711634615384 0.7269345240384616 0.5914351850961539 0.7304067451923076 0.5987103173076923 0.7336309519230769 0.608134920673077 0.7349950408653847 0.6145833341346154 0.7333829375 0.6173941802884616 0.7297867067307693 0.6164021153846153 0.7255704375 0.6119378317307692 0.7217261899038461
14 0.6489748677884616 0.6770833341346154 0.6504629639423077 0.6747271826923077 0.6433531754807693 0.6743551586538461 0.6370701057692307 0.6666666658653846 0.6314484134615385 0.6649305552884616 0.610945766826923 0.6619543653846154 0.6013558197115384 0.6587301586538461 0.5904431225961538 0.6589781754807693 0.5856481490384615 0.6620783725961539 0.5869708990384616 0.6665426586538461 0.5911044975961539 0.6711309519230769 0.5970568774038462 0.673115079326923 0.6069775144230769 0.673611110576923 0.6155753966346154 0.675347221153846 0.6238425937500001 0.6785714278846153 0.6296296298076923 0.67919146875 0.6334325408653847 0.6785714278846153 0.6380621682692307 0.6758432548076924 0.6433531754807693 0.6748511899038461 0.6489748677884616 0.6770833341346154
14 0.6331018509615384 0.6024305552884616 0.6274801586538461 0.6006944447115384 0.6149140216346154 0.6011904759615384 0.5930886249999999 0.5997023798076924 0.5861441802884616 0.6011904759615384 0.5826719567307692 0.6040426586538461 0.5833333341346154 0.6077628966346154 0.5891203701923077 0.6121031754807692 0.5920965600961539 0.6130952379807693 0.6292989423076923 0.6149553581730769 0.6357473533653846 0.6138392860576923 0.6408730168269231 0.6080109134615385 0.6380621682692307 0.6073908725961539 0.6331018509615384 0.6024305552884616
15 0.5706018509615385 0.5409226201923076 0.5666335985576922 0.5416666658653846 0.5641534399038461 0.5437748004807692 0.5648148149038461 0.5477430552884616 0.5689484134615385 0.5496031754807692 0.5788690480769231 0.5505952379807693 0.6026785721153846 0.5555555552884616 0.638888889423077 0.5596478173076923 0.6459986778846154 0.5572916658653846 0.6484788365384616 0.5531994038461538 0.6092923269230769 0.548611110576923 0.5706018509615385 0.5409226201923076
15 0.6410383605769231 0.4040178581730769 0.6380621682692307 0.4035218245192308 0.6049933870192308 0.404513889423077 0.5965608461538461 0.4063740072115385 0.5967261899038461 0.41245039663461536 0.608134920673077 0.41257440384615385 0.638723545673077 0.4112103173076923 0.6416997355769231 0.4104662692307692 0.6441798942307693 0.40761408653846154 0.6410383605769231 0.4040178581730769
10 0.5205026466346154 0.568576389423077 0.517030423076923 0.5659722211538462 0.5061177259615385 0.5649801586538461 0.5026455024038461 0.5636160721153846 0.49239418028846155 0.5420386899038461 0.4947089951923077 0.5363343245192308 0.5196759254807692 0.5195932548076923 0.5332341274038461 0.5128968245192308 0.56233465625 0.49528769951923074 0.6099537043269231 0.47346230048076926 0.6228505288461539 0.46899801682692305 0.6433531754807693 0.46552579326923077 0.6468253966346154 0.4629216274038462 0.6461640216346154 0.4589533725961538 0.6436838629807693 0.4570932548076923 0.6374007932692307 0.4570932548076923 0.6278108461538461 0.4600694447115385 0.6172288365384616 0.46056547596153846 0.6096230168269231 0.46254960336538464 0.5742394182692308 0.4771825408653846 0.5666335985576922 0.4816468245192308 0.5474537043269231 0.48983134855769234 0.5305886249999999 0.49875992067307695 0.5272817451923077 0.501736110576923 0.5104166658653846 0.5099206346153846 0.4877645504807692 0.5259176586538461 0.47916666586538464 0.5365823413461539 0.4801587307692308 0.5447668653846154 0.4930555552884615 0.56981646875 0.49652777884615384 0.5726686514423076 0.5021494711538461 0.5744047620192307 0.5054563485576924 0.576884920673077 0.5082671947115385 0.5772569447115384 0.5127314807692308 0.576884920673077 0.5176917980769231 0.5741567451923077 0.5198412692307692 0.5725446418269231 0.5205026466346154 0.568576389423077
10 0.5752314807692308 0.81299603125 0.579861110576923 0.810267858173077 0.5907738100961539 0.8087797620192307 0.6030092596153847 0.8050595240384616 0.6134259254807692 0.7989831346153846 0.6190476201923077 0.7890625 0.6187169302884615 0.7803819447115384 0.6173941802884616 0.776909721153846 0.6187169302884615 0.7719494038461538 0.6264880961538462 0.7646329375 0.6359126995192308 0.7607886899038461 0.638227514423077 0.7568204375 0.6337632283653847 0.7547123004807692 0.6261574062499999 0.7549603173076923 0.6172288365384616 0.7584325408653847 0.6091269831730769 0.7642609134615385 0.6061507932692307 0.7687251995192308 0.6061507932692307 0.78856646875 0.6010251322115384 0.7943948413461539 0.5861441802884616 0.7988591274038461 0.5706018509615385 0.8008432548076924 0.517030423076923 0.8028273798076923 0.420138889423077 0.8095238100961539 0.35300925961538465 0.810763889423077 0.3242394182692308 0.8097718245192307 0.2832341274038461 0.8055555552884616 0.25248015865384615 0.800347221153846 0.22966269951923077 0.7941468245192307 0.2197420625 0.7924107139423077 0.19361772596153845 0.7839781754807693 0.17410714182692308 0.7765376995192308 0.16517857211538461 0.7715773798076923 0.15625 0.7683531754807693 0.1345899471153846 0.7548363100961539 0.1286375673076923 0.745659721153846 0.12731481490384616 0.7419394831730769 0.12764550240384614 0.7320188485576923 0.1345899471153846 0.7030009927884616 0.13525132211538463 0.6903521826923077 0.13822751442307693 0.6861359134615385 0.13955026442307691 0.6786954375 0.13888888942307692 0.6707589278846153 0.13723544951923078 0.6672867067307693 0.13723544951923078 0.6511656754807693 0.13988095192307692 0.647197420673077 0.14517195673076924 0.6320684519230769 0.14583333413461538 0.6268601201923077 0.1478174591346154 0.6238839278846153 0.14599867788461537 0.6217757932692307 0.14070767307692306 0.6212797620192307 0.1365740745192308 0.6246279759615384 0.13293650721153846 0.6372767860576923 0.1292989423076923 0.6432291658653846 0.1259920625 0.6543898798076923 0.12797618990384615 0.677951389423077 0.11574074038461538 0.725322420673077 0.11408730048076923 0.7372271826923077 0.11507936538461538 0.7496279759615384 0.11871693028846154 0.7570684519230769 0.12698412740384615 0.7662450408653847 0.14732142788461539 0.779513889423077 0.1516203701923077 0.78075396875 0.15922618990384615 0.7854662692307692 0.1631944447115385 0.7864583341346154 0.16716269951923077 0.7904265865384615 0.17245370432692309 0.7894345240384616 0.1744378317307692 0.7911706346153846 0.19923941826923078 0.8000992067307693 0.2557870360576923 0.8149801586538461 0.27794312259615384 0.8179563485576923 0.32357804326923073 0.8216765865384615 0.3786375673076923 0.822544641826923 0.420138889423077 0.8211805552884616 0.5434854495192307 0.8125 0.5686177259615385 0.8117559519230769 0.5752314807692308 0.81299603125
12 0.6380946971153846 0.43406165384615386 0.6433847427884616 0.4565549278846154 0.6707171177884615 0.4797097980769231 0.7015761923076924 0.4929411538461539 0.7403704038461538 0.4936027355769231 0.77211121875 0.4764019615384615 0.79944359375 0.45787806971153844 0.8117871706730769 0.42876909375 0.8029702932692308 0.4023063846153846 0.7879816274038463 0.3824593533653846 0.7447788413461538 0.3679048581730769 0.7139197692307693 0.3672432884615385 0.6795339975961538 0.37650523317307694 0.6560846370192308 0.3994708990384615 0.6566100600961539 0.3989985456730769 0.6460298341346153 0.4095836201923077 0.6380946971153846 0.43406165384615386
3 0.5575396514423077 0.3561507956730769 0.5378577019230769 0.8065128509615385 0.9478426418269231 0.8213981225961539 0.935939733173077 0.36491640384615387 0.5575396514423077 0.3561507956730769
1 0.1772486466346154 0.35367063701923074 0.13845315865384616 0.7092624423076923 0.5140520913461539 0.7241477163461538 0.5338900673076923 0.36392406730769233 0.1772486466346154 0.35367063701923074
6 0.2680612091346154 0.6010960697115384 0.36592857692307695 0.6268972331730769 0.5074394326923077 0.6199508389423076 0.6224997524038461 0.5832337475961539 0.6899489519230768 0.5306391225961539 0.7163995865384615 0.4710980288461538 0.712431951923077 0.41850340384615387 0.6873037283653846 0.38575581009615384 0.6476278774038462 0.3629316923076923 0.5973716298076923 0.34506937259615383 0.5114070673076923 0.3480464206730769 0.40957216346153846 0.3609470192307693 0.3024470120192308 0.3768246298076923 0.2138374278846154 0.38972519230769226 0.12390522836538462 0.39270224038461543 0.052488596153846157 0.39567932451923077 0.0022323485576923076 0.40857988701923076 0 0.5207156081730769 0.04455332451923077 0.5554479879807692 0.07893923076923078 0.5782719903846154 0.14771084134615384 0.5673561370192307 0.1450658173076923 0.5544555745192308 0.10406725240384616 0.5524708653846153 0.08951942307692308 0.5673561370192307 0.051165983173076926 0.5455243966346154 0.016780177884615385 0.5187308966346154 0.008845007211538462 0.42247278605769234 0.06306878846153846 0.4105645985576923 0.14771084134615384 0.40361812980769235 0.21912757451923076 0.39964870913461537 0.2852541610576923 0.3907175673076923 0.36861359615384615 0.38094442548076923 0.2852541610576923 0.40361812980769235 0.21648244951923076 0.4482739495192308 0.20325713221153846 0.49689915384615385 0.20986979086538463 0.5524708653846153 0.2680612091346154 0.6010960697115384
6 0.40237189423076924 0.3736270264423077 0.47437613942307694 0.36590877884615386 0.5471153846153846 0.36193935576923075 0.5960491177884616 0.36392406730769233 0.6137565841346154 0.3722718269230769 0.5907589711538461 0.37483991826923074 0.5405027259615385 0.36987816105769233 0.47569875 0.37483991826923074 0.3923792115384615 0.3887328557692307 0.29847947836538463 0.4125492716346154 0.2402880625 0.45224333413461537 0.21912757451923076 0.49689915384615385 0.22574023317307693 0.5455243966346154 0.27202884375 0.5881955048076923 0.33286528365384616 0.6130042956730769 0.41618482211538466 0.6179660528846154 0.4770212620192308 0.6120119591346154 0.5365351899038461 0.5991113966346154 0.6132419711538462 0.5703332620192307 0.6661433413461538 0.5326238341346154 0.7018516562499999 0.4790368341346154 0.7031742692307692 0.4363657235576923 0.6793686586538462 0.39369461538461537 0.6185321177884616 0.36193935576923075 0.5775336538461538 0.3530081778846154 0.5166972139423077 0.35598526201923075 0.43734531009615385 0.36590877884615386 0.40237189423076924 0.3736270264423077
0 0 0.5693408485576923 0.0009098389423076923 0.4562127548076923 0.028682983173076923 0.4502586610576923 0.1133250360576923 0.4403351442307692 0.20854728125 0.4274345456730769 0.2878991850961538 0.40758751442307695 0.3632835528846154 0.3917099038461539 0.45453816346153847 0.36193935576923075 0.4928916033653846 0.33415351923076925 0.5418253365384615 0.3540005504807692 0.5920814831730769 0.3669011153846154 0.5889549951923077 0.36235119230769236 0.5537280432692308 0.3460617475961539 0.5047944086538462 0.3281993894230769 0.46908609134615387 0.3291917620192307 0.4254425048076923 0.3520158413461539 0.3646060649038461 0.37384758413461533 0.29847947836538463 0.3887328557692307 0.20854728125 0.4095722235576923 0.129195375 0.42445749759615387 0.03529564182692308 0.4393427716346154 0 0.44430452884615385 0 0.4701056923076923 0 0.5346085432692308 0 0.5584249591346153 0 0.5693408485576923
0 0.09084193509615385 0.6953695048076922 0.07232657211538461 0.6536906947115385 0.04852095913461539 0.625904858173077 0.03524335096153846 0.6104262932692308 0.026040024038461538 0.6204275697115385 0.03794066586538462 0.6328513269230769 0.06571391346153846 0.6775071466346153 0.09745459375 0.7489565048076923 0.12390522836538462 0.8065128509615385 0.1186151826923077 0.8541457548076923 0.09882378124999999 0.8868164302884616 0.12522784134615386 0.8640692716346153 0.13448552403846153 0.8333063870192308 0.13448552403846153 0.779719389423077 0.10803488942307693 0.7390329903846153 0.09084193509615385 0.6953695048076922