3 0.8636049014423077 0.7674632908653846 0.8079431730769231 0.319916625 0.4360687788461538 0.36199194471153845 0.4491970120192308 0.8139838245192308 0.8636049014423077 0.7674632908653846
1 0.42256771875 0.7275444759615385 0.4211519591346154 0.3688440841346154 0.07164125480769232 0.4057768701923077 0.05522206009615385 0.7744440745192308 0.42256771875 0.7275444759615385
10 0.6293676754807692 0.4026428581730769 0.5175114278846153 0.40241218028846154 0.4602633798076923 0.41067076201923075 0.5069938052884615 0.4273000384615384 0.589600610576923 0.42859837980769233 0.6700343822115384 0.4202104014423077 0.7755062908653846 0.3946723846153847 0.7869618365384615 0.37100843269230765 0.769121954326923 0.36890368990384614 0.6909965456730769 0.3902681826923077 0.6293676754807692 0.4026428581730769
10 0.6099952740384615 0.38483723557692306 0.5287508485576923 0.37348388701923074 0.4902921947115385 0.3880683173076923 0.40992046153846157 0.4195799951923077 0.40230559615384615 0.4719213605769231 0.41654461538461535 0.5160359038461538 0.40066237740384614 0.5267226225961539 0.4060540168269231 0.5415818076923077 0.4445937451923077 0.5289715168269231 0.4406178774038461 0.49700389182692306 0.4344959278846154 0.45600801682692305 0.44921686298076924 0.4253949278846154 0.501547454326923 0.4027552572115385 0.5563754447115384 0.39769842307692305 0.5693714302884616 0.41154296875 0.5250847596153846 0.4571348173076923 0.5087311971153846 0.49122247115384615 0.5178752524038461 0.5193468293269231 0.5423268485576923 0.5095274158653846 0.5365641322115384 0.49889371875 0.5444841826923077 0.4755984735576923 0.5918277716346154 0.43960077884615384 0.6120142235576923 0.4123828846153846 0.6099952740384615 0.38483723557692306
10 0.5676115360576923 0.4335349519230769 0.4981087403846154 0.44871336057692307 0.4354417692307692 0.47903954567307694 0.38622227403846154 0.5125894302884615 0.37153541346153846 0.5471026971153846 0.402526375 0.563758125 0.4214854278846154 0.549885483173077 0.41523627884615383 0.5274070024038461 0.4243104447115385 0.5106000120192308 0.4842987716346154 0.47989231009615385 0.5403000456730769 0.4601741298076923 0.588967875 0.4564205697115385 0.6115785120192307 0.4666190360576923 0.5638294927884615 0.49274605769230767 0.5116340216346154 0.5186759639423077 0.5266950192307692 0.5395746298076923 0.5673808269230769 0.5359926153846154 0.5686351177884615 0.5233054278846153 0.6133350721153846 0.5093918725961538 0.6491611418269231 0.4739343798076923 0.6343894903846153 0.43846656730769235 0.5676115360576923 0.4335349519230769
10 0.4666717451923077 0.5478167187499999 0.553219545673077 0.5586170024038462 0.6204028629807692 0.5734192788461538 0.6620265985576924 0.5710611610576923 0.6596372980769231 0.5561105048076923 0.6224520360576923 0.5368581730769231 0.5923188605769231 0.5380180120192308 0.5611936490384616 0.5366378413461539 0.52363796875 0.5299805024038462 0.47381602163461534 0.5272458245192307 0.41073576923076927 0.5258937524038462 0.3933823245192307 0.5356337932692308 0.3732229567307692 0.5635096995192308 0.40188571875 0.5697727019230769 0.39912593269230767 0.5674170480769231 0.4176796274038462 0.5436737475961538 0.4666717451923077 0.5478167187499999
10 0.5419946418269231 0.47982326923076923 0.51653196875 0.5082522524038462 0.4827056610576923 0.5247735 0.46449863942307695 0.5381304086538461 0.5009271586538462 0.5389575 0.5389534326923078 0.5138443942307692 0.56291853125 0.4921802067307692 0.5898596706730769 0.47813600961538466 0.636489516826923 0.4679863581730769 0.683470670673077 0.46639127403846153 0.7211073557692308 0.47502274759615387 0.6854894903846154 0.4939369519230769 0.6687035432692308 0.5174959014423077 0.6970419471153846 0.5158623822115385 0.729097295673077 0.4966588149038461 0.7499513653846154 0.4640844230769231 0.7118010913461539 0.4429501586538462 0.6771133581730768 0.44128062740384616 0.5924763485576923 0.45539385096153845 0.5419946418269231 0.47982326923076923
10 0.5200068870192308 0.6360970817307692 0.4334940360576923 0.6477625216346153 0.3477029735576923 0.6553874014423078 0.2786786923076923 0.6606029663461539 0.21562546634615384 0.6599089567307692 0.17742913221153847 0.6592661923076922 0.13384841105769232 0.6572023581730769 0.04309585576923077 0.6565050072115385 0.03322047115384615 0.6710005817307692 0.05912338221153846 0.6749079326923078 0.11129974759615384 0.670127610576923 0.1833539951923077 0.6738481947115385 0.23491672596153845 0.6757404350961539 0.29550750240384616 0.6813173028846153 0.37588715865384614 0.6716132427884615 0.4342507067307692 0.6661876923076923 0.5226664302884616 0.6576281995192308 0.598040108173077 0.6557156538461538 0.6112251899038461 0.674166516826923 0.5618164591346153 0.7031100913461539 0.5958096201923077 0.7094780697115385 0.6235264711538462 0.6927095432692307 0.6405746706730769 0.6539234254807693 0.6172343870192307 0.6259577836538461 0.5200068870192308 0.6360970817307692
10 0.06793522596153846 0.6733281177884615 0.04267297355769231 0.6634062115384616 0.03674811298076923 0.6488242620192307 0.013259716346153845 0.6596164471153846 0.03226337980769231 0.69092625 0.09489214423076923 0.7028992331730769 0.14005143509615386 0.7001723605769231 0.26115191346153843 0.7093519254807692 0.3632583245192308 0.7099384903846153 0.4397590264423077 0.7138562067307692 0.5009904567307693 0.7134184975961539 0.55654809375 0.7261288149038462 0.5805290360576923 0.7480799038461539 0.5946362692307692 0.7241394230769231 0.5919497043269231 0.7019502740384616 0.5133839927884616 0.6909784326923076 0.47333883653846154 0.6885458942307692 0.3730812451923077 0.6897491322115384 0.2807516225961538 0.6894647307692308 0.20850821634615385 0.6811379350961538 0.13374823557692309 0.6763777860576923 0.06793522596153846 0.6733281177884615
10 0.12326548798076924 0.7237313100961539 0.19368710576923076 0.7309264134615384 0.2912468822115385 0.75049125 0.361533375 0.7543961610576922 0.4330820793269231 0.7674214663461538 0.5196838605769231 0.7795378245192308 0.5882025408653846 0.7836270889423077 0.599712266826923 0.7612791899038461 0.5656921514423077 0.7542531730769231 0.48444772836538463 0.7428998293269231 0.4118529399038462 0.7260184495192308 0.3415665120192308 0.7221135360576922 0.27285859615384617 0.7134180168269231 0.17316065384615384 0.7066325192307693 0.13458598317307693 0.6967771586538463 0.11754890144230769 0.6926060913461539 0.08888474759615385 0.6905443173076923 0.12326548798076924 0.7237313100961539
14 0.5771049687500001 0.686315920673077 0.5123649278846154 0.6877803966346154 0.4797962572115385 0.6944811081730768 0.48481252884615383 0.7111930985576923 0.5322237668269231 0.7174308293269231 0.5682739495192307 0.7090452980769231 0.5874491947115384 0.7004370000000001 0.5771049687500001 0.686315920673077
0 0.46194140144230766 0.23809526682692306 0.4296732596153846 0.1872696394230769 0.38436306971153844 0.14309100240384615 0.3096571418269231 0.13964698557692307 0.22593125480769233 0.1327151826923077 0.1450730889423077 0.15238207692307693 0.08739299038461537 0.1960663317307692 0.09060093269230769 0.2525659375 0.13694935576923076 0.2787930216346154 0.20094842307692307 0.3025185889423077 0.2489834495192308 0.32658720192307694 0.3288925120192308 0.34865361298076925 0.36218375721153845 0.3600561442307692 0.3728109302884616 0.3589406081730769 0.3927349975961538 0.3469499110576923 0.39485369230769235 0.34123957451923076 0.39517042788461537 0.3414090408653846 0.42541130288461537 0.3583324158653846 0.4363054014423077 0.30553316586538465 0.46194140144230766 0.23809526682692306
0 0 0.59661153125 0.02586345673076923 0.5783157716346154 0.07001494230769231 0.5294337067307692 0.10760090625 0.4719842716346154 0.12437108173076925 0.40481006009615383 0.12550620432692308 0.38117626201923077 0.11980860336538461 0.3801731057692308 0.09006363461538462 0.3607657644230769 0.09061328365384616 0.38255686538461536 0.08323371394230769 0.4190129711538461 0.03868478605769231 0.4798319903846154 0.02043621153846154 0.5326214086538461 0 0.5563870024038462 0 0.59661153125
6 0.7889898629807692 0.26908654567307694 0.6588264735576923 0.23375678365384617 0.6077344615384616 0.20009399759615384 0.5108153437499999 0.17451459134615385 0.4096547740384615 0.19695956009615384 0.3739637548076923 0.23570726201923076 0.37292594471153845 0.2644291033653846 0.39797410817307693 0.27998932692307693 0.43756120192307696 0.29128114423076923 0.4586077451923077 0.3298394615384615 0.46004391826923074 0.3311180889423077 0.5479478149038461 0.34378809134615385 0.6738921923076924 0.3412278798076923 0.8100107355769232 0.3270328557692308 0.8623491802884615 0.3262007932692308 0.8658768221153846 0.3040244735576923 0.7889898629807692 0.26908654567307694
6 0 0.6100397163461538 0.0323694375 0.6070480865384615 0.08884130288461539 0.5555594711538462 0.14174273317307692 0.48197387980769235 0.2027882596153846 0.4121650504807692 0.22968653365384617 0.35384756730769235 0.2521923341346154 0.29664902884615385 0.25686623557692306 0.25915336538461536 0.3546962548076923 0.2852986418269231 0.37179412500000003 0.29575279086538464 0.37292594471153845 0.2644291033653846 0.3351212980769231 0.2409444014423077 0.2772013173076923 0.21394144471153845 0.24436233653846154 0.21406172355769232 0.2099527019230769 0.2407802764423077 0.1676770576923077 0.29211015384615385 0.16556019951923076 0.3486394254807692 0.1347480889423077 0.3981129831730769 0.1152373076923077 0.4417819495192308 0.05653828365384616 0.48226821153846156 0.030948346153846153 0.5292145528846154 0 0.5670901538461538 0 0.6100397163461538
14 0.649920233173077 0.48759812740384617 0.6439327427884615 0.4877270264423077 0.630100391826923 0.49139928365384616 0.6135146298076923 0.4928811682692308 0.5993319086538461 0.5001823581730769 0.6106756634615385 0.5048215384615384 0.6194860721153846 0.5045221274038462 0.6318519447115385 0.5016221802884615 0.6481163293269231 0.5004215624999999 0.6523753389423077 0.49873865865384615 0.6579995144230769 0.4938164975961538 0.6548639350961539 0.49042721874999995 0.649920233173077 0.48759812740384617
14 0.6684238677884615 0.5125495048076923 0.6621237235576923 0.5091186153846153 0.6560754471153847 0.5077673461538461 0.6425340841346153 0.5104182524038461 0.624591875 0.5112983389423077 0.6190169471153847 0.5133662235576923 0.6130612548076922 0.5183229543269231 0.613132173076923 0.5200498221153846 0.61387625 0.5219542331730769 0.6198347524038461 0.5251730024038461 0.6269876009615385 0.5250464471153846 0.6344111754807693 0.5234051562500001 0.6583003485576923 0.5214093942307693 0.6651101490384614 0.51698296875 0.6684238677884615 0.5125495048076923
14 0.6410093437500001 0.5462534471153846 0.6376854951923078 0.5504402163461538 0.640981764423077 0.5536888629807692 0.6527569350961537 0.5566726706730769 0.6844619831730768 0.5544812139423076 0.6869331298076923 0.5538518846153846 0.6905783629807692 0.5493838485576923 0.6897937668269231 0.5464926490384616 0.6834429639423077 0.5418282884615384 0.6797558028846153 0.5412217932692308 0.6462426322115384 0.5439734374999999 0.6410093437500001 0.5462534471153846
14 0.4627348725961538 0.7370318245192308 0.46642203365384616 0.7376383173076922 0.4833595721153846 0.7366152524038461 0.49198031009615384 0.7398041418269231 0.5027291418269231 0.7380638293269232 0.5106637764423076 0.7326529711538462 0.5042015336538461 0.7252749639423077 0.49416497355769234 0.724091858173077 0.4910901802884616 0.72218275 0.4864895288461539 0.7236535288461539 0.48084368028846153 0.7239945528846154 0.47508639423076926 0.7216219302884616 0.46450838221153845 0.7234683052884615 0.4563016153846154 0.7263061538461538 0.45446450240384617 0.7302140048076923 0.45125941346153847 0.7291856129807692 0.4500130072115385 0.7272097091346155 0.4465371875 0.7276960576923077 0.447523 0.7314333966346154 0.45448476682692307 0.7307073942307691 0.4581429447115385 0.7346615528846154 0.4627348725961538 0.7370318245192308
14 0.5204000528846154 0.79543359375 0.5275832956730769 0.796047125 0.5370958509615384 0.7925776009615385 0.5364401442307692 0.7847179423076922 0.5334652548076924 0.7811880264423077 0.5170083822115384 0.7777014447115385 0.4983902067307693 0.7702284783653847 0.4856914158653846 0.76907525 0.48259635817307694 0.7666727524038461 0.47685933413461534 0.7647935192307693 0.47136404567307694 0.7647472115384615 0.46918529567307693 0.7684429399038462 0.47099482211538457 0.7719705048076922 0.47518432211538464 0.7726484879807691 0.48352420192307694 0.777105423076923 0.48856048798076923 0.786242516826923 0.4907913028846154 0.7878680120192307 0.5044846346153846 0.7889175288461538 0.5129142836538462 0.7915069639423076 0.5204000528846154 0.79543359375
15 0.7709158461538461 0.6896566923076922 0.7741209375 0.6906850817307693 0.7819064182692308 0.6897493028846153 0.8032028701923076 0.6854225336538462 0.8065875072115385 0.6827159302884614 0.8080627115384615 0.6781025649038461 0.8051688725961538 0.6765462139423076 0.7992016442307693 0.6771685 0.7720986538461538 0.6819769278846154 0.77070309375 0.6844761009615384 0.7709158461538461 0.6896566923076922
15 0.7829122091346155 0.7223475865384615 0.8055245817307692 0.7176358365384616 0.8072212596153846 0.7143620072115385 0.8060747572115384 0.7107653004807692 0.8002074326923078 0.7097667860576924 0.774048329326923 0.7132380216346154 0.7700513221153845 0.7172472427884615 0.7715394663461539 0.7210560721153846 0.7754481081730769 0.7230020985576923 0.7829122091346155 0.7223475865384615
15 0.8153697692307692 0.746587045673077 0.8174384879807692 0.744265420673077 0.8169144855769231 0.7396127932692308 0.813347485576923 0.737878889423077 0.8106953846153846 0.7381554639423077 0.786274891826923 0.7434273990384616 0.7815425336538462 0.7416911490384616 0.7755651754807692 0.7420667403846154 0.7710455721153846 0.7455110817307692 0.7666852524038461 0.7447270384615384 0.7603763774038461 0.745137201923077 0.7579660192307693 0.7472466995192307 0.7577560793269231 0.7502416105769231 0.7599666322115385 0.7513737139423077 0.7712785889423077 0.7511850625 0.7873431586538462 0.7532260480769231 0.7934710793269232 0.752463125 0.8153697692307692 0.746587045673077
11 0.7561767524038461 0.7442125264423077 0.7571076875 0.7344531418269231 0.7514286370192308 0.725878579326923 0.7437821778846154 0.7220925865384615 0.727626423076923 0.7178313461538461 0.7136826322115385 0.7187899615384615 0.7070929038461539 0.720468170673077 0.6986052788461539 0.7245740625000001 0.6924700408653847 0.7332657908653846 0.6923006249999999 0.7372474807692307 0.7008850576923076 0.7517128389423077 0.706873951923077 0.7556716899038461 0.713605514423077 0.7574472067307692 0.7265142451923077 0.7556055264423077 0.7403277427884615 0.7555276274038462 0.7522202692307692 0.7492085216346154 0.7561767524038461 0.7442125264423077
11 0.7477363966346153 0.7981115 0.75318103125 0.796924329326923 0.7590266850961539 0.7933417043269231 0.7627225721153846 0.7901071442307692 0.7664879711538461 0.7845116947115385 0.7674796947115384 0.7762324807692308 0.7631672187499999 0.7685064134615385 0.7449500649038462 0.7586379855769232 0.7392231682692307 0.7570054519230769 0.7248769471153846 0.7562717716346155 0.7140180793269231 0.7593861923076923 0.7051598197115384 0.7666276274038462 0.7014045552884615 0.7724697740384615 0.7018503221153847 0.78332434375 0.7043634014423077 0.7877695432692308 0.7097196658653846 0.792537625 0.7208824663461539 0.796824045673077 0.7419298605769231 0.7985931538461538 0.7477363966346153 0.7981115
11 0.7287411298076923 0.7166002211538461 0.7335126057692307 0.7152354975961538 0.7422506947115385 0.7091214783653845 0.7455948052884616 0.705428096153846 0.7505646826923077 0.6967340240384616 0.7516881129807692 0.6916618413461539 0.7498481899038462 0.6873941923076923 0.7417993004807693 0.68191590625 0.7280147884615384 0.6786461418269231 0.716330798076923 0.6778825841346153 0.7001575985576923 0.6813034567307692 0.69528621875 0.6842889759615385 0.6922736177884615 0.6879477884615385 0.6883388004807693 0.697524923076923 0.6909329302884615 0.7039436802884615 0.6962500793269231 0.7118127307692308 0.6978077355769231 0.7132606778846153 0.7102459326923077 0.7161753389423077 0.7287411298076923 0.7166002211538461
9 0.7849685769230769 0.5089431442307693 0.7909864591346154 0.5095543317307692 0.7967828653846154 0.5088259831730769 0.8061955168269231 0.5069772620192308 0.8153259038461538 0.5023088365384616 0.8248587235576923 0.49933270192307694 0.835073423076923 0.4926930649038462 0.8388286899038462 0.4868509206730769 0.8392789639423076 0.48160118509615385 0.8366848365384616 0.4751824278846154 0.8333683028846154 0.4714403942307692 0.8232405625 0.4680370360576923 0.8102913076923077 0.46889193749999997 0.7941991538461538 0.4742863653846153 0.7806577884615385 0.47693727163461536 0.7727332860576923 0.48259482451923075 0.7702230216346154 0.48632512259615385 0.769542545673077 0.4940763774038462 0.7745585721153846 0.5027200793269231 0.7802463509615385 0.5074535889423077 0.7849685769230769 0.5089431442307693