3 0.9006810961538462 0.7115420360576923 0.8393798966346153 0.43701672115384615 0.2968635 0.5414641201923077 0.3499646778846154 0.8022595961538461 0.9006810961538462 0.7115420360576923
1 0.7311451105769231 0.4440808173076923 0.6697655841346154 0.18891232692307694 0.24641756490384617 0.2846176754807692 0.29438881009615386 0.5342130841346153 0.7311451105769231 0.4440808173076923
6 0.4724699903846154 0.14675193990384613 0.512579483173077 0.17009578846153847 0.5036527572115385 0.1786204014423077 0.4724630384615385 0.1921754278846154 0.49944512740384617 0.1923239110576923 0.5169754230769231 0.18618492788461538 0.5282315600961538 0.16771373317307692 0.48785279807692306 0.13899897596153846 0.43145838942307696 0.13578741346153847 0.3647091875 0.15519324278846153 0.31806930288461543 0.19685265865384613 0.2943921730769231 0.28215670192307696 0.31811254567307695 0.34445294711538466 0.3222020528846154 0.33570077403846155 0.32422449278846155 0.3286062932692308 0.3087160408653846 0.28192937740384616 0.31663593990384614 0.22331785817307692 0.3683182091346154 0.17592705769230768 0.4038568701923077 0.14931887500000002 0.4724699903846154 0.14675193990384613
6 0.5133525 0.25629809375 0.4700185072115385 0.20985665384615387 0.4189760961538462 0.19407374038461536 0.36810858653846157 0.21215374278846152 0.34819499278846155 0.2445204639423077 0.32422449278846155 0.3286062932692308 0.3269057572115385 0.33667629326923076 0.33316635576923076 0.3470599759615384 0.3264260576923077 0.36262615144230764 0.3934468149038462 0.4485474735576923 0.44723572596153843 0.5017582115384616 0.5470585576923077 0.5229191586538462 0.5925540192307692 0.4801276298076923 0.5866639206730769 0.3951804975961538 0.5585243629807692 0.31119346634615386 0.5133525 0.25629809375
0 0.7399133317307692 0.23234327884615386 0.7694061129807692 0.2977612980769231 0.7752492788461538 0.35356609615384615 0.7724888677884615 0.40698524519230767 0.7323319423076923 0.4412757572115385 0.6664652548076924 0.4812705048076923 0.5935705528846154 0.47653918269230766 0.5564703028846154 0.45464082211538465 0.559358610576923 0.4059422692307692 0.5673362283653847 0.3806546538461539 0.5997512788461539 0.34381005288461536 0.6364479086538462 0.3142637067307692 0.6732588966346154 0.29350824519230767 0.7098006177884616 0.26738189423076925 0.6617000336538462 0.2733959375 0.6091900336538462 0.26739112259615383 0.558726639423077 0.25013912499999996 0.526964920673077 0.2197397283653846 0.4849636634615385 0.20422307932692307 0.4654541899038461 0.20125780048076924 0.4614014615384615 0.2115413028846154 0.5005617860576923 0.21812217548076923 0.5231679326923077 0.23946444711538462 0.5522301442307692 0.2615783365384615 0.5784649014423077 0.2706861778846154 0.6171876418269231 0.2793864158653846 0.64227796875 0.28736212259615385 0.6753054975961538 0.2822610408653846 0.6328866538461538 0.30614669471153844 0.5878557884615385 0.3386782932692308 0.5614726418269231 0.3743436418269231 0.5417004134615385 0.40736065865384613 0.5448979663461538 0.43859881730769235 0.5667298341346154 0.4770409951923077 0.6087580432692308 0.4844171177884615 0.6556737764423077 0.4894817475961538 0.7046629903846154 0.47515863942307696 0.7683956754807693 0.4294796778846154 0.7902144927884615 0.3852154110576923 0.7912379807692307 0.33620350240384617 0.7782050096153846 0.28451610096153845 0.7555114495192308 0.24624236057692309 0.7225178846153846 0.19777936057692308 0.6581932283653846 0.16222105769230769 0.6061477572115385 0.14595630048076924 0.5412776778846153 0.14507968990384615 0.45767884855769225 0.16549108413461538 0.41253355528846153 0.1892317860576923 0.3842991298076923 0.22051348317307692 0.35174270913461536 0.25670777403846157 0.3133427524038461 0.32387394471153846 0.3035877355769231 0.3657796634615385 0.28907313701923076 0.4147173557692308 0.2887969158653846 0.45476995673076925 0.28750415865384615 0.49841097115384614 0.30974910576923076 0.5270056490384616 0.30169553125 0.46038353846153846 0.3007263701923077 0.4063376370192308 0.3127702548076923 0.36669621874999997 0.34167807451923077 0.30545346153846153 0.3871130528846154 0.2375898389423077 0.4323392403846154 0.18942739182692309 0.4839540841346154 0.1623880384615385 0.5584847524038461 0.1498509783653846 0.6154312331730769 0.15973403605769232 0.6567121033653845 0.17606946634615386 0.7019783413461538 0.20247282451923077 0.7399133317307692 0.23234327884615386
12 0.4650895 0.6014750360576924 0.46171418509615386 0.5967976730769231 0.4556608269230769 0.5960749567307693 0.4518438004807692 0.6025396682692308 0.44749678846153845 0.6065664471153845 0.44323708173076926 0.6086699999999999 0.4373136153846154 0.6093197427884616 0.4329344182692308 0.606998951923077 0.43079367548076924 0.603351 0.4297857379807692 0.5832156923076923 0.41862469711538464 0.5806958365384616 0.3838310793269231 0.5864814399038462 0.36739084134615385 0.5929995480769231 0.3628027355769231 0.5966922283653846 0.35423032451923075 0.6006555432692308 0.34380914423076925 0.6100633822115384 0.3358862019230769 0.6208889711538461 0.3323102668269231 0.6276877836538461 0.3282313389423077 0.6399221730769231 0.3282479182692307 0.6508475769230769 0.3327153822115384 0.6667483774038462 0.33699686778846155 0.67404428125 0.34901417307692306 0.6859275288461538 0.36403271634615386 0.6937929399038462 0.3788205697115385 0.6982723677884616 0.39361882932692305 0.69969990625 0.40802220432692304 0.6985360240384615 0.42394075 0.6950426850961539 0.4369848629807693 0.6899509903846154 0.45629644711538464 0.6780425961538461 0.47101163942307694 0.6643641778846153 0.47443377884615384 0.6553080456730769 0.47821650240384617 0.6510103557692308 0.48192444471153845 0.6370694086538461 0.4817384639423077 0.6284645168269231 0.4778539831730769 0.6152454447115384 0.4714795432692308 0.6060713221153846 0.4650895 0.6014750360576924
15 0.3681193245192308 0.5924758942307693 0.3717035456730769 0.5911397860576924 0.37270742548076924 0.5887832115384616 0.371895875 0.5742009110576923 0.37301307451923077 0.5622913894230769 0.37194790384615384 0.5589414687500001 0.3699848485576923 0.5584357091346154 0.36529595192307696 0.5601148629807692 0.3627716971153846 0.5663268341346154 0.3626988557692308 0.5876900528846154 0.3644634110576923 0.5911573966346154 0.3681193245192308 0.5924758942307693
15 0.6129911490384615 0.5921298774038461 0.6508868052884615 0.5843399711538462 0.6536126466346153 0.5821550600961538 0.6535700528846153 0.5788593774038462 0.6500492379807692 0.577387391826923 0.6107257163461539 0.5855835240384615 0.60281009375 0.5863685793269231 0.5958058509615385 0.5882462307692308 0.5939965889423077 0.5899977980769231 0.5945795697115385 0.5926795216346153 0.5978301923076923 0.5944584879807693 0.6129911490384615 0.5921298774038461
15 0.7229869230769231 0.5541054471153847 0.7181255384615385 0.5511164639423077 0.7133888485576924 0.5510258774038461 0.6617310024038462 0.5613792379807692 0.6586580697115385 0.56274246875 0.6589947524038462 0.5666160384615385 0.6629977596153847 0.5687562211538462 0.6661475889423076 0.56852165625 0.7156781802884615 0.5584570961538462 0.7229869230769231 0.5541054471153847
15 0.7974812259615385 0.5558075576923077 0.7969564447115385 0.5518436826923077 0.7927892403846154 0.5504980649038461 0.7407022091346154 0.5604270264423077 0.7375471754807692 0.5621875336538461 0.7375367692307692 0.5652394254807692 0.7382839495192308 0.5671265841346154 0.74248025 0.567831125 0.795025576923077 0.5576854927884616 0.7974812259615385 0.5558075576923077
4 0.8037307884615384 0.6016043413461538 0.813508673076923 0.599311514423077 0.8157523269230769 0.5964584086538461 0.8090111346153847 0.5685485552884615 0.8061897019230769 0.5671939903846154 0.8011828149038462 0.5674103822115385 0.7750572019230769 0.5727721466346154 0.7651016274038462 0.5719227788461538 0.7647337283653847 0.5772048725961538 0.7719041081730769 0.6055391274038462 0.7768288942307693 0.605720016826923 0.8037307884615384 0.6016043413461538
4 0.7009763004807692 0.615593329326923 0.7033820384615385 0.62046025 0.7060974735576924 0.6213272259615384 0.71310171875 0.6194495745192307 0.7296614471153846 0.6173558125 0.7423480600961538 0.6144943221153846 0.7449679062500001 0.6118218245192307 0.7387671057692308 0.5832980168269231 0.7348700961538461 0.5816454182692308 0.7315321754807692 0.5817896802884616 0.7038435913461538 0.5877111586538462 0.700105576923077 0.5867899447115384 0.6980469350961538 0.5827447091346154 0.6929288485576923 0.5839994591346154 0.6953584807692308 0.5897512475961538 0.7009763004807692 0.615593329326923
4 0.6284429399038461 0.6229115697115385 0.6311562548076922 0.6322931346153846 0.6328200192307692 0.633746951923077 0.6348890673076923 0.6347402980769231 0.6387725841346155 0.6324561346153845 0.6449132451923076 0.6312556250000001 0.6500791274038461 0.6317706105769231 0.6602093028846153 0.6287735264423078 0.6701409759615384 0.6287380216346155 0.67139115625 0.6251896009615384 0.6700236057692308 0.6157990889423076 0.6655665456730768 0.5968464014423077 0.6624136322115385 0.5900923221153846 0.6565566538461538 0.5949226105769231 0.6531075288461538 0.5961052307692307 0.6480476442307693 0.5960778293269231 0.6320470024038461 0.5999684495192308 0.6271513149038461 0.5991464855769231 0.6247912596153846 0.6045638942307693 0.6284429399038461 0.6229115697115385
4 0.5564967908653846 0.6158823581730769 0.5569529615384615 0.6241802740384615 0.5618392139423076 0.643557360576923 0.5644673485576923 0.6463475649038462 0.5680702620192307 0.6474222692307693 0.5777473509615384 0.6431159110576924 0.5836126177884615 0.6437483245192308 0.5880895216346154 0.6410939975961539 0.5939069903846154 0.6399566706730769 0.5986966778846153 0.6402910504807693 0.6023921009615385 0.6379165817307691 0.5967264855769231 0.6103047644230769 0.5946626370192308 0.6077854735576923 0.5919180985576923 0.6075595721153846 0.5601922091346154 0.6135078894230769 0.5564967908653846 0.6158823581730769
14 0.5884714519230769 0.5211854831730769 0.5933463245192308 0.5281112259615385 0.5977182019230769 0.540472548076923 0.6029557740384616 0.5436421442307693 0.6083097548076923 0.5442474350961539 0.6103840072115385 0.5437148365384615 0.6139786346153846 0.5393268389423077 0.6141002403846154 0.5352365913461539 0.6075668076923078 0.52533109375 0.6027709447115385 0.511019423076923 0.5944895408653846 0.508571983173077 0.5921368028846155 0.503948858173077 0.5902267451923077 0.5036868894230769 0.5904948245192307 0.5118945024038462 0.5874644831730769 0.5165534086538461 0.5884714519230769 0.5211854831730769
14 0.6668899206730768 0.4928926418269231 0.66260940625 0.5010999711538461 0.6630759807692308 0.506346 0.6697154086538462 0.5167390865384616 0.6722697355769232 0.5253892716346154 0.6744686802884616 0.5277550721153846 0.6807049326923077 0.5300940360576922 0.6863925096153847 0.5275842548076923 0.6894041538461538 0.52051453125 0.6838880961538462 0.5121892163461539 0.6782816514423077 0.4987984807692308 0.6692000673076923 0.4942200841346154 0.6671227283653847 0.4877640360576923 0.6655358629807692 0.48743888701923077 0.6616284495192308 0.48883818028846154 0.661946439903846 0.49030093750000003 0.6654963581730768 0.49113184855769226 0.6668899206730768 0.4928926418269231
14 0.7266692115384615 0.46875210576923076 0.7282165673076922 0.47277022115384615 0.7321904711538461 0.4755514759615385 0.7331444375 0.4799397548076923 0.7295207115384615 0.48496882932692303 0.7297752980769231 0.48923968509615384 0.73518015625 0.4986033581730769 0.7379360673076923 0.511280608173077 0.7404582043269231 0.5135832211538461 0.7474468437499999 0.5162834014423077 0.752429829326923 0.5151821418269231 0.7552668725961538 0.5119588725961539 0.7563050576923077 0.5074352788461538 0.7499358245192307 0.49673521634615386 0.747932295673077 0.48441918509615384 0.7411182644230769 0.4778725480769231 0.7397455096153845 0.4700079807692308 0.7362641995192308 0.46484303125 0.7308572259615385 0.46399394471153843 0.7271088052884616 0.46612462019230766 0.7266692115384615 0.46875210576923076
14 0.8209748293269231 0.48564265144230767 0.8142137932692308 0.4793398125 0.8079536442307693 0.47611598076923073 0.8041865312500001 0.4758358389423077 0.8025705673076923 0.4761517620192308 0.8017308822115384 0.4777137740384615 0.8029072548076923 0.4800253365384615 0.8116178485576923 0.4828971802884615 0.815586548076923 0.48720438221153844 0.8173615072115384 0.4876198341346154 0.8157881370192308 0.49123144230769233 0.8095788677884616 0.4967659927884615 0.8079846826923076 0.506481375 0.8060351201923077 0.5099123725961539 0.8065069014423076 0.5136324543269231 0.8040647475961538 0.5194471442307692 0.8040543413461538 0.5224990336538462 0.8085000288461538 0.5290003774038461 0.8086860072115385 0.5376052668269231 0.8090569927884614 0.5393118197115384 0.8105087596153846 0.5397904615384616 0.8164374278846154 0.5376147788461538 0.8158544471153846 0.5349330528846153 0.8134383052884615 0.5331180216346154 0.8131255168269231 0.5301293173076923 0.8216075456730769 0.5211005865384615 0.8223911442307692 0.5123061346153845 0.8257446778846155 0.5075840432692308 0.8270686658653846 0.4981756394230769 0.8261146947115384 0.4937873605769231 0.822410985576923 0.49069912499999996 0.8209748293269231 0.48564265144230767
10 0.5234217908653845 0.44126349759615385 0.5186299831730768 0.4494437091346154 0.49775331730769234 0.4704264110576923 0.47966898557692306 0.4934047524038461 0.47981756971153844 0.4971880240384615 0.48113424278846156 0.49782015144230773 0.4883400745192308 0.49996956009615384 0.4930528677884615 0.4991752740384615 0.5269196802884616 0.45735385336538464 0.5319847668269231 0.4558553100961538 0.5500367379807692 0.4660504567307692 0.5552078197115384 0.4650395 0.5561535 0.46396507692307687 0.5567520913461539 0.46206896875 0.554176954326923 0.4595225625 0.5375289567307692 0.44803631490384616 0.5309612211538461 0.4402978341346154 0.5291862644230769 0.43988237740384617 0.5234217908653845 0.44126349759615385
10 0.4797551370192308 0.5154993509615384 0.4821868894230769 0.5127365528846154 0.4836012644230769 0.5083935649038461 0.4783106923076923 0.5049801778846154 0.4735739975961539 0.5048895913461539 0.4720879278846154 0.5065779711538462 0.45135253125 0.5413844759615385 0.43888196394230766 0.5677130192307692 0.43319747355769234 0.5772114471153846 0.4311688966346154 0.5880283725961538 0.43059208653846154 0.5993239375 0.4315460576923077 0.6037122139423077 0.43288142067307694 0.6067551586538461 0.4376368076923077 0.6092565552884616 0.44207940865384615 0.6087692524038462 0.45089812019230774 0.60361409375 0.4541799591346154 0.596237391826923 0.45393057451923075 0.5904405913461539 0.4474501418269231 0.5807788870192307 0.44741275240384615 0.5759572596153846 0.45874434375 0.5521387788461538 0.4651864158653846 0.541475625 0.4680473581730769 0.5391372235576923 0.47249727403846153 0.5286093870192308 0.47822956250000004 0.5208806947115385 0.4797551370192308 0.5154993509615384
15 0.5451707596153846 0.5591327740384615 0.5484504855769231 0.5602706610576923 0.5502306466346154 0.5591601730769231 0.5521272091346154 0.5554853798076923 0.5511254447115385 0.5493273653846154 0.5396953581730769 0.5230966682692307 0.536214045673077 0.5179317163461539 0.5334986081730769 0.5170647403846154 0.5292971057692308 0.517886141826923 0.5281872259615384 0.5197551298076923 0.5288710024038461 0.5244503870192307 0.5424366298076924 0.5558549831730769 0.5451707596153846 0.5591327740384615