8 0.22060700721153845 0.854494485576923 0.22542449759615385 0.8547278942307692 0.2277929783653846 0.8561871370192308 0.2276569903846154 0.8597034471153846 0.22869189423076924 0.8567582740384616 0.23148436057692307 0.8562979086538461 0.23546373798076925 0.8580053918269231 0.2356658701923077 0.8594107283653846 0.2371605 0.8584449951923077 0.2471389423076923 0.8596772884615385 0.25201723557692307 0.861955903846154 0.28644712740384615 0.8685084591346153 0.2942485408653846 0.8639339615384615 0.29704553125 0.8582320168269231 0.29319228125 0.8553733677884616 0.2910456514423077 0.8505891850961539 0.2914688221153846 0.8405515552884615 0.2980377211538462 0.8322753125000001 0.30850013461538467 0.8255151802884615 0.31169152884615386 0.8249890528846154 0.31646875721153844 0.826565 0.3174938004807692 0.82598496875 0.31878095913461535 0.8207374567307693 0.32305285817307694 0.8188000576923078 0.32905191826923075 0.8183248701923076 0.33020309134615383 0.8165936658653846 0.3306073533653846 0.81940434375 0.33302143509615384 0.8223974879807692 0.34593367548076925 0.8225295504807693 0.3512540456730769 0.8019222355769231 0.3523641370192308 0.7934155456730768 0.35652347355769226 0.7769045745192307 0.35675519230769226 0.7712144927884614 0.36121772596153845 0.7568115264423076 0.36148970673076924 0.74977890625 0.3651847932692308 0.7365300769230768 0.3651186538461539 0.7316084326923077 0.36054355769230767 0.7314378197115385 0.35848813221153847 0.7297214447115384 0.36254270192307697 0.7258674086538461 0.36555783894230764 0.7302001274038462 0.3670417932692308 0.7234815120192307 0.3649157043269231 0.7220850697115384 0.3644559783653846 0.7201056274038462 0.36866707451923075 0.7161230264423076 0.3539767307692308 0.7101184134615385 0.34964402884615386 0.7100106033653847 0.34718434375 0.7054835528846154 0.35042586057692304 0.7012497475961539 0.35090983653846153 0.6932573245192307 0.3534742932692308 0.6851274423076923 0.35647341586538467 0.6808308365384614 0.35939119711538464 0.67110128125 0.36454146875 0.6663472764423077 0.36769178124999996 0.6590456634615385 0.3695146730769231 0.6583340961538462 0.37328206009615383 0.6610013798076924 0.38308261298076923 0.650856471153846 0.3834761971153846 0.6479142644230769 0.3821023581730769 0.6448523870192309 0.3839807115384615 0.6433095841346154 0.38706036057692306 0.6363279062499999 0.3882000336538462 0.6207257956730768 0.3908154375 0.6170062548076923 0.39145141586538457 0.6141268509615384 0.38703737259615384 0.6085860913461538 0.39310628125 0.5996729447115384 0.39340866586538464 0.5936629278846154 0.39100443990384615 0.5883046418269231 0.39688108173076925 0.5756210192307692 0.4013526634615384 0.5507348894230769 0.39752981249999997 0.54889884375 0.3952122716346154 0.5518499471153846 0.39432403605769234 0.5570316923076923 0.39114784375 0.5580691225961538 0.3899609350961538 0.5559012812499999 0.3921318052884616 0.5507136057692308 0.3915862139423077 0.5485427980769231 0.3868895144230769 0.5442817764423077 0.3879244158653846 0.5413366033653846 0.39106034375000004 0.5416417115384615 0.39247363461538465 0.5352430288461538 0.39718471875000005 0.5318973269230769 0.3995030769230769 0.5370642475961538 0.3977463269230769 0.5426974591346154 0.39865057932692305 0.5461450384615385 0.40152357451923076 0.5429996033653846 0.4012705048076923 0.537183920673077 0.4051685408653846 0.5334584495192307 0.40460240865384617 0.5278999014423077 0.4057733028846154 0.5214384158653846 0.41050863221153844 0.5081208557692307 0.4146071682692308 0.48956467548076926 0.4165044302884615 0.47517357451923076 0.4222586490384615 0.4502815120192307 0.4241353701923077 0.4325026682692308 0.4265182355769231 0.42635518749999995 0.43194871634615384 0.3959673798076923 0.4356438076923077 0.3827185504807692 0.43566353125 0.3779882692307692 0.43227986778846156 0.3747439182692308 0.43716638942307695 0.3584213509615385 0.43728717788461535 0.3543937403846154 0.4364437283653846 0.3529913677884616 0.4293534855769231 0.3491249423076923 0.4225011105769231 0.35056289903846155 0.4337424663461539 0.35651953846153844 0.43350088701923073 0.3645747620192308 0.4315526826923077 0.37455551923076924 0.4288210192307692 0.37706108653846154 0.4257002908653846 0.37726728125 0.4230339495192308 0.3765764735576923 0.41685248076923076 0.3709160456730769 0.4156557091346154 0.37111334375 0.41366642788461544 0.37431861538461536 0.4136467043269231 0.3790488966346154 0.4107897259615385 0.39082365625 0.40761887500000005 0.3947375264423077 0.4092655120192308 0.39888481009615384 0.40896312740384616 0.4048948245192308 0.41123054567307693 0.40565139903846154 0.4124979807692308 0.4051341658653846 0.41351768509615383 0.4016776923076923 0.4180266394230769 0.39692665384615383 0.42258653365384613 0.39658596394230766 0.4249640625 0.38756204326923077 0.4284890504807692 0.39016652163461535 0.42966610096153846 0.39469950480769234 0.4270050985576923 0.3968851394230769 0.42378330528846153 0.39638866346153845 0.4224049423076923 0.39856836778846155 0.4230417403846154 0.4038069831730769 0.4219415072115385 0.40994853125 0.42365881009615386 0.4137758798076923 0.4229065649038462 0.4154413173076923 0.41965970673076924 0.4167986802884615 0.41853893990384616 0.4195524855769231 0.41826695913461537 0.4265851057692308 0.41986347115384615 0.4344400649038462 0.4183133774038461 0.43623703365384614 0.4143241346153846 0.4368946947115384 0.4119959158653846 0.4340929158653846 0.41309614663461536 0.42795136778846155 0.41253535336538466 0.42526925721153847 0.40856131250000005 0.42643821875000004 0.40840026201923074 0.43180836778846154 0.40761761298076926 0.4324511995192308 0.40381982932692306 0.42876131490384617 0.4036731610576923 0.4265247403846154 0.4046678004807692 0.4249221057692308 0.40794506009615383 0.42458734615384613 0.40889409615384614 0.4214508052884615 0.41142897115384613 0.4204163389423077 0.4137009086538462 0.41593133413461536 0.41755868269230767 0.4135484014423077 0.41883064182692303 0.40778958653846153 0.41722960817307697 0.4051762091346154 0.4142502067307693 0.40474253365384616 0.41287184374999997 0.4069222379807692 0.4131249158653846 0.41273792307692303 0.4057573509615385 0.41302767548076924 0.4030910096153846 0.41233686778846157 0.4007521153846154 0.4037822043269231 0.4039024278846154 0.3964805913461538 0.40689168990384617 0.39454912500000006 0.4071628557692308 0.3793984831730769 0.40944465144230774 0.3725483341346154 0.40956544471153844 0.3685207235576923 0.4143015889423077 0.36332118750000003 0.4204912908653846 0.35038042788461543 0.4178902740384615 0.34649324278846155 0.41425435576923075 0.3455512355769231 0.4103661826923077 0.34691156490384617 0.4016399759615385 0.34465073798076923 0.39526252884615387 0.34857943750000003 0.39746995913461536 0.3554088293269231 0.39975257692307686 0.35667670192307693 0.4020405336538462 0.3608210192307692 0.4001067139423077 0.3631950552884616 0.3977838341346154 0.36326971634615385 0.39518281971153846 0.35938253365384615 0.3952785480769231 0.3572087620192308 0.3909458461538462 0.3571009543269231 0.3878448413461539 0.35257686778846153 0.38427958653846156 0.3513149230769231 0.38154710576923073 0.34570246875 0.3820212163461539 0.34007518750000004 0.3810614975961538 0.33745884375 0.38094975480769233 0.3310032932692308 0.37814660817307694 0.32571077163461537 0.36651166826923076 0.3226963365384616 0.3572908149038462 0.3226750528846154 0.34929179326923077 0.3206026322115385 0.3428079423076923 0.32095221874999996 0.3072367427884615 0.31376572596153846 0.30333336538461536 0.3146147524038462 0.29191739182692306 0.3297530072115385 0.2894523677884615 0.3223495144230769 0.2861553846153846 0.32741455528846153 0.28623138701923073 0.3299710625 0.2878726875 0.3312419038461538 0.2871911057692308 0.33258740625 0.28328239182692305 0.33055999278846154 0.2794648798076923 0.3316003870192308 0.2761929615384615 0.33481159134615385 0.26999176923076923 0.33388143990384617 0.2577270048076923 0.3447408798076923 0.2298055144230769 0.4815980096153846 0.21737844230769232 0.5355412716346154 0.21202848798076923 0.5632440072115384 0.20882804807692307 0.574253298076923 0.20691106490384614 0.5933746802884615 0.20017740625000002 0.6203806778846155 0.1979983028846154 0.6441695432692308 0.19537304326923077 0.65025421875 0.19552505048076924 0.6553672331730769 0.1933541730769231 0.6605549110576923 0.19350618269230768 0.6656679278846155 0.19102225 0.6711127355769231 0.1912145216346154 0.6748832163461539 0.18962950240384616 0.6808991610576923 0.19016523317307693 0.685435108173077 0.18712584615384614 0.6910742524038462 0.18766157451923077 0.6956101995192309 0.18510697836538462 0.7013749447115385 0.18595576682692305 0.7056537572115384 0.1830881129807692 0.7116756370192309 0.18345211298076924 0.7158288461538462 0.18145297115384615 0.7213992596153846 0.1819180360576923 0.7262551418269231 0.17936343990384615 0.7320198870192307 0.17802163221153847 0.74621665625 0.17559850240384614 0.7537066730769231 0.17398389903846154 0.7668180408653846 0.1718130264423077 0.7720057163461539 0.1695624423076923 0.7879964903846154 0.16760356009615382 0.7922243653846154 0.1645551298076923 0.808346670673077 0.1601936610576923 0.8234523076923076 0.16053793990384616 0.832335798076923 0.16404772836538462 0.8344289783653847 0.16633116105769233 0.8438148774038462 0.16880523076923076 0.8407352067307692 0.17137050721153846 0.8407233437499999 0.17333554326923076 0.8474899350961539 0.18028898076923075 0.8467546466346154 0.1831065096153846 0.8444404471153846 0.1856717860576923 0.8444285817307692 0.189994625 0.8469015336538461 0.20174049278846157 0.8482534951923076 0.20443723317307694 0.8499669062499999 0.2049121610576923 0.8524576490384616 0.20661878365384614 0.8505321129807691 0.20814381730769232 0.8505889807692307 0.21798092788461537 0.8524611394230769 0.22060700721153845 0.854494485576923
4 0.4824033461538461 0.42104698557692305 0.4885490769230769 0.4228083701923077 0.505743891826923 0.42675591826923076 0.5083646298076923 0.4259128221153846 0.5151180096153847 0.39417654326923074 0.5154105312499999 0.3905316658653846 0.5141225552884615 0.38766115625 0.49022655528846154 0.3821465576923077 0.48753515384615387 0.3833095913461539 0.48487949038461536 0.38837166586538463 0.4808425769230769 0.4170910721153846 0.48090337980769227 0.4191362764423077 0.4824033461538461 0.42104698557692305
13 0.517918641826923 0.47489641346153844 0.5036173605769231 0.47119117307692304 0.4986737427884615 0.4721089326923077 0.49681592788461537 0.4770394735576923 0.48563122836538464 0.53231934375 0.48616162259615386 0.5339788461538462 0.48884316346153844 0.5351809591346154 0.5304187644230769 0.5447687043269231 0.5335394903846153 0.5445625096153847 0.5367559447115384 0.5421825408653846 0.5411979399038461 0.5243918341346154 0.5478617499999999 0.5058237932692308 0.5484969158653846 0.4948263653846154 0.5468905432692307 0.48933654567307694 0.547708110576923 0.48447473317307693 0.5469353269230769 0.48275242788461536 0.5272101634615385 0.47459776442307694 0.517918641826923 0.47489641346153844
14 0.54836878125 0.4257917692307692 0.5462085865384615 0.43673233173076925 0.5473507091346154 0.4454842884615384 0.5491538774038461 0.4495030024038461 0.5521082139423077 0.4517905144230769 0.5543300264423077 0.45101318509615385 0.5565617043269231 0.4478707139423077 0.5592272283653846 0.4404435 0.5624662956730769 0.411855625 0.5618599014423077 0.4076396105769231 0.5579101057692308 0.39883671153846156 0.5571471850961538 0.39474926442307695 0.5536525913461539 0.39316738461538464 0.5510425336538461 0.3997633653846154 0.5495183173076923 0.40782451923076923 0.54836878125 0.4257917692307692
14 0.5280621490384616 0.6111300841346154 0.514276875 0.6166910721153845 0.5071927836538461 0.6238191129807693 0.5100764567307693 0.6264265600961539 0.5140961009615385 0.6267915024038462 0.5186103918269231 0.6249169062500001 0.5221756490384615 0.6261788485576923 0.5231657644230769 0.6298177980769231 0.5248070625 0.6310886346153846 0.5424554471153846 0.6260211586538461 0.5525448173076923 0.6255909783653847 0.5627648365384615 0.618768045673077 0.5851349855769231 0.6161077475961538 0.5902601947115385 0.6132075841346154 0.5866189350961538 0.6093891346153846 0.5783676610576923 0.6096190504807693 0.5579670697115385 0.6138043533653846 0.5500789783653846 0.6100694639423077 0.5417167716346154 0.6119618485576923 0.5280621490384616 0.6111300841346154
15 0.6042065144230769 0.42741154567307693 0.6093136538461539 0.4194267788461538 0.5685534134615385 0.40012956009615386 0.5649181201923077 0.40730789182692306 0.6042065144230769 0.42741154567307693
15 0.5816678870192308 0.48924022596153843 0.5864271802884615 0.4766357836538461 0.5560859495192307 0.46276303365384613 0.5508888365384615 0.46773223798076924 0.5816678870192308 0.48924022596153843
15 0.5749899350961538 0.5380355552884615 0.5765012908653846 0.5293103557692308 0.5450726490384615 0.5311867115384615 0.5433762163461539 0.5388673365384615 0.5749899350961538 0.5380355552884615
1 0.8219771682692307 0.8366087668269231 0.88917125 0.4209026875 0.6473720985576924 0.3619045913461539 0.5756105552884615 0.7827036370192307 0.8219771682692307 0.8366087668269231
3 0.5426240600961538 0.8887419951923078 0.6361386971153846 0.3598557764423077 0.37633923076923076 0.3052178173076923 0.2662863341346154 0.8406054326923077 0.5426240600961538 0.8887419951923078
10 0.7250078653846154 0.6878785024038462 0.705835014423077 0.6973469903846153 0.6603262427884615 0.6837519567307692 0.6403454278846153 0.6659437788461537 0.6148712764423077 0.6575393701923077 0.6135249158653846 0.6698218990384616 0.6412071923076923 0.6806029254807692 0.6754061322115384 0.7020946947115385 0.7200262475961539 0.7073394158653846 0.7478967884615385 0.6739593966346155 0.7547901081730769 0.6180019086538462 0.7429952692307692 0.5662250240384615 0.7197559423076924 0.5105808197115385 0.697459170673077 0.47232341346153844 0.6601903317307692 0.43379591586538463 0.6345545625 0.41993616346153845 0.6066031418269231 0.42893471875 0.5828524374999999 0.42819476201923073 0.5704384350961539 0.4132493269230769 0.5572168149038462 0.4359887956730769 0.5626560985576923 0.44116274519230764 0.5697383870192307 0.4256993245192308 0.5816945673076923 0.4396238870192307 0.6010021274038462 0.4419194567307692 0.6351470408653845 0.43272107451923075 0.6599480096153846 0.44726675000000005 0.6851530096153847 0.47545076923076923 0.7072612836538461 0.5145616033653846 0.7261381730769231 0.5528352019230769 0.7407065721153846 0.6044284495192308 0.74391128125 0.6548819903846154 0.7250078653846154 0.6878785024038462
10 0.6322123221153846 0.5140646298076923 0.6186403509615384 0.48889454567307694 0.5982825240384615 0.47279328365384615 0.5676112716346154 0.46935804567307693 0.55382403125 0.47300390625 0.5497009567307692 0.49981733173076925 0.5625757379807692 0.47978254326923075 0.5794058798076923 0.4778272764423077 0.6015409302884616 0.4889755576923077 0.6196637451923077 0.509009 0.6215218509615384 0.528437485576923 0.60913490625 0.5288371658653847 0.5954283581730769 0.5135568846153846 0.5905005264423078 0.52040034375 0.6114777019230769 0.5429777620192308 0.6251572379807692 0.5429129735576923 0.6322123221153846 0.5140646298076923
10 0.4404579783653846 0.80994234375 0.41490299759615384 0.7988102403846155 0.39963472115384613 0.8029746490384616 0.37399909615384613 0.8107686971153847 0.37087525721153847 0.78469665625 0.36236597836538464 0.7861009423076923 0.3658128581730769 0.8014298870192308 0.36551681490384613 0.8275181177884616 0.38571290625 0.8165103173076923 0.4170842620192308 0.8074955552884616 0.44382402644230773 0.8225435961538461 0.47955772836538463 0.8092456201923077 0.5295363076923076 0.7716688125 0.5584032307692308 0.7430581442307692 0.5935982331730769 0.7043578221153847 0.624350045673077 0.6672130913461539 0.63700609375 0.6253800264423077 0.6321588701923078 0.5916434927884615 0.6151939254807692 0.5601809086538462 0.5960478557692308 0.5416868461538461 0.5697658173076923 0.5276596538461539 0.5481534567307692 0.5106911346153846 0.5441839663461538 0.5228362836538462 0.5637339447115385 0.5333148125 0.5994947427884616 0.5570157548076924 0.6218183798076923 0.5889644302884616 0.6286045048076924 0.6232033052884615 0.6158676177884614 0.6623087091346154 0.5846580360576923 0.698432579326923 0.5452891778846154 0.7405627235576924 0.5144834447115385 0.7686710745192307 0.47247555288461535 0.8010950096153846 0.4404579783653846 0.80994234375
10 0.5611222764423076 0.6039152211538462 0.5719204999999999 0.6076150985576922 0.5890736971153846 0.5949166682692307 0.59690971875 0.5779997788461538 0.5776828533653846 0.5567780673076923 0.5383946057692308 0.5583282163461538 0.4896545456730769 0.5655497331730769 0.4493969158653846 0.5776756274038461 0.4097856009615385 0.5899689783653846 0.40722734615384615 0.5829904807692308 0.41572105048076924 0.5688328100961538 0.4014376923076923 0.5751748125 0.39920278605769227 0.60076075 0.42139165144230767 0.5992916850961538 0.44972011778846155 0.588586266826923 0.4910817980769231 0.5776486370192307 0.5432417379807692 0.5704109326923077 0.5767943100961539 0.5700814735576923 0.5863539110576923 0.5824828870192308 0.5720550673076923 0.5977253269230769 0.5635726850961539 0.5928209591346154 0.5611222764423076 0.6039152211538462
10 0.5172583509615385 0.6041593389423077 0.5045191995192307 0.6127084927884615 0.4844845360576923 0.6075178221153846 0.45731395432692307 0.6067940408653846 0.4376294591346154 0.6062053004807693 0.4269658125 0.5926156153846154 0.42066460336538464 0.5963965360576923 0.42860854567307693 0.6192062932692307 0.45766407451923075 0.6113959567307693 0.47963754326923075 0.6170889399038462 0.504653858173077 0.6244725408653846 0.5172583509615385 0.6041593389423077
10 0.44673211778846156 0.7908163749999999 0.48954810096153845 0.8073227644230769 0.5284323629807692 0.7921342980769231 0.5694168677884616 0.7395958774038461 0.5857350697115384 0.68427578125 0.60253796875 0.6236677932692308 0.6281464975961538 0.5788748221153847 0.6248815889423077 0.565521891826923 0.6007337307692308 0.6132757067307693 0.580160829326923 0.6692979663461538 0.5607459423076923 0.735544920673077 0.522912048076923 0.7861928629807693 0.49329105528846157 0.79656334375 0.44622043028846153 0.7807591009615386 0.4210156177884615 0.7742289254807692 0.3791959735576923 0.7624918774038462 0.3732180192307692 0.7771834447115384 0.4138527331730769 0.7850045168269231 0.44673211778846156 0.7908163749999999
10 0.45152482211538464 0.6855936274038462 0.4954448509615385 0.7032882836538461 0.5416805552884616 0.69812475 0.5719479663461539 0.7095754759615385 0.5952678581730769 0.724639670673077 0.5995464615384616 0.711166920673077 0.5661044495192308 0.6927234038461538 0.5341406105769231 0.6889532764423076 0.4916209543269231 0.6896662884615385 0.4569104230769231 0.6797710336538461 0.42451572836538465 0.6686713197115384 0.40361932932692307 0.6488216129807692 0.40348448798076925 0.6154036875 0.39524442548076927 0.61868228125 0.3979643605769231 0.652769860576923 0.40547745192307694 0.6682500024038462 0.45152482211538464 0.6855936274038462
10 0.4082508293269231 0.6247587548076923 0.4067968966346154 0.6622761923076923 0.4151448485576923 0.6987241634615384 0.45771850961538463 0.7287013870192307 0.5124905793269231 0.7374785456730769 0.5565720841346153 0.7389747451923078 0.5853314086538461 0.7355989086538461 0.59758378125 0.7450890336538462 0.6027126418269231 0.7277718629807691 0.5864892740384615 0.7241698004807693 0.578249266826923 0.7274483749999999 0.5550640432692308 0.7241481923076923 0.5115210985576923 0.7264005072115385 0.4595226442307692 0.71743971875 0.42543141826923075 0.6923668461538461 0.41447143509615386 0.6615577932692307 0.41422892548076923 0.6317210168269232 0.4124245985576923 0.599675110576923 0.4046423485576923 0.6039746153846154 0.4082508293269231 0.6247587548076923
10 0.3712520625 0.7396822307692308 0.3794922211538462 0.758057423076923 0.39669929807692306 0.754395326923077 0.4200192307692308 0.7694595697115385 0.4688939855769231 0.7740021466346154 0.5202999086538461 0.7701780312500001 0.5427310673076924 0.7552380264423076 0.5847658341346154 0.7165053269230769 0.6077084014423076 0.6683149302884615 0.6105894879807692 0.6212426105769231 0.6340976778846154 0.5921458052884615 0.63198634375 0.5797648365384616 0.6046921826923077 0.6170079951923076 0.6005185456730769 0.6637455024038462 0.58158821875 0.7030507043269231 0.5401997283653845 0.7419508100961539 0.515829766826923 0.7563885 0.4776186947115385 0.7654356490384615 0.42497397115384616 0.7563074254807692 0.4026503822115384 0.7460125264423076 0.3864934254807692 0.7418265096153847 0.3763683846153846 0.7319853798076923 0.3712520625 0.7396822307692308
10 0.6261276490384616 0.72722153125 0.61503309375 0.7063022836538462 0.6112361274038461 0.6863715024038461 0.6057696850961538 0.6894664399038462 0.6069815793269231 0.7087274663461538 0.6186146971153845 0.7333952259615385 0.6108864807692307 0.7683848293269231 0.5733755504807692 0.7866357884615385 0.5434044879807692 0.7924043629807692 0.48596649759615385 0.7802298245192307 0.46652422836538465 0.7661702259615384 0.4439583245192308 0.7476923605769231 0.4177300600961538 0.7210477500000001 0.4100015120192308 0.6910759495192308 0.4063121971153846 0.6675641153846155 0.3945874735576923 0.6490454375 0.3980722043269231 0.6708426225961539 0.4028655528846154 0.6955427884615385 0.41223675721153846 0.7304513870192307 0.4360683894230769 0.7555728413461539 0.4621081009615385 0.7830708942307693 0.5093672115384615 0.798021747596154 0.5424350961538461 0.8029801442307692 0.5729447740384616 0.8009600913461538 0.6049892716346154 0.7858040000000001 0.6233811274038461 0.7644041129807693 0.6261276490384616 0.72722153125
10 0.6254007764423076 0.7676340576923076 0.6149255288461538 0.7315371923076923 0.6074662644230769 0.7034396081730769 0.600518795673077 0.7070530625 0.6027270264423077 0.7310834326923078 0.6152488269230769 0.7641016129807692 0.6129062067307692 0.79326865625 0.5972879663461538 0.8144849206730769 0.5608001971153846 0.8095427115384616 0.5184689014423077 0.7877484639423076 0.48405455528846153 0.7734188100961539 0.43563747115384616 0.7482433076923076 0.4102979519230769 0.7299490721153846 0.3842312692307692 0.7087597572115385 0.35916102403846156 0.6923398100961538 0.3713325264423077 0.6774484350961539 0.39424832211538463 0.6572205600961538 0.39229773557692305 0.6439423076923076 0.36368486538461536 0.6718580673076923 0.3489013822115385 0.6923883774038462 0.3649237572115384 0.7064642283653846 0.39144816826923073 0.7286743629807693 0.42564710096153846 0.7501661634615384 0.4644508076923077 0.7755576682692307 0.5015310625 0.7932847716346154 0.5636276850961539 0.8183954519230769 0.6007348629807692 0.8298138004807692 0.616568516826923 0.8014353918269231 0.6254007764423076 0.7676340576923076
10 0.38471665865384613 0.8333947956730768 0.4066362043269231 0.8300514014423077 0.4222544591346154 0.8088350721153846 0.42992889182692307 0.7864629182692308 0.4129640528846154 0.7766540937499999 0.38226578365384617 0.7578737836538461 0.37418740865384614 0.7666076634615385 0.3986382427884615 0.7765514759615384 0.4215003966346154 0.7905948870192308 0.4133681875 0.8119462091346155 0.39659196153846155 0.8229378870192308 0.35840771634615387 0.8256762596153846 0.31494560096153845 0.8306562668269231 0.29291834855769233 0.837580735576923 0.3038244158653846 0.859353375 0.33592291105769234 0.8748875552884615 0.3880290769230769 0.8802672668269231 0.45144500721153846 0.8777503052884617 0.4890367331730769 0.8622269615384616 0.49488001923076924 0.8357714110576923 0.4937489711538462 0.8192380096153846 0.5219965793269231 0.8058050240384615 0.526063858173077 0.7924738894230768 0.48750153846153843 0.8104015096153846 0.48575132692307693 0.8306995576923076 0.4849166586538462 0.8530393341346154 0.4623239206730769 0.8625240432692307 0.4356919567307692 0.8655487500000001 0.366648 0.8657053509615384 0.3276827668269231 0.856512295673077 0.3063017403846154 0.8419503918269231 0.3201697716346154 0.8410321778846155 0.3531837379807692 0.8369541971153847 0.38471665865384613 0.8333947956730768
10 0.4447128605769231 0.8525477884615384 0.4751687019230769 0.8631451754807693 0.5046819855769231 0.856355766826923 0.5385845432692308 0.8389743918269231 0.5440777307692307 0.8230729038461538 0.5163957091346154 0.8404435649038462 0.4966842524038461 0.8461634951923076 0.4644242644230769 0.84682784375 0.4329720384615384 0.8314611057692307 0.4187807956730769 0.8214687163461538 0.3890788653846154 0.8074577475961539 0.36794021875 0.8010787572115384 0.36457424759615387 0.8101313894230769 0.38073115144230774 0.8143173942307692 0.41560332692307694 0.829667891826923 0.4447128605769231 0.8525477884615384
10 0.4715997764423077 1 0.50044334375 0.9961918293269231 0.5234130625 0.9850003365384615 0.5488601105769231 0.956405858173077 0.5540301105769231 0.914437798076923 0.5382231370192307 0.8931998653846154 0.5256744158653845 0.8664904350961538 0.5229715865384615 0.841281579326923 0.5183498725961538 0.8501568509615385 0.5254321394230769 0.8799612788461538 0.545439983173077 0.9131144567307692 0.543474360576923 0.9405746514423078 0.5279369038461538 0.96451859375 0.5031899567307693 0.9806630673076923 0.4627707451923077 0.9873336730769231 0.42488268509615384 0.9856376442307693 0.39978553125 0.9755263846153847 0.3741767235576923 0.9553579254807693 0.3629744615384615 0.938019752403846 0.3641053269230769 0.9112455120192308 0.35152974519230773 0.89084478125 0.3501562716346154 0.8661284567307692 0.36426643509615386 0.8300855649038461 0.3595540192307692 0.8297668774038461 0.3460361490384616 0.8569408149038461 0.3411085192307692 0.8854380528846153 0.3553806346153846 0.9198119447115385 0.35610782451923073 0.9443608942307692 0.37124162019230766 0.971740076923077 0.4102606778846154 0.9899694927884616 0.4519603990384615 1 0.4715997764423077 1
6 0.7483838317307693 0.6562869254807692 0.687041173076923 0.627762641826923 0.6410474951923076 0.5761477788461539 0.6172965649038461 0.5321001514423077 0.6011932067307693 0.4719890745192308 0.5955649495192308 0.42632109375 0.6055549951923077 0.35943679567307696 0.6275820120192308 0.3092047067307692 0.6522480721153846 0.26867878125 0.7042193822115385 0.24064064182692307 0.7614418605769231 0.23832354086538463 0.8046887043269231 0.2621594783653846 0.8627730432692308 0.2961553028846154 0.904215889423077 0.35290677884615385 0.9343757956730769 0.41124623798076926 0.9438818028846154 0.47957268269230774 0.9370962836538462 0.5536029134615384 0.9162273245192308 0.6357134735576923 0.8878721225961539 0.6743813557692308 0.893984923076923 0.6931076802884615 0.9235519038461538 0.6520469975961538 0.9333535480769231 0.6076699158653847 0.9526607572115384 0.5450040408653846 0.9557302163461538 0.47542449999999997 0.9393036177884616 0.40440282932692306 0.9089550817307692 0.3252629278846154 0.8345520625 0.2599719663461538 0.7651040216346154 0.22483648076923077 0.6998569350961539 0.22327006971153845 0.6421769134615385 0.26787396874999997 0.5982035240384616 0.34941197836538457 0.5916335120192308 0.4379338725961538 0.6008972403846153 0.5197311947115385 0.6222785480769232 0.5776007283653846 0.6890070456730769 0.6436100384615385 0.7670989807692308 0.6674514927884616 0.8321844975961539 0.6635625360576923 0.8873871033653846 0.6147078052884616 0.9167654711538462 0.5528467211538461 0.9189193581730769 0.4812254831730769 0.897403326923077 0.4115919350961538 0.8588958076923077 0.3817658918269231 0.8102094375 0.3547161658653846 0.7733715985576922 0.3451720528846154 0.7257086274038461 0.33823676682692305 0.6834851322115385 0.33451523798076926 0.6456509903846155 0.3418556081730769 0.6206857019230768 0.35246972355769235 0.6280130985576923 0.3598419278846154 0.6732524879807692 0.34990893509615384 0.7163376033653847 0.3466357980769231 0.7833889783653846 0.35859428365384616 0.8399652860576924 0.3777635336538462 0.8851779302884615 0.4174469326923077 0.9110563293269232 0.48279727163461533 0.9040015120192308 0.5549532091346154 0.8798471418269231 0.6055363966346154 0.824940735576923 0.6499566634615385 0.7483838317307693 0.6562869254807692
0 0.8593376802884615 0.6379463052884616 0.8601879975961538 0.6326171658653846 0.8402627908653847 0.633174798076923 0.8061446442307693 0.6144106802884616 0.7729150360576923 0.5823431514423076 0.7417857740384615 0.5345794278846154 0.7289677692307692 0.5059957403846154 0.6785579591346154 0.4712815456730769 0.6530299423076923 0.4538407331730769 0.6367920528846154 0.42527327163461537 0.6291735961538462 0.3952578629807692 0.6220622572115384 0.41153233653846155 0.6468095264423077 0.4603493028846154 0.6836475072115384 0.49154724759615387 0.7246324302884616 0.5256240576923077 0.7490296274038462 0.5698391201923078 0.7940000600961539 0.6229933341346154 0.848987608173077 0.6462621634615384 0.8593376802884615 0.6379463052884616
0 0.8908880096153846 0.6607268870192308 0.9178164086538462 0.6965753317307691 0.9240909350961538 0.7424107524038461 0.910007735576923 0.7937986995192308 0.8674345240384616 0.8504367139423077 0.8228145264423077 0.8668458918269231 0.8283977283653846 0.8318546057692308 0.8190715649038461 0.8776052379807692 0.8503621009615384 0.865862858173077 0.8923699543269231 0.83343884375 0.9278611177884616 0.7903041201923077 0.9447179206730769 0.7387324711538461 0.925248548076923 0.6876739855769232 0.8963544302884615 0.6576319423076923 0.8908880096153846 0.6607268870192308