9 0.4854469567307692 0.2876584855769231 0.48722165625 0.2685095793269231 0.48633974038461536 0.26484191826923076 0.48190954326923074 0.2589844158653846 0.4782294639423077 0.2569445985576923 0.47107605769230765 0.25512109615384615 0.46329402403846154 0.25557030048076923 0.4576815288461538 0.2566643557692308 0.44946341346153845 0.26228143509615387 0.4444305048076923 0.2748616923076923 0.44349564423076926 0.27935156971153846 0.4443491370192308 0.2842973197115385 0.44875091105769227 0.29143290384615383 0.45636046153846155 0.29585153846153844 0.46339628365384616 0.2971860168269231 0.4745928461538461 0.2962759903846154 0.48115635817307695 0.2928536971153846 0.4854469567307692 0.2876584855769231
15 0.2407247451923077 0.2933980144230769 0.23678301442307692 0.29445892548076924 0.2350108221153846 0.2961646875 0.23672365865384615 0.3144582403846154 0.23614351923076923 0.3232158629807692 0.23834537980769233 0.3281839951923077 0.2432562403846154 0.32975717548076927 0.2470500096153846 0.3266846466346154 0.24760563461538462 0.3248064735576923 0.24635535096153843 0.29726627884615386 0.24462384134615386 0.2942542355769231 0.2407247451923077 0.2933980144230769
15 0.20388268990384617 0.2979615 0.20183073798076923 0.2978056658653846 0.19686303365384614 0.29878865865384613 0.19547203365384616 0.30068340384615383 0.19408241826923078 0.32562265384615385 0.19511229567307692 0.33130193990384615 0.19980414182692308 0.3340587139423077 0.20334016105769231 0.3396882740384616 0.20317409134615383 0.3327143341346154 0.20531130769230768 0.3290359086538462 0.20392476201923077 0.31628819471153846 0.2054378173076923 0.3002400120192308 0.20388268990384617 0.2979615
15 0.1629974783653846 0.30525850721153847 0.1614805264423077 0.3157053221153846 0.16079059615384614 0.33517665865384616 0.16579062500000002 0.3385169447115385 0.17033256009615386 0.33646141586538464 0.17160597115384618 0.3340776514423077 0.17145021153846154 0.3208633004807692 0.17337482451923075 0.3065266971153846 0.17252328125 0.3043816274038461 0.16921017548076925 0.3031698341346154 0.1629974783653846 0.30525850721153847
11 0.15811613942307692 0.4092277379807693 0.1610745264423077 0.4061717836538462 0.16274138942307692 0.4005372692307692 0.1623278798076923 0.39602500961538467 0.1576321346153846 0.38766686778846154 0.15263210576923078 0.3843265817307693 0.14216559374999999 0.3812912884615385 0.12280385817307692 0.3796608557692308 0.11007027884615385 0.38325468990384615 0.10337691826923077 0.3896276875 0.10182959375 0.39855190384615385 0.10514659855769232 0.4053650625 0.10816768028846153 0.4081549855769231 0.11407609615384615 0.4110841658653846 0.1257165456730769 0.4162089975961539 0.13178518028846153 0.41771006971153846 0.13981660336538462 0.41759986778846153 0.1556138966346154 0.4148788245192308 0.15811613942307692 0.4092277379807693
11 0.20619349278846155 0.3962357307692308 0.21118767067307692 0.39117397115384617 0.21519655528846154 0.3813164783653846 0.2151358125 0.3782712836538461 0.20944251201923075 0.36855713701923076 0.2002494134615385 0.36313807932692305 0.19083730288461537 0.3589026153846154 0.17675340384615384 0.35967338221153844 0.17099489903846152 0.36155650480769236 0.16766953365384613 0.3637844375 0.16102465384615383 0.37664235336538465 0.1606169951923077 0.3805321442307692 0.1619976875 0.38487781009615385 0.16839456730769228 0.39472539903846154 0.1824823653846154 0.39955599999999997 0.19435409134615386 0.4000575072115385 0.1976103485576923 0.40382547115384615 0.20250115144230768 0.39763564182692307 0.20619349278846155 0.3962357307692308
11 0.24554363942307691 0.39442321153846155 0.2529439254807692 0.41402885817307694 0.2558758413461538 0.4150516706730769 0.2599106418269231 0.42135923557692306 0.2578082548076923 0.41191780048076926 0.25540353846153846 0.41029489903846156 0.25170534375 0.40329275961538463 0.24718208173076925 0.39006678605769235 0.2454828966346154 0.3913780192307692 0.24554363942307691 0.39442321153846155
11 0.24816152403846156 0.38646046394230765 0.2534070408653846 0.3845383870192308 0.2616516274038462 0.3748425360576923 0.26302646875 0.3707861514423077 0.26223176923076924 0.3660849134615385 0.2573900120192308 0.35851583653846153 0.2488843341346154 0.35106858653846157 0.23878285336538463 0.3460606298076923 0.22607574759615384 0.3455756971153846 0.22019965384615384 0.34696979567307695 0.21343133653846152 0.3509366418269231 0.20882029326923077 0.35898806490384616 0.2079158076923077 0.36500053846153846 0.21595698076923078 0.37889375240384615 0.2213239855769231 0.38306206249999997 0.23054550480769231 0.3872030360576923 0.2390169110576923 0.38752632451923075 0.24186161057692307 0.3895827139423077 0.24687389903846152 0.38948327403846156 0.24816152403846156 0.38646046394230765
14 0.2826459375 0.511022641826923 0.2802334206730769 0.4981970096153846 0.28528638942307694 0.4933797572115385 0.2913815 0.49080206249999997 0.2948812980769231 0.48650697596153847 0.29440899278846155 0.48175020673076924 0.29604353365384617 0.4717924134615385 0.2992047764423077 0.4653912211538461 0.29873247115384616 0.46063444951923077 0.29641496875 0.4579779783653847 0.29441791346153845 0.4524652908653846 0.2916035865384615 0.4519314951923077 0.2885114495192308 0.4523367908653846 0.2827264735576923 0.45829868028846155 0.2779022668269231 0.4759357548076923 0.27383458653846154 0.4855487355769231 0.27360331009615385 0.49017205528846153 0.27674198076923073 0.49345100000000003 0.2750182716346154 0.5016416850961538 0.27595898317307693 0.5055538605769231 0.2793347836538462 0.51261153125 0.28181250721153844 0.5138398966346154 0.2826459375 0.511022641826923
14 0.4533895240384615 0.38612320432692304 0.45013521634615383 0.3851559230769231 0.4464673966346154 0.37967637980769225 0.44579028365384615 0.3754641634615385 0.4485419158653846 0.37015207932692307 0.4428750889423077 0.35635916586538463 0.44140328125 0.34744570673076924 0.43852820913461543 0.34386672115384614 0.43204801442307694 0.3406540721153846 0.42699308894230764 0.3426706418269231 0.4231140528846154 0.3495774254807692 0.43042712259615384 0.37021664663461534 0.4334785793269231 0.37452916586538465 0.4391964014423077 0.3773638581730769 0.4416618605769231 0.38203195192307693 0.4455913293269231 0.3844107668269231 0.44808521394230766 0.3878007740384615 0.45205731730769233 0.3882624591346154 0.45425722836538457 0.3904299110576923 0.4533895240384615 0.38612320432692304
14 0.47648345673076925 0.3383475817307692 0.47306697355769234 0.3360077235576923 0.46783371875 0.3344900745192308 0.46232460096153843 0.3367121971153846 0.4599561105769231 0.34501394711538463 0.4656758774038462 0.3506493173076923 0.47043432211538466 0.3648533389423077 0.47187185576923074 0.3666428317307692 0.47949561778846156 0.37042242067307696 0.48270924759615386 0.37610751682692306 0.4857935793269231 0.36449948798076925 0.4844677860576923 0.3547969663461539 0.48079996394230773 0.34931742307692304 0.47648345673076925 0.3383475817307692
14 0.5115056658653846 0.3722932740384615 0.5176860432692307 0.3658813221153846 0.5183288798076923 0.3629695769230769 0.5160074807692308 0.35471173557692304 0.5148825841346154 0.33886329567307694 0.50976496875 0.33503398557692304 0.5045905072115384 0.33376084855769234 0.49747137259615387 0.33906131250000004 0.49732731009615383 0.34265106009615387 0.5014713365384615 0.35848874038461537 0.500301298076923 0.3620005697115385 0.5009196153846154 0.3659682764423077 0.5081641418269232 0.3723595673076923 0.5118823966346153 0.3871247139423077 0.5146663509615385 0.38613590865384617 0.5156173725961538 0.3838076730769231 0.5135634663461539 0.38085115625 0.5115056658653846 0.3722932740384615
10 0.6818610961538462 0.27929046394230767 0.6917942692307691 0.3582997788461538 0.6928935192307691 0.42151532211538456 0.69669453125 0.4498893509615384 0.6948939182692307 0.4528732019230769 0.6929453461538462 0.4538454350961538 0.6951168365384616 0.4572909735576923 0.6938434230769231 0.45967473798076924 0.6881863461538462 0.4598852403846154 0.6838492139423077 0.4613962163461538 0.6798913221153846 0.46029548076923077 0.6731494759615385 0.46018355769230773 0.6677275769230769 0.4613721057692307 0.6668049807692308 0.46242225480769233 0.6685810721153846 0.46631785576923074 0.6894229735576923 0.46782065384615384 0.6996219879807692 0.4655546225961539 0.7028155504807692 0.46347671153846154 0.7073942692307693 0.4511020048076923 0.7030641105769231 0.42052737740384616 0.702727235576923 0.35768979086538466 0.6918837259615385 0.27629089903846155 0.6856858004807692 0.25749670192307694 0.6753594471153845 0.24527029567307693 0.6624152163461539 0.24100663701923078 0.6563181538461538 0.24078364903846156 0.6424694326923077 0.24253245913461538 0.6223208004807692 0.24740352163461538 0.6207534158653847 0.24856473317307692 0.6210493365384615 0.25258796875 0.6274545793269231 0.25339447115384617 0.6365688197115384 0.25080601201923075 0.6531284879807693 0.24846292788461538 0.6588443605769231 0.24849693509615384 0.6653529807692308 0.25043149759615385 0.6726705072115385 0.25642826201923075 0.6768371081730769 0.26258580288461536 0.6818610961538462 0.27929046394230767
3 0.1220305360576923 0.28217320192307693 0.18454844230769232 0.5682290937500001 0.7553869134615384 0.4739790048076923 0.6932760504807691 0.20822996634615384 0.1220305360576923 0.28217320192307693
1 0.29994978125 0.554881608173077 0.3612575168269231 0.8430683389423077 0.8028712187499999 0.7514944471153846 0.7522485048076923 0.4851250721153846 0.29994978125 0.554881608173077
14 0.2349125264423077 0.4631030432692308 0.24250223076923078 0.5027863221153847 0.25768645192307693 0.5019719086538461 0.2567155360576923 0.460706 0.2349125264423077 0.4631030432692308
14 0.19276136057692309 0.4702244759615385 0.19795467307692308 0.5141592644230769 0.21444341826923077 0.5119983293269231 0.21441348317307693 0.4746457163461538 0.19276136057692309 0.4702244759615385
10 0.1828444206730769 0.45876501442307693 0.19638331971153844 0.48156454567307694 0.1988471298076923 0.5327617908653847 0.20308750240384615 0.557842235576923 0.20179338221153845 0.6008567115384615 0.1964335985576923 0.6418546778846154 0.22016046153846155 0.6995778990384616 0.23597641586538462 0.7355698774038462 0.28554199038461536 0.7555600865384615 0.30423231009615387 0.77000075 0.36450188221153845 0.7861095216346154 0.39476772355769235 0.8114617548076922 0.43189342067307696 0.8342966610576923 0.45324269951923074 0.8312758125 0.4296271875 0.8149665600961539 0.4041991009615385 0.7799510120192308 0.3334458774038461 0.7500256778846153 0.2765212331730769 0.7143222475961538 0.24116736057692306 0.6789787115384616 0.23064173798076923 0.6128684591346154 0.23318455288461537 0.5676012067307693 0.23306725 0.5187166971153846 0.22772900240384614 0.4890707524038461 0.1828444206730769 0.45876501442307693
10 0.22419737259615385 0.47066054567307697 0.23156840865384615 0.50131484375 0.2181587620192308 0.5423408293269231 0.2283647548076923 0.5996760216346154 0.2324543173076923 0.6315747932692308 0.24968768990384616 0.6809072668269232 0.29989856490384614 0.7259179182692308 0.34689140384615386 0.7538228197115384 0.39325691346153846 0.7791188245192308 0.4146887692307692 0.8012380841346154 0.44839856971153846 0.8238145456730769 0.47559167548076925 0.8274262572115384 0.44531380288461536 0.7871329615384616 0.3880755024038462 0.7501251250000001 0.3399094423076923 0.7210638389423077 0.29540196634615384 0.6737123221153846 0.2603497283653846 0.6247321899038462 0.2514738389423077 0.56920553125 0.26838517548076923 0.5092371129807692 0.25748846634615385 0.4676431754807692 0.23363470673076922 0.4466203605769231 0.22419737259615385 0.47066054567307697
10 0.28999547596153846 0.46136470673076924 0.32954781730769234 0.4694950024038462 0.3702039951923077 0.48966136298076923 0.3992212067307692 0.5172663846153847 0.43825758653846153 0.5642017908653846 0.45626916826923075 0.6093248365384615 0.45178094951923076 0.6651157115384615 0.44345934374999996 0.7161330264423077 0.4400569831730769 0.7615484110576923 0.4653969230769231 0.820037829326923 0.4892694350961539 0.8284664567307692 0.48799681971153847 0.8008371418269231 0.47381262259615387 0.7530171610576922 0.4942436850961538 0.6965178509615384 0.5206857235576924 0.6315116105769231 0.48023786778846156 0.5787062259615385 0.42601887019230766 0.5058582355769231 0.3744025336538461 0.4624481129807692 0.3074826442307692 0.4372963990384615 0.2423932860576923 0.45326248076923076 0.28999547596153846 0.46136470673076924
10 0.4513894471153846 0.5666944927884615 0.47075499759615386 0.6435082091346154 0.4874759879807692 0.6385903677884616 0.49346311057692305 0.6002013365384615 0.4986301706730769 0.5579778004807692 0.50021040625 0.535191329326923 0.48458722836538465 0.5446747019230769 0.48456924999999995 0.5222631177884616 0.4760944014423077 0.4795728293269231 0.47708092067307695 0.442724358173077 0.472282625 0.4041553701923077 0.45920819711538463 0.3758419591346154 0.4424991682692308 0.3957008509615385 0.44004380769230766 0.45250006971153844 0.44337913221153846 0.51849028125 0.4513894471153846 0.5666944927884615
10 0.5405504807692307 0.4535272980769231 0.5400680288461538 0.43662959375 0.5648269014423077 0.41674263461538463 0.5994420961538461 0.4080633149038461 0.6163438341346155 0.43367976442307693 0.6159667235576923 0.4507255216346154 0.5925439278846154 0.47989165865384614 0.5678030985576923 0.5221901899038461 0.5562575096153846 0.5486312331730769 0.5288205721153847 0.5424894759615385 0.5155953245192307 0.5209943653846154 0.4964584350961539 0.5344791249999999 0.5128030456730769 0.5657220817307692 0.5484698461538462 0.5832550240384615 0.5918316634615385 0.5662768004807692 0.6117287259615385 0.5261710649038461 0.6369340913461539 0.47835861298076926 0.6526902475961538 0.4396453822115385 0.6446798677884615 0.39144118749999995 0.6179337524038462 0.36955807451923073 0.5593258028846153 0.37897392067307695 0.5276149807692307 0.4034545504807693 0.5127125072115384 0.43454919230769234 0.5229699375 0.45859321875 0.5405504807692307 0.4535272980769231
10 0.4568311322115385 0.4329673509615385 0.4837916322115384 0.4296819182692308 0.4928398894230769 0.4077464158653846 0.5185576418269231 0.4141843028846154 0.5398386778846154 0.4431218605769231 0.5633908052884615 0.4777812764423077 0.5785734278846154 0.5036938894230769 0.5700710576923077 0.5241768437500001 0.531694423076923 0.5288550216346154 0.5191993653846153 0.5322601923076923 0.5103079230769231 0.5548478557692308 0.5669703413461538 0.5559556538461539 0.6059648317307692 0.550597423076923 0.6169585673076923 0.5181383317307693 0.5837703894230769 0.4545732548076923 0.5495083125 0.4163247211538461 0.5264267379807692 0.3836219206730769 0.48373770913461533 0.36244721874999997 0.4518700576923077 0.38627563701923073 0.4568311322115385 0.4329673509615385
6 0.24730553605769232 0.9006517572115385 0.3132209350961539 0.9402404038461539 0.36842825240384613 0.9297122524038461 0.4029788461538461 0.8891201466346155 0.3952839519230769 0.7956926802884615 0.3945350456730769 0.7921166466346155 0.381101 0.7981356562499999 0.35390714663461537 0.8171285961538461 0.35085304086538466 0.7951950144230769 0.3430115168269231 0.7625840889423077 0.3017262259615384 0.7863365552884616 0.2458491610576923 0.8387528701923077 0.24730553605769232 0.9006517572115385
6 0.7420287139423076 0.47310396153846157 0.787308108173077 0.42658843990384615 0.7872424927884616 0.4265997427884616 0.72254821875 0.4479316466346154 0.71658975 0.4734103485576923 0.6027686778846154 0.48588383173076927 0.5091068557692308 0.4928471947115384 0.42060240144230765 0.4989222091346154 0.3034878846153846 0.49769909134615387 0.2618889375 0.5201471274038462 0.25547801682692306 0.5660807259615385 0.29362915624999997 0.6298097884615385 0.3148784014423077 0.6679224591346155 0.3158374206730769 0.6942473100961538 0.3393260096153846 0.7472569807692307 0.3430115168269231 0.7625840889423077 0.3725010096153846 0.7456180384615384 0.3841005264423077 0.7422918293269232 0.3771610216346154 0.7091556802884615 0.36117333653846156 0.6538351634615385 0.3177516201923077 0.5961081826923077 0.33330124038461534 0.5435062259615384 0.47010451682692306 0.5372625600961538 0.5348168461538462 0.5383422884615384 0.6751129254807692 0.5019503846153847 0.7420287139423076 0.47310396153846157
6 0.5134795360576923 0.8293327788461539 0.5612128100961539 0.8547328245192307 0.5825483942307692 0.8541143629807693 0.609964295673077 0.8341093197115386 0.6480435745192307 0.8081921322115384 0.6714693221153846 0.7827613100961539 0.6266631850961539 0.7527816658653846 0.6022514639423077 0.7182702956730769 0.5548845841346154 0.7111463990384616 0.5194791586538462 0.7090941153846154 0.4792737379807692 0.7150005240384616 0.3841005264423077 0.7422918293269232 0.3945350456730769 0.7921166466346155 0.45867986778846154 0.7633770985576922 0.48481553846153846 0.754799889423077 0.5243241418269231 0.7571642836538461 0.5700534230769231 0.7686456634615385 0.5980889014423076 0.7903066586538461 0.6023233197115384 0.8079165504807692 0.560715454326923 0.8191588076923076 0.5260068365384616 0.8088356850961538 0.5134795360576923 0.8293327788461539
10 0.5085196057692307 0.3452153605769231 0.5056696995192308 0.2998580817307692 0.45162067548076923 0.2928663317307692 0.4559648870192308 0.33818959615384614 0.45000992788461536 0.33084113221153844 0.47031819951923076 0.36504051201923077 0.4749099975961538 0.38972079086538464 0.47201882451923083 0.43912345432692307 0.47111372596153844 0.4800332836538462 0.48450478365384614 0.513386391826923 0.5237602908653846 0.49236084375 0.5105002956730769 0.47630562019230765 0.5056733509615385 0.45064701201923074 0.5179473629807693 0.4067600072115385 0.5085196057692307 0.3452153605769231
0 0.5095342764423078 0.8799358966346154 0.48519440865384617 0.9350707668269231 0.48076964423076923 0.9725114567307693 0.48910743509615384 0.9904334230769231 0.5753545048076923 0.9470498293269232 0.6283134543269231 0.9104188774038462 0.6672026586538462 0.871117141826923 0.7364078605769231 0.773613516826923 0.7804096346153847 0.6773945240384616 0.7641955264423077 0.6323014927884615 0.7546456129807692 0.5646646923076923 0.7479367163461539 0.5311795096153846 0.7664813197115384 0.48459484375 0.7725208461538462 0.4882287331730769 0.7422459254807693 0.4516707524038462 0.7124863870192308 0.47309831009615383 0.6754703197115385 0.5090208461538461 0.6585093028846154 0.5557527235576922 0.6345088966346153 0.5955464951923077 0.5910638605769231 0.6549910336538461 0.562037125 0.7129709278846155 0.5437866875 0.7599249855769231 0.5249616658653846 0.8212418990384616 0.5095342764423078 0.8799358966346154