3 0.13359786298076923 0.4804894182692308 0.13200587259615384 0.760079122596154 0.6918775721153847 0.7435399302884615 0.688350875 0.47891284615384616 0.13359786298076923 0.4804894182692308
1 0.24713401923076922 0.20601851923076925 0.2413351081730769 0.4667338701923077 0.6892326177884616 0.4713648245192308 0.6830606947115385 0.21864597836538463 0.24713401923076922 0.20601851923076925
6 0.4150276490384615 0.1768539783653846 0.44147828365384617 0.17156144230769232 0.40797412019230767 0.16428418269230768 0.3973938942307692 0.1576685048076923 0.43177973317307694 0.1272364014423077 0.49966966826923076 0.11665132692307692 0.5402272932692308 0.13583677644230768 0.6010637668269231 0.172223 0.621342548076923 0.22790791105769231 0.6160805144230769 0.27641613221153843 0.6195791971153847 0.28295342067307694 0.6254603557692308 0.29071400240384615 0.6354496057692308 0.22539703605769232 0.5940102379807692 0.14667047596153845 0.5393456201923077 0.11491522115384616 0.46969226923076923 0.10871250961538462 0.4150276490384615 0.12260542307692307 0.3815234855769231 0.1583300889423077 0.39651221875 0.1742076995192308 0.4150276490384615 0.1768539783653846
6 0.4150276490384615 0.24193623076923076 0.3824051610576923 0.30412359134615385 0.37270660817307694 0.3914505360576923 0.38505025 0.4754696394230769 0.4388331947115385 0.508548 0.5322920913461539 0.46885396153846154 0.5737314591346154 0.40666658653846155 0.6211783341346154 0.3100343173076923 0.611241625 0.29613002884615386 0.6151707596153846 0.28480275 0.6160805144230769 0.27641613221153843 0.5746131322115384 0.19893432932692307 0.5481624975961539 0.17114848076923075 0.4943795552884615 0.16320966826923078 0.4476500721153846 0.18834924278846155 0.4150276490384615 0.24193623076923076
0 0.6689537692307692 0.3537411706730769 0.6442664831730769 0.3087545721153846 0.6257509855769231 0.2697220673076923 0.5737314591346154 0.2115041129807692 0.5340555072115385 0.18239513701923077 0.49966966826923076 0.15725555528846155 0.4502951634615385 0.14270107932692308 0.36388972836538463 0.1387316658653846 0.3004082331730769 0.15196301201923076 0.2527970769230769 0.17776415625 0.19725071634615385 0.22473546634615385 0.1752085216346154 0.2783224423076923 0.16110153124999999 0.3200012283653846 0.15933818028846153 0.3729266442307692 0.17080008173076924 0.42055950000000003 0.20165915625 0.45959205528846153 0.2739575985576923 0.4920088076923077 0.32509545192307693 0.4966398100961538 0.3700615841346154 0.48274692548076925 0.4097375360576923 0.4675308221153846 0.42296285336538464 0.42585206009615384 0.41943608894230766 0.3947583725961538 0.39298545432692306 0.3663109663461538 0.3594812908653846 0.3365404206730769 0.3083434375 0.31338555048076927 0.2616139543269231 0.2981694735576923 0.2951181201923077 0.2968463581730769 0.31804199038461534 0.2842765600961539 0.35419117788461535 0.2683989375 0.37799672115384614 0.25450601442307696 0.4018023317307692 0.22738175961538462 0.41943608894230766 0.20224216826923075 0.45646695192307696 0.18834924278846155 0.4502951634615385 0.17908729807692308 0.43177973317307694 0.1857029735576923 0.3938671298076923 0.20885784375 0.36917984374999996 0.24458249759615386 0.32333210336538465 0.27104520673076926 0.2730759230769231 0.28692284134615387 0.22458309375000002 0.29023068028846155 0.26602239423076923 0.3087545721153846 0.3065800216346154 0.3219859254807692 0.3489010625 0.3438176538461538 0.38857701442307696 0.3735882019230769 0.4018023317307692 0.3967430721153846 0.4150276490384615 0.44371437019230775 0.3832869014423077 0.4721618004807692 0.312751875 0.4906856923076923 0.2395717596153846 0.4642229831730769 0.19284227884615385 0.4384218317307692 0.17873528605769232 0.3868195552884615 0.17256349759615386 0.3312478581730769 0.1875521658653846 0.26178326201923074 0.21841123798076925 0.22539703605769232 0.25720551682692305 0.19099551201923076 0.29423637740384617 0.1671790721153846 0.34801938942307686 0.14667047596153845 0.4238445288461538 0.14468577163461538 0.4802725625 0.1612249639423077 0.5349371802884615 0.19959588701923078 0.5940102379807692 0.2571523076923077 0.6354496057692308 0.3114008269230769 0.6557284519230768 0.34778705048076924 0.6663086802884616 0.40071246875 0.6726190264423076 0.46726190625 0.688350875 0.4351139927884615 0.6777706490384615 0.3927736754807692 0.6689537692307692 0.3537411706730769
12 0.6679894182692308 0.6298363100961539 0.6772486778846154 0.615947420673077 0.6798941802884616 0.6080109134615385 0.6808862427884615 0.5916418653846154 0.6785714278846153 0.5809771826923077 0.6719576730769231 0.56981646875 0.6669973533653846 0.5638640865384615 0.656911375 0.5548115072115385 0.6446759254807692 0.5476190480769231 0.6354166658653846 0.5453869038461538 0.6301256610576923 0.5426587307692308 0.6125992067307693 0.5394345240384616 0.5772156081730769 0.5404265865384615 0.5667989423076923 0.5450148798076924 0.5701058197115384 0.5648561514423076 0.5687830697115385 0.5688244038461538 0.5649801586538461 0.5719246033653846 0.5590277788461538 0.5724206346153846 0.5543981490384615 0.5711805552884616 0.5492724855769231 0.5680803581730769 0.5441468245192308 0.5625 0.5383597884615384 0.5643601201923076 0.5360449735576923 0.5695684519230769 0.53075396875 0.5752728173076923 0.5264550264423077 0.58544146875 0.5254629639423076 0.5990823413461539 0.5271164014423078 0.6075148798076924 0.5337301586538461 0.6204117067307693 0.5383597884615384 0.6238839278846153 0.5436507932692307 0.6320684519230769 0.5610119038461538 0.6426091274038461 0.5825066129807692 0.6505456346153846 0.5963955024038461 0.6530257932692307 0.6127645504807693 0.6533978173076923 0.6271494711538461 0.6517857139423077 0.6413690480769231 0.6475694447115384 0.6549272475961538 0.6403769831730769 0.6679894182692308 0.6298363100961539
15 0.62516534375 0.5101686514423076 0.6202050264423077 0.5094246033653846 0.6183862427884615 0.5102926586538461 0.6180555552884616 0.5137648798076924 0.621693122596154 0.525173610576923 0.6240079375 0.53955853125 0.62549603125 0.5416666658653846 0.6292989423076923 0.5422867067307693 0.6326058197115384 0.540302579326923 0.6335978846153847 0.5365823413461539 0.6289682548076924 0.5157490072115385 0.62516534375 0.5101686514423076
15 0.40492724759615384 0.5815972211538462 0.3976521153846154 0.5811011899038461 0.38971560817307693 0.5818452379807693 0.3493716923076923 0.5813492067307693 0.34623015865384615 0.5834573413461539 0.3468915336538462 0.5866815480769231 0.35003306971153847 0.5882936514423076 0.388888889423077 0.5886656754807692 0.4042658725961538 0.5880456346153846 0.40707671875 0.5856894831730769 0.40707671875 0.5829613100961539 0.40492724759615384 0.5815972211538462
15 0.33449074038461535 0.5679563485576924 0.28158068750000004 0.5677083341346154 0.2769510576923077 0.5687003966346154 0.2728174591346154 0.5725446418269231 0.28091931249999996 0.5753968245192308 0.3316798942307692 0.5757688485576924 0.33482142788461544 0.5753968245192308 0.33829365144230766 0.5725446418269231 0.3377976201923077 0.5687003966346154 0.33449074038461535 0.5679563485576924
15 0.25677910096153844 0.5820932548076923 0.2035383605769231 0.5823412692307692 0.19973544951923075 0.5844494038461538 0.20006613701923076 0.5884176586538461 0.20287698317307695 0.5897817451923077 0.25661375721153845 0.5896577379807693 0.26058200961538464 0.5881696418269231 0.26091269951923074 0.5861855168269231 0.2602513221153846 0.5832093245192308 0.25677910096153844 0.5820932548076923
4 0.2352843918269231 0.5979662692307692 0.2256944447115385 0.6006944447115384 0.19890873076923077 0.6004464278846154 0.19394841346153846 0.6011904759615384 0.1914682548076923 0.6030505961538462 0.19080687740384614 0.631572420673077 0.19361772596153845 0.6339285721153847 0.20370370432692309 0.6343005961538462 0.23098544951923075 0.6331845240384616 0.23578042307692307 0.6320684519230769 0.23677248557692307 0.6030505961538462 0.2352843918269231 0.5979662692307692
4 0.3075396826923077 0.6283482139423077 0.3075396826923077 0.60205853125 0.3086970889423077 0.5959821418269231 0.3034060841346154 0.5957341274038461 0.3022486778846154 0.6000744038461538 0.29877645432692307 0.6016865072115385 0.27033730048076926 0.6011904759615384 0.26703042307692304 0.6016865072115385 0.26355820192307694 0.6040426586538461 0.26355820192307694 0.6330605168269231 0.26669973557692306 0.6351686514423077 0.27976190384615385 0.6355406754807693 0.2964616394230769 0.6344246033653846 0.3037367716346154 0.6349206346153846 0.30621693028846153 0.6335565480769231 0.3075396826923077 0.6283482139423077
4 0.37218915384615386 0.6329365072115384 0.37648809615384615 0.6344246033653846 0.37830687740384616 0.6330605168269231 0.3796296298076923 0.6313244038461538 0.3802910048076923 0.6216517860576923 0.3799603173076923 0.6030505961538462 0.37648809615384615 0.5982142860576923 0.3718584663461538 0.5999503966346154 0.3553240745192308 0.5992063485576924 0.3503637572115385 0.6001984134615385 0.3467261899038461 0.5997023798076924 0.3399470889423077 0.5961061514423076 0.33829365144230766 0.603298610576923 0.3379629639423077 0.6226438485576923 0.3386243389423077 0.6320684519230769 0.3406084663461538 0.6352926586538461 0.3503637572115385 0.6334325408653847 0.36094576682692303 0.6344246033653846 0.36590608413461534 0.6329365072115384 0.37218915384615386 0.6329365072115384
4 0.4494047620192308 0.60106646875 0.44527116346153844 0.5994543653846154 0.4128637572115385 0.5997023798076924 0.4102182548076923 0.6004464278846154 0.40873015865384615 0.603298610576923 0.40906084615384614 0.6313244038461538 0.4131944447115385 0.6329365072115384 0.4178240745192308 0.6316964278846153 0.4237764543269231 0.6316964278846153 0.42873677163461543 0.6334325408653847 0.4343584663461538 0.6316964278846153 0.44477513221153847 0.634052579326923 0.44808200961538464 0.63231646875 0.45006613701923076 0.6290922620192307 0.4507275144230769 0.6092509927884615 0.4494047620192308 0.60106646875
14 0.3978174591346154 0.5147569447115384 0.3978174591346154 0.5100446418269231 0.39384920673076923 0.506076389423077 0.392361110576923 0.4980158725961538 0.39054232692307694 0.49863591346153846 0.38921957692307696 0.5035962307692308 0.3816137572115385 0.5075644831730769 0.3799603173076923 0.5224454374999999 0.375661375 0.5333581346153846 0.37665343990384614 0.537326389423077 0.3811177259615385 0.5409226201923076 0.3832671947115385 0.5410466274038461 0.3883928581730769 0.5394345240384616 0.3928571418269231 0.5353422620192307 0.3945105817307692 0.5224454374999999 0.3978174591346154 0.5147569447115384
14 0.32142857211538456 0.5145089278846154 0.3207671947115385 0.5093005961538462 0.31481481490384616 0.5021081346153846 0.31580687740384616 0.5001240072115385 0.3191137572115385 0.49863591346153846 0.3191137572115385 0.4971478173076923 0.31498015865384615 0.49652777884615384 0.3134920625 0.4971478173076923 0.3128306875 0.5038442451923077 0.30489418028846155 0.5100446418269231 0.3022486778846154 0.5241815480769231 0.2986111105769231 0.5333581346153846 0.30307539663461536 0.5396825408653846 0.30919312259615384 0.5410466274038461 0.31481481490384616 0.5375744038461538 0.3164682548076923 0.5348462307692308 0.3171296298076923 0.5259176586538461 0.32142857211538456 0.5145089278846154
14 0.25231481490384616 0.5105406754807692 0.25165343990384614 0.5063244038461538 0.24702381009615385 0.5021081346153846 0.24702381009615385 0.49764384855769234 0.25033068750000004 0.4941716274038462 0.2509920625 0.4899553581730769 0.25 0.48747519951923074 0.2458664014423077 0.486111110576923 0.2407407403846154 0.4879712307692308 0.23842592548076924 0.49367559615384615 0.23875661298076922 0.5016121033653846 0.2334656081730769 0.5093005961538462 0.23412698317307695 0.521701389423077 0.23015873076923077 0.5333581346153846 0.23214285817307692 0.5375744038461538 0.23561507932692308 0.5401785721153846 0.2407407403846154 0.540302579326923 0.24702381009615385 0.5363343245192308 0.2490079375 0.5336061514423076 0.2490079375 0.5207093245192308 0.25231481490384616 0.5105406754807692
14 0.1865079375 0.5571676586538461 0.18584656009615383 0.55419146875 0.18220899519230768 0.5489831346153846 0.1818783076923077 0.5452628966346154 0.17923280528846153 0.5422867067307693 0.17559523798076923 0.5331101201923076 0.16832010576923076 0.5288938485576924 0.1660052908653846 0.5256696418269231 0.16765873076923077 0.5249255961538462 0.17063492067307692 0.5199652788461538 0.17857142788461539 0.5155009927884615 0.17923280528846153 0.5130208341346154 0.17807539663461538 0.5116567451923077 0.1764219567307692 0.5116567451923077 0.1727843918269231 0.5126488100961539 0.1673280432692308 0.5169890865384615 0.16203703605769232 0.5244295625000001 0.1617063485576923 0.5296378966346154 0.15873015865384615 0.5333581346153846 0.15873015865384615 0.537822420673077 0.16203703605769232 0.5467509927884615 0.16633597836538463 0.5507192451923077 0.16898148076923075 0.5591517860576923 0.17923280528846153 0.5663442451923077 0.17956349278846154 0.5693204374999999 0.1775793653846154 0.571552579326923 0.1775793653846154 0.5742807548076923 0.1838624326923077 0.5752728173076923 0.18518518509615384 0.5745287692307692 0.18518518509615384 0.5727926586538461 0.1835317451923077 0.5643601201923076 0.1865079375 0.5571676586538461
10 0.49867724759615384 0.4668898798076923 0.47602513221153847 0.44791666586538464 0.4510582019230769 0.431423610576923 0.4446097884615385 0.42435515865384615 0.43865740625 0.4241071418269231 0.43700396875 0.4248511899038461 0.4322089951923077 0.4336557548076923 0.4183201057692308 0.4480406754807692 0.4163359783653846 0.4510168653846154 0.41732804326923073 0.45275297596153846 0.4184854495192308 0.45362103125 0.4237764543269231 0.45362103125 0.4393187836538462 0.4402281754807692 0.4446097884615385 0.44072420673076923 0.4867724855769231 0.47507440384615385 0.4915674591346154 0.47495039663461536 0.4981812163461538 0.4714781754807692 0.499338625 0.4706101201923077 0.49867724759615384 0.4668898798076923
10 0.5694444447115384 0.5608878966346154 0.5664682548076923 0.5499751995192308 0.5621693125 0.5398065480769231 0.5545634927884615 0.5316220240384616 0.5367063485576924 0.50830853125 0.5089285721153846 0.478298610576923 0.5071097884615384 0.47693452403846154 0.5024801586538461 0.47792658653846154 0.4980158725961538 0.4822668653846154 0.5003306875 0.4862351201923077 0.5033068774038462 0.4884672620192308 0.5059523798076924 0.49342757932692305 0.5132275144230769 0.4998759927884615 0.5198412692307692 0.5093005961538462 0.5231481490384615 0.5110367067307693 0.53174603125 0.5202132932692307 0.5479497355769231 0.5412946418269231 0.5489417980769231 0.5460069447115384 0.5446428581730769 0.5566716274038461 0.545634920673077 0.5623759927884615 0.5504298942307693 0.5689484134615385 0.5601851850961539 0.5722966274038461 0.5646494711538461 0.5719246033653846 0.5687830697115385 0.568576389423077 0.5694444447115384 0.5653521826923077 0.5694444447115384 0.5608878966346154
15 0.4566798942307692 0.5018601201923076 0.4551917980769231 0.5002480168269231 0.4508928581730769 0.5002480168269231 0.44841269951923074 0.5016121033653846 0.4460978846153846 0.50731646875 0.4404761899038461 0.5350942451923077 0.44080687740384616 0.5412946418269231 0.4434523798076923 0.5445188485576924 0.4454365072115385 0.5452628966346154 0.44841269951923074 0.5435267860576923 0.4503968245192308 0.5398065480769231 0.4570105817307692 0.506572420673077 0.4566798942307692 0.5018601201923076