12 0.4724531971153846 0.6655646322115385 0.47816505528846154 0.6529210432692308 0.4834459783653846 0.6350047451923077 0.4842776514423077 0.61461365625 0.4821987115384615 0.59223353125 0.4795558028846154 0.5782364567307693 0.4752488125 0.5729172067307693 0.4600088629807692 0.5790212668269231 0.45431724519230765 0.579685704326923 0.44821656249999997 0.5784017692307692 0.445582875 0.5752159951923077 0.44432369711538466 0.5720361081730769 0.4446082115384616 0.5663471875 0.4497956826923077 0.5549292235576924 0.4536523966346154 0.5501540408653847 0.45618340625000003 0.5490268509615385 0.45512035336538464 0.5436615913461538 0.44641038701923075 0.5410188173076923 0.4422944591346154 0.5365089831730769 0.4350423317307692 0.5333633317307692 0.42550412259615383 0.5328133798076923 0.4154953942307692 0.534148141826923 0.40512640625 0.5371884062500001 0.4003657067307692 0.5400729879807693 0.39337279326923075 0.5462123581730769 0.39028540144230767 0.5512304182692308 0.38219237740384615 0.5576645576923077 0.3729739399038462 0.57936740625 0.36766102403846157 0.5999489471153846 0.36546243509615384 0.6158419711538462 0.3664000456730769 0.6303708100961539 0.36868775961538464 0.6430785961538461 0.37262690624999995 0.6545955288461538 0.3799715889423077 0.6680437139423077 0.3879534495192308 0.6785896658653846 0.3975623413461538 0.6861178293269231 0.4131641754807692 0.69361175 0.42176640625 0.6949363461538461 0.43367149759615387 0.693879235576923 0.45020262019230767 0.6882898173076922 0.46380125961538465 0.6773870360576922 0.4724531971153846 0.6655646322115385
15 0.5103318028846154 0.6185585528846154 0.48497033173076926 0.6276739879807691 0.4837574254807692 0.6296453725961538 0.4842152956730769 0.6352476225961539 0.4894633269230769 0.6367974447115384 0.5065432403846154 0.6318093389423077 0.5130361730769231 0.6287225360576923 0.5165620913461538 0.6244850024038461 0.5172287379807693 0.6204149158653846 0.5148963774038461 0.617859341346154 0.5103318028846154 0.6185585528846154
15 0.5047324951923077 0.4507054807692308 0.5064133870192308 0.4483467764423077 0.5057619254807693 0.4434325 0.5033756995192308 0.4402178365384615 0.47039009134615384 0.43857921394230764 0.46857452884615386 0.43929019471153846 0.4669744350961539 0.44263752884615387 0.46828495192307695 0.4479739038461539 0.5047324951923077 0.4507054807692308
15 0.4163411057692308 0.34275351201923077 0.4130382427884615 0.34513521875000003 0.4113228245192308 0.3516565576923077 0.41370472355769233 0.38997036538461544 0.41579378365384617 0.40636091346153846 0.4185352043269231 0.41086486538461536 0.4226292596153846 0.4120503677884615 0.4230880264423077 0.40085174519230765 0.41904800480769233 0.35142009855769235 0.4173848173076923 0.3432970456730769 0.4163411057692308 0.34275351201923077
15 0.4239956033653846 0.33553884375 0.4271806129807692 0.33782853365384613 0.4286039230769231 0.3414882956730769 0.4304026730769231 0.3344581947115385 0.4288506514423077 0.30935504807692304 0.4260175745192308 0.2777476826923077 0.42390827403846154 0.27333628125 0.4235581394230769 0.26905220913461536 0.42248748798076924 0.2681791298076923 0.42130405048076924 0.2689826610576923 0.42099259855769233 0.2743420384615385 0.41914757692307697 0.2762208653846154 0.4189758509615385 0.2802331754807692 0.42328521153846155 0.3329602668269231 0.4239956033653846 0.33553884375
15 0.40508796634615385 0.20200919951923077 0.40372105048076923 0.1975111346153846 0.4004821754807692 0.19456235576923075 0.39701265384615386 0.19796158413461537 0.3965934711538462 0.20200278365384616 0.40123108894230775 0.2556896153846154 0.40547156250000005 0.26783674759615383 0.4073089975961538 0.2704500985576923 0.40901682932692307 0.26842093990384613 0.40958585817307697 0.2570431009615385 0.4073874350961538 0.22403089182692307 0.40508796634615385 0.20200919951923077
4 0.4053169014423077 0.45698823076923073 0.4077671129807693 0.45487240625 0.40497109134615383 0.4176050096153846 0.402116875 0.4147776706730769 0.39359291346153846 0.41593910096153847 0.37517048798076924 0.4182560769230769 0.37230615384615384 0.42141831250000006 0.37169337500000005 0.42614748798076924 0.3733800649038462 0.4528983533653846 0.3750188461538461 0.45919447115384615 0.3788923725961538 0.46073840625 0.39868930288461535 0.45842731490384614 0.4053169014423077 0.45698823076923073
4 0.4015404182692308 0.3817424567307693 0.4016582716346154 0.3770710600961538 0.39775455048076924 0.3445906177884615 0.39500806490384616 0.34308145432692305 0.37848453365384616 0.34417868509615385 0.36528573557692307 0.3462185480769231 0.36264192788461536 0.3490223485576923 0.3668957884615385 0.3857868701923077 0.3686793557692308 0.3877411298076923 0.370960375 0.38814022115384617 0.3930113966346154 0.3858986730769231 0.4000800504807692 0.38374272836538464 0.4015404182692308 0.3817424567307693
4 0.35945618509615385 0.3146283004807692 0.387171891826923 0.3113927716346154 0.3955881153846154 0.30891316346153846 0.39421614182692305 0.3074098870192308 0.3926068245192308 0.2999459206730769 0.3905868125 0.2752300985576923 0.3882915072115385 0.26701449278846157 0.3847193100961538 0.2661007572115385 0.35862557451923077 0.26931328365384616 0.35587403125 0.27079890624999997 0.3546560673076923 0.27576507692307695 0.3569824663461538 0.2981163125 0.3583763173076923 0.3029439206730769 0.35849580288461536 0.31357600721153844 0.35945618509615385 0.3146283004807692
4 0.39238735576923073 0.2345982451923077 0.3898319399038461 0.2338985 0.3880214375 0.23161469230769233 0.38420863701923075 0.1941333076923077 0.3826725288461538 0.19215015865384616 0.38085949519230766 0.19136374278846152 0.35229114182692306 0.19486515625 0.35003199278846153 0.19779039903846155 0.3505386706730769 0.2070465264423077 0.3538986658653846 0.23593087259615386 0.3556502379807692 0.24055037980769228 0.38471098557692307 0.23848858173076926 0.39265922115384616 0.2363962956730769 0.39238735576923073 0.2345982451923077
14 0.4968324951923077 0.3754420504807693 0.48162960096153845 0.3758860817307692 0.4735492283653846 0.37483325240384613 0.47008982451923076 0.3722429038461538 0.4664342956730769 0.3718379326923077 0.4596299158653846 0.38028410817307695 0.4683002980769231 0.3900843076923077 0.4824864110576923 0.3894262884615385 0.4889153533653846 0.39166996875 0.4958981466346154 0.3915201778846154 0.5005805769230769 0.3861495673076923 0.4986429975961538 0.3777258557692308 0.4968324951923077 0.3754420504807693
14 0.47335253125 0.2960090336538462 0.4636527211538462 0.2934818173076923 0.45983052884615383 0.29409436057692306 0.4554544927884615 0.2971003846153846 0.4473959903846154 0.29937188701923073 0.44527656971153845 0.3009500625 0.44480605048076927 0.30283477884615384 0.4496668918269231 0.30576055288461534 0.45373401201923075 0.3066165144230769 0.46122854326923074 0.3127280576923077 0.46584445192307694 0.3141853293269231 0.46972304086538463 0.3127344783653846 0.47752901442307694 0.3134866514423077 0.4821718605769231 0.31527346634615383 0.48712109374999996 0.31469569471153847 0.49325882932692305 0.31031960096153843 0.5009570745192308 0.3097535961538461 0.5024174399038461 0.30775332451923076 0.50080053125 0.3047815432692308 0.4965128822115385 0.3042840192307692 0.49033646153846155 0.29901665865384613 0.48410111778846154 0.29608500000000004 0.47335253125 0.2960090336538462
14 0.4705868701923077 0.24077291346153845 0.4839986057692308 0.24286680048076922 0.4875489278846154 0.24045620673076923 0.49014139903846154 0.23549592067307693 0.49242495192307695 0.2343976201923077 0.49028871874999996 0.22965667307692308 0.4837545697115385 0.22459742067307692 0.46665278365384616 0.22626119471153847 0.45783255528846156 0.22379763701923078 0.4531282548076923 0.22584391586538463 0.4516948221153846 0.22817373076923075 0.4506679206730769 0.23394931490384613 0.45332601201923073 0.23896202644230768 0.4585689831730769 0.24350663461538463 0.4705868701923077 0.24077291346153845
14 0.42571746875 0.16250614423076926 0.42222101442307697 0.16557582932692305 0.4187144375 0.1746350841346154 0.4137062764423077 0.1775485576923077 0.41232670913461533 0.18053746153846154 0.41939283173076924 0.17987890624999997 0.42708601682692304 0.1823076923076923 0.43101847115384617 0.18151593028846152 0.4351765120192308 0.17737094471153847 0.45251400961538457 0.16636437499999998 0.4565180384615385 0.15574994471153847 0.4596542403846154 0.15438576201923077 0.45550378846153844 0.1540385625 0.4514417283653846 0.15018781730769232 0.44412814423076924 0.15087525961538462 0.4372236225961539 0.15351107692307692 0.4317424110576923 0.1598066610576923 0.42571746875 0.16250614423076926
10 0.53708671875 0.48435590865384615 0.5357534278846153 0.4924960793269231 0.5403078798076923 0.49778644471153843 0.5441544759615384 0.4990008341346154 0.5482317115384615 0.4938672211538462 0.5705294591346154 0.45949242548076924 0.5731000600961539 0.45120781009615385 0.5772362259615385 0.44373849759615386 0.5853907067307692 0.4334712620192308 0.5850776274038462 0.42352715625 0.5801334543269231 0.4211101418269231 0.5785653533653846 0.4217922331730769 0.5775704471153846 0.42490257692307687 0.5706852692307692 0.4323601225961538 0.5535648725961538 0.4613065264423077 0.53708671875 0.48435590865384615
10 0.5352870697115384 0.5081868846153846 0.5338662884615385 0.5030297307692307 0.5312864687500001 0.5005030432692308 0.5280989302884616 0.49971074759615386 0.5205546971153846 0.506746201923077 0.4965912379807692 0.5344953341346154 0.4840093774038462 0.5456121033653847 0.4776191201923077 0.5530118725961539 0.47341227163461536 0.5535029807692308 0.46478817067307693 0.5488540528846154 0.45370626201923075 0.5508131322115385 0.4464044302884615 0.5608144783653846 0.4444364903846154 0.5703594951923077 0.445582875 0.5752159951923077 0.44736644471153847 0.5771702572115385 0.45250421153846154 0.5788992956730769 0.4604229855769231 0.5779748557692308 0.47109582932692307 0.5740674014423077 0.48284943990384616 0.5650434495192308 0.500277860576923 0.5490359399038461 0.5054577403846154 0.5421101562499999 0.5199974182692307 0.5274379447115385 0.5347357500000001 0.5090829663461538 0.5352870697115384 0.5081868846153846
3 0.5520319639423077 0.6825015576923078 0.504306639423077 0.11386253846153846 0.21904945432692308 0.1524880576923077 0.2864166298076923 0.7241134399038462 0.5520319639423077 0.6825015576923078
1 0.5280898221153846 0.22556418990384616 0.5713146995192308 0.6810927596153846 0.8124511298076923 0.6405185336538461 0.8197806370192308 0.6405503197115384 0.818761639423077 0.6362321418269231 0.7923774927884615 0.19116154326923077 0.5280898221153846 0.22556418990384616
0 0.6629915721153845 0.33583041346153847 0.6869667932692308 0.2868853341346154 0.7021360841346154 0.24429284375 0.7046579326923077 0.22624990144230767 0.720243576923077 0.2865503293269231 0.7656501923076923 0.3531311730769231 0.7912836706730769 0.3652249567307692 0.8290411778846154 0.40341367067307693 0.8405449278846154 0.40562040865384613 0.8251484423076924 0.3639338942307692 0.7820862403846154 0.3423381586538462 0.7436821971153846 0.29623809615384616 0.7198388870192307 0.2652993076923077 0.7095315697115385 0.20438269230769232 0.6947288221153846 0.20256104326923077 0.6862879711538461 0.2541298100961539 0.6559758173076923 0.32333802884615387 0.6242399807692307 0.3669770817307692 0.5787468725961539 0.39713592788461544 0.5511340072115385 0.3852731850961538 0.5168455528846153 0.3324806754807692 0.5108297475961538 0.2914739158653846 0.5209758509615384 0.22816956971153848 0.5477207307692308 0.1886628125 0.5873475841346154 0.16007627163461538 0.6379489639423077 0.1435199735576923 0.7158625937499999 0.14329861538461539 0.7726953052884615 0.1703861514423077 0.8100085072115385 0.2112889783653846 0.8465636682692307 0.26736659375 0.8678000721153847 0.32345766105769236 0.8680405336538463 0.39974830288461544 0.8503493942307692 0.4603837355769231 0.80479025 0.5304845048076923 0.7295274975961538 0.6120396442307693 0.6698063942307692 0.6474091875 0.6169383076923077 0.6606803774038461 0.5720726923076923 0.6659179879807693 0.5617508725961539 0.6791490504807692 0.5847978389423077 0.6830684591346153 0.6402332379807691 0.6686100793269231 0.7331724759615385 0.6240381370192308 0.7698009423076922 0.5913644639423077 0.8326582596153845 0.5210191995192308 0.8686665600961538 0.4644573846153846 0.8820529495192309 0.39190049759615386 0.8740783197115385 0.29432706971153844 0.8310498677884616 0.20794519711538462 0.7779867644230769 0.16178157211538463 0.6842323509615384 0.12303055528846155 0.5734465697115385 0.14483794951923076 0.5456958798076923 0.1720381346153846 0.5031483509615385 0.23823754086538462 0.5028140432692307 0.3074959014423077 0.5213262235576923 0.37100440384615385 0.5540341201923077 0.40445802644230766 0.5806998317307692 0.41288162019230773 0.6355736754807692 0.38340252884615383 0.6629915721153845 0.33583041346153847
6 0.5150024927884616 0.6879333365384616 0.5493906586538462 0.7306858125000001 0.582281798076923 0.7419323677884615 0.6404678197115385 0.7040797908653846 0.6884109350961538 0.6549989783653847 0.7435985721153846 0.6130592956730769 0.7440335120192307 0.6125935192307692 0.7128041538461538 0.6053955649038462 0.6697213629807692 0.6545184903846154 0.6225948990384615 0.6972920024038461 0.5790092812500001 0.7263407043269231 0.5223466754807693 0.68503440625 0.5150024927884616 0.6879333365384616
6 0.750340139423077 0.6140471129807692 0.8218128173076923 0.6083657067307692 0.8778889519230769 0.5609977379807692 0.9025958221153847 0.5128546947115384 0.9164132427884616 0.4455720360576923 0.9026764567307691 0.37529409375 0.874286516826923 0.3457734567307692 0.8465299687500001 0.33215269471153847 0.8391344783653847 0.37206277884615385 0.8433673894230769 0.3831052403846154 0.8521733221153845 0.37675268990384614 0.8526571802884615 0.35007339182692304 0.8872139615384615 0.3735494615384616 0.9039168653846155 0.42307032451923077 0.9027204350961539 0.48178019951923073 0.876968170673077 0.5415818269230769 0.8269738293269231 0.5900146706730769 0.7797564254807692 0.5990765480769231 0.7580811899038462 0.5975498028846153 0.7440335120192307 0.6125935192307692 0.750340139423077 0.6140471129807692
6 0.8091536562499999 0.5512733461538462 0.86006878125 0.5222564326923077 0.8605204086538462 0.4707329471153846 0.8333723004807693 0.3993583341346154 0.7912573004807691 0.3812017451923077 0.7300216225961538 0.3572904471153846 0.6700791250000001 0.3492018653846154 0.5774932475961538 0.3573480576923077 0.5243832620192308 0.3839589302884615 0.5005062572115384 0.4178062764423077 0.5129366490384615 0.48024990625 0.5533787307692308 0.53498628125 0.6156202211538461 0.5712041538461539 0.7068923509615386 0.6040329735576923 0.7128041538461538 0.6053955649038462 0.7148098365384615 0.6031086875 0.7270035192307692 0.5953607788461539 0.7580811899038462 0.5975498028846153 0.7687101057692308 0.5861672572115384 0.8091536562499999 0.5512733461538462