10 0.5862532620192308 0.6045743509615384 0.582663514423077 0.6051362067307692 0.5613131466346154 0.6014894663461539 0.554055733173077 0.6015976610576923 0.5354505216346154 0.5979551850961539 0.5319942211538462 0.5992041298076923 0.5233584206730769 0.597130076923077 0.5162344591346154 0.5979253605769231 0.512899983173077 0.5955011634615385 0.5044755480769231 0.5951297163461539 0.4978679423076923 0.592133014423077 0.49565077163461535 0.5926969975961538 0.4932338581730769 0.5959186105769231 0.49258986538461536 0.6012036225961539 0.4933847403846154 0.6031460480769231 0.4956077235576923 0.6047621778846154 0.5133128124999999 0.6092991923076924 0.5842765120192308 0.617741514423077 0.58756040625 0.6152977259615384 0.5893158894230769 0.6108207788461538 0.5897377572115384 0.6068494567307693 0.5862532620192308 0.6045743509615384
14 0.4684659302884615 0.5445730096153846 0.4702993293269231 0.5411115721153846 0.4711878341346154 0.5358568052884615 0.4711422043269231 0.5257924086538461 0.47389639182692306 0.5080273221153846 0.4705055240384616 0.4985550216346154 0.47073841346153844 0.4942250360576923 0.46857096153846156 0.49228048076923075 0.46674832211538464 0.4927256201923077 0.4650599903846154 0.5012343725961539 0.46073757211538463 0.5090820216346154 0.4591727884615385 0.5286706850961539 0.4575176081730769 0.5355070817307692 0.45709574278846155 0.5394783990384615 0.4580854086538461 0.5439596081730769 0.4612035697115384 0.5498776105769231 0.46242612259615384 0.5500288317307692 0.4649822956730769 0.5496744254807692 0.4684659302884615 0.5445730096153846
15 0.47526940865384615 0.6069405817307693 0.47313015384615387 0.6085200817307692 0.47238586057692306 0.6114456442307692 0.4736034639423077 0.6167932716346154 0.4855845 0.6182752259615385 0.5125917620192307 0.620945216346154 0.5162088461538462 0.616530889423077 0.5163530552884615 0.6142016826923077 0.5143911586538461 0.6117796177884616 0.49919252163461536 0.6093967355769231 0.47526940865384615 0.6069405817307693
15 0.5517234134615385 0.6153914278846154 0.5483060721153846 0.6171481274038462 0.5473396514423077 0.6213873822115384 0.5477789519230769 0.6239564086538463 0.5734973725961539 0.6298198966346155 0.5784431225961538 0.6300963533653847 0.5810713990384616 0.6285773461538462 0.5823933918269231 0.623711485576923 0.5805980889423077 0.6203041490384614 0.5549965432692308 0.6159639326923076 0.5517234134615385 0.6153914278846154
15 0.6359757163461539 0.5445044759615384 0.6318579879807692 0.5444980817307692 0.6275015600961538 0.5466415673076923 0.6245400961538461 0.5501311105769231 0.6072835673076923 0.5798493437500001 0.6057725913461538 0.5843565336538462 0.6065898533653846 0.5876428942307692 0.6102019855769231 0.5884249783653847 0.6132413677884615 0.5859509423076923 0.6251974350961539 0.5639593846153846 0.6300312596153846 0.5575161610576923 0.6359757163461539 0.5445044759615384
4 0.5188588653846155 0.6584348533653847 0.5100398990384616 0.65818225 0.5071563509615384 0.6626873100961539 0.5029028100961539 0.6893198173076923 0.5023707403846154 0.7013245096153846 0.5076447307692308 0.7048268389423077 0.5306287572115385 0.7076697716346154 0.5343013725961538 0.702927016826923 0.5393314903846154 0.6643200625 0.5378030817307692 0.6622869086538461 0.52894515625 0.6615265504807692 0.5188588653846155 0.6584348533653847
4 0.48481976442307695 0.68406546875 0.4894727860576923 0.6521177091346153 0.4877553966346154 0.6497258846153847 0.48369901442307695 0.6515711875 0.4800313485576923 0.6511175288461538 0.4691394230769231 0.6490997043269231 0.46473241105769236 0.6463751971153846 0.46044809134615383 0.6473540721153845 0.4569420721153846 0.6511115576923078 0.4534319615384615 0.6674419759615385 0.4531327788461538 0.6751166802884616 0.4509115216346154 0.6882536009615384 0.45281788942307694 0.6910040889423077 0.4582750456730769 0.69268496875 0.47669128365384617 0.6959687788461538 0.4807700528846154 0.6954674134615384 0.48324249519230766 0.6919173774038462 0.48481976442307695 0.68406546875
9 0.5919172740384615 0.712065375 0.5957158004807692 0.691076545673077 0.5958376225961538 0.68740340625 0.5946258317307692 0.6842358918269231 0.5895291995192308 0.676732 0.5787649038461539 0.6732211490384615 0.5724913485576922 0.6756304326923076 0.5648957980769231 0.6829055793269231 0.5603628774038462 0.6964271466346154 0.5595423894230769 0.7130902475961538 0.561655173076923 0.7227397524038461 0.5685968269230769 0.7311424423076923 0.5729980264423077 0.7316868317307693 0.5807776057692308 0.7299667692307692 0.5844170745192308 0.7268963774038462 0.5880507283653846 0.7216458677884615 0.5919172740384615 0.712065375
3 0.3812713173076923 0.48083274759615385 0.33173546634615386 0.8232202980769231 0.7476374230769232 0.9178837091346155 0.8189617836538462 0.5255805408653846 0.3812713173076923 0.48083274759615385
1 0.44415123076923074 0.1089499639423077 0.39365308894230766 0.4570286538461538 0.7320182259615385 0.49067829086538467 0.7983652283653846 0.12190743028846153 0.44415123076923074 0.1089499639423077
0 0.6247648725961539 0 0.6220317043269231 0.007529127403846154 0.6125009326923077 0.04168183413461538 0.6513691009615384 0.05069719951923077 0.6581253317307693 0.03614156490384615 0.6688368798076922 0.02002631971153846 0.7267979903846153 0.013780057692307692 0.7735141370192308 0.02089999278846154 0.8164530528846154 0.05035913221153846 0.8187213750000001 0.0841786201923077 0.79926521875 0.08500130769230768 0.8437909807692308 0.09532894230769232 0.8567682860576924 0.0540042548076923 0.8535284711538461 0.020026596153846152 0.6916210288461537 0 0.6247648725961539 0
0 0.5710511899038462 0.06695945432692307 0.5659408004807692 0.09718318509615384 0.5557188197115385 0.1281161875 0.527095295673077 0.16750546875 0.5083837283653846 0.20141309375 0.4916718221153846 0.22349392788461536 0.46264788461538464 0.25344287740384613 0.43860254567307694 0.28937377884615384 0.42260239663461535 0.3249582668269231 0.40678045432692306 0.3712972932692308 0.3850033605769231 0.44104767307692305 0.38078173798076925 0.4660150889423077 0.38411702163461536 0.505332795673077 0.3991029302884615 0.4912319326923077 0.4580747115384615 0.3749588389423077 0.468163610576923 0.35071715625 0.5066537692307692 0.2884002379807692 0.5301657139423077 0.24972013221153844 0.5458105697115385 0.22214111778846152 0.5807005480769231 0.16340360096153847 0.5922117788461538 0.13665467067307693 0.5972781658653846 0.11849963221153846 0.6037669014423077 0.09783724759615384 0.6085671129807693 0.0930648485576923 0.79926521875 0.08500130769230768 0.6513691009615384 0.05069719951923077 0.6392806802884615 0.07674050961538462 0.6327467716346155 0.07995692788461538 0.6093656322115385 0.05291692067307693 0.6125009326923077 0.04168183413461538 0.595941375 0.037840887019230766 0.5710511899038462 0.06695945432692307
6 0.39623502644230774 0.10302313221153846 0.43014836538461537 0.07367901442307692 0.47317393509615385 0.04948671634615384 0.49939850240384615 0.041997980769230774 0.5568261201923077 0.03300265625 0.5812428918269231 0.05618158413461538 0.5916556322115384 0.06235709615384615 0.6194116899038461 0.07025817307692307 0.6452810408653846 0.07077492307692307 0.6525253605769231 0.05154763461538462 0.6524351322115384 0.01665592067307692 0.6064746634615384 0.010970997596153846 0.5405122475961538 0.005495173076923076 0.49410740865384617 0.0024383557692307695 0.42863450240384615 0.011780180288461537 0.4028995216346154 0.034086574519230764 0.37418689663461535 0.06809858413461539 0.34098653605769236 0.14046076442307692 0.32245318509615384 0.18512282451923076 0.30374398798076924 0.2780591490384615 0.30916939182692305 0.3404418076923077 0.32157171874999996 0.36746546874999997 0.33219364182692307 0.3819535240384615 0.33228450000000004 0.3808645288461538 0.3380614495192308 0.34669863701923076 0.3405760649038462 0.32552202644230765 0.33525964663461544 0.3101300408653846 0.33636938701923075 0.2740452668269231 0.34370167307692306 0.2306808533653846 0.3625902908653846 0.17801342067307693 0.3795683125 0.14254983173076924 0.39623502644230774 0.10302313221153846
6 0.3500585168269231 0.2462242956730769 0.342771375 0.3070344158653846 0.3405760649038462 0.32552202644230765 0.35268568269230766 0.3605815649038462 0.3618878605769231 0.3735798798076923 0.3589106658653846 0.41233068028846154 0.3601372139423077 0.41897253125 0.38940447355769237 0.45634920673076923 0.40438399038461537 0.4622267067307692 0.4401211875 0.4693302211538462 0.4825253966346154 0.46652589663461536 0.5077720096153846 0.4589162524038462 0.5387516754807693 0.4292092596153846 0.5668417139423076 0.3870708725961538 0.6203101923076922 0.3011169471153846 0.6418662980769232 0.262195125 0.6511092740384616 0.2016267716346154 0.6448843004807692 0.14987760576923076 0.6403488677884616 0.1117530889423077 0.6326137596153847 0.08664825961538461 0.5916556322115384 0.06235709615384615 0.5860746826923077 0.06076841586538462 0.5812428918269231 0.05618158413461538 0.5754510144230769 0.052746574519230774 0.5082885504807693 0.04846385336538461 0.45566236538461535 0.08220112980769231 0.43188311778846156 0.10474943028846154 0.41846015625 0.11918776201923077 0.39285940625 0.1643171778846154 0.37579228605769227 0.19440349759615383 0.3500585168269231 0.2462242956730769