8 0.7689732139423077 0.9100529110576924 0.7728174591346153 0.9088955024038461 0.7750496033653846 0.9002976201923077 0.7740575408653847 0.8844246033653846 0.7745535721153847 0.8678902115384616 0.7735615072115384 0.8632605817307692 0.7748015865384615 0.847056877403846 0.7738095240384616 0.8414351850961539 0.7750496033653846 0.8282076730769231 0.7743055552884616 0.8202711634615384 0.7760416658653846 0.8060515865384615 0.7748015865384615 0.7997685192307693 0.7762896826923077 0.795138889423077 0.7755456346153846 0.7891865072115384 0.7767857139423077 0.7852182548076924 0.7752976201923077 0.7786044975961539 0.7770337307692308 0.7746362427884615 0.7757936514423077 0.7683531754807693 0.7772817451923076 0.764054233173077 0.7755456346153846 0.7577711634615384 0.7770337307692308 0.753472221153846 0.7767857139423077 0.7471891538461539 0.777777778846154 0.7435515865384615 0.7765376995192308 0.7375992067307693 0.777777778846154 0.732638889423077 0.7767857139423077 0.7270171947115384 0.7780257932692307 0.722056877403846 0.7767857139423077 0.715443122596154 0.7797619038461538 0.6916335985576924 0.779017858173077 0.6635251322115384 0.78125 0.6443452379807693 0.7805059519230769 0.6327711634615384 0.78125 0.6043320096153846 0.78075396875 0.548445766826923 0.782986110576923 0.40757275240384616 0.7734375 0.39384920673076923 0.7672371033653846 0.3931878317307692 0.7647569447115384 0.38921957692307696 0.761284721153846 0.3872354495192308 0.7570684519230769 0.3882275144230769 0.7566964278846153 0.3867394182692308 0.7585565480769231 0.38591269951923074 0.7591765865384615 0.3834325408653846 0.7570684519230769 0.37764550240384614 0.7531001995192308 0.38425925961538465 0.7452876995192308 0.3665674591346154 0.74169146875 0.36474867788461535 0.7057291658653846 0.3627645504807692 0.6995287692307692 0.36078042307692304 0.6913442451923076 0.36078042307692304 0.6824156754807693 0.35846560817307693 0.6705109134615385 0.35846560817307693 0.6666666658653846 0.3629298942307692 0.6651785721153847 0.3692129639423077 0.6636904759615384 0.37152777884615384 0.6629464278846153 0.37714947115384617 0.6591021826923077 0.3819444447115385 0.6553819447115384 0.38227513221153847 0.6514136899038461 0.38591269951923074 0.647197420673077 0.3849206346153846 0.6468253966346154 0.3870701057692308 0.6434771826923077 0.39021163942307696 0.6412450408653847 0.38955026442307694 0.6398809519230769 0.3867394182692308 0.6429811514423077 0.3832671947115385 0.6454613100961539 0.38260581971153845 0.6490575408653847 0.37648809615384615 0.6437251995192308 0.3710317451923077 0.6347966274038461 0.3710317451923077 0.6313244038461538 0.36871693028846153 0.6276041658653846 0.36871693028846153 0.6242559519230769 0.3718584663461538 0.6274801586538461 0.38607804326923073 0.6309523798076923 0.392361110576923 0.6302083341346154 0.3963293653846154 0.6309523798076923 0.40360449759615386 0.6279761899038461 0.4184854495192308 0.6304563485576923 0.4211309519230769 0.6319444447115384 0.4290674591346154 0.6278521826923077 0.436838625 0.6251240072115384 0.436838625 0.6180555552884616 0.43468915384615386 0.6195436514423077 0.4290674591346154 0.6186755961538462 0.42658730048076926 0.6156994038461538 0.4262566129807693 0.6135912692307692 0.42840608413461534 0.6135912692307692 0.4343584663461538 0.6168154759615384 0.43766534375 0.6180555552884616 0.4426256610576923 0.6202876995192308 0.4442791009615385 0.6205357139423077 0.4475859783653846 0.6236359134615385 0.4487433870192307 0.6242559519230769 0.4505621682692308 0.6236359134615385 0.45271163942307696 0.6191716274038461 0.4553571418269231 0.6185515865384615 0.45453042307692304 0.6195436514423077 0.4492394182692308 0.615947420673077 0.44708994711538463 0.6148313485576924 0.4495701057692308 0.6145833341346154 0.4558531754807692 0.6117311514423076 0.4580026466346154 0.6080109134615385 0.45634920673076923 0.6068948413461539 0.45419973557692306 0.6101190480769231 0.44692460336538464 0.6113591274038461 0.43998015865384615 0.6108630961538462 0.43700396875 0.6080109134615385 0.43485449759615386 0.607638889423077 0.43303571394230767 0.6101190480769231 0.42972883653846156 0.6103670625000001 0.42344576682692303 0.6121031754807692 0.4184854495192308 0.6112351201923076 0.4160052908653846 0.6080109134615385 0.41567460336538464 0.6059027788461538 0.4128637572115385 0.6080109134615385 0.40873015865384615 0.6119791658653846 0.40707671875 0.6123511899038461 0.41650132211538465 0.61669146875 0.4179894182692308 0.6200396826923077 0.4237764543269231 0.6202876995192308 0.4274140216346154 0.6214037692307692 0.42824074038461535 0.623759920673077 0.42807539663461536 0.6247519831730769 0.42212301682692305 0.627232141826923 0.4184854495192308 0.625 0.41385581971153845 0.6247519831730769 0.4016203701923077 0.6257440480769231 0.39699074038461535 0.62450396875 0.3933531754807692 0.6233878966346154 0.3928571418269231 0.6161954375 0.39682539663461536 0.6134672620192307 0.39682539663461536 0.6104910721153846 0.39583333413461536 0.6083829374999999 0.3926917980769231 0.6086309519230769 0.38244047596153846 0.6101190480769231 0.37450396875 0.6222718245192307 0.37152777884615384 0.615947420673077 0.3683862427884615 0.6082589278846154 0.3703703701923077 0.6071428581730769 0.37152777884615384 0.6063988100961539 0.37549603125 0.607638889423077 0.3926917980769231 0.6036706346153846 0.3950066129807693 0.6026785721153846 0.3996362427884615 0.6034226201923076 0.41352513221153847 0.6021825408653846 0.4446097884615385 0.6031746033653846 0.4512235456730769 0.6011904759615384 0.4690806875 0.6014384927884615 0.4948743389423077 0.6001984134615385 0.5094246033653846 0.6001984134615385 0.5286044975961539 0.6019345240384616 0.5428240745192308 0.6016865072115385 0.5494378317307692 0.5999503966346154 0.5547288365384616 0.6029265865384615 0.5593584663461538 0.6014384927884615 0.5649801586538461 0.6035466274038461 0.5687830697115385 0.6051587307692308 0.5656415336538462 0.6046626995192308 0.5596891538461539 0.6080109134615385 0.5552248677884616 0.6118551586538461 0.5596891538461539 0.6118551586538461 0.5663029110576923 0.6149553581730769 0.5667989423076923 0.6153273798076924 0.5699404759615384 0.60987103125 0.5729166658653846 0.60887896875 0.5749007932692307 0.60987103125 0.5805224855769231 0.6082589278846154 0.5823412692307692 0.6054067451923077 0.5805224855769231 0.6056547620192307 0.5752314807692308 0.6040426586538461 0.5717592596153847 0.5999503966346154 0.5725859783653846 0.5989583341346154 0.5980489423076923 0.6019345240384616 0.6119378317307692 0.5984623004807692 0.6165674591346153 0.5974702379807693 0.6225198413461539 0.6014384927884615 0.6327711634615384 0.5959821418269231 0.6370701057692307 0.5959821418269231 0.6400462956730769 0.5977182548076923 0.6443452379807693 0.595486110576923 0.6598875673076924 0.5969742067307693 0.6674933870192308 0.5984623004807692 0.669477514423077 0.5964781754807692 0.6721230168269231 0.5962301586538461 0.6750992067307693 0.6035466274038461 0.6875 0.6077628966346154 0.6858465600961539 0.609375 0.68700396875 0.6108630961538462 0.6949404759615384 0.6148313485576924 0.700892858173077 0.6155753966346154 0.7111441802884616 0.6175595240384616 0.7161044975961539 0.6183035721153847 0.7247023798076923 0.6170634927884616 0.732638889423077 0.6192956346153846 0.7375992067307693 0.615947420673077 0.7414021153846153 0.6117311514423076 0.7404100528846154 0.5962301586538461 0.7425595240384616 0.5994543653846154 0.7475198413461539 0.5985863100961539 0.749338625 0.5962301586538461 0.75016534375 0.5962301586538461 0.7571097884615384 0.6000744038461538 0.7536375673076924 0.6031746033653846 0.7584325408653847 0.6008184519230769 0.7595899471153846 0.5963541658653846 0.7585978846153847 0.5952380961538462 0.763392858173077 0.5959821418269231 0.7772817451923076 0.5947420625000001 0.7842261899038461 0.5959821418269231 0.7994378317307693 0.594990079326923 0.8050595240384616 0.595486110576923 0.8222552908653846 0.5947420625000001 0.8308531754807693 0.595486110576923 0.8523478846153847 0.6080109134615385 0.8554894182692308 0.6109871033653846 0.8531746033653846 0.6119791658653846 0.8505291009615384 0.6127232139423077 0.8525132283653847 0.618427579326923 0.8544973533653846 0.6221478173076923 0.857473545673077 0.6222718245192307 0.8629298942307693 0.6231398798076923 0.8637566129807692 0.6281001995192308 0.8634259254807692 0.631076389423077 0.8647486778846154 0.6397569447115384 0.8740079375 0.6443452379807693 0.8837632283653847 0.6426091274038461 0.8936838629807693 0.6395089278846153 0.8978174591346153 0.6351686514423077 0.8996362427884615 0.6366567451923076 0.9059193125 0.6432291658653846 0.9123677259615385 0.677951389423077 0.9146825408653847 0.683159721153846 0.9136904759615384 0.693080358173077 0.9150132283653847 0.6943204375 0.9163359783653846 0.69481646875 0.9150132283653847 0.6990327379807693 0.9143518509615384 0.7016369038461538 0.9155092596153847 0.7020089278846153 0.9186507932692307 0.70262896875 0.9151785721153847 0.7052331346153846 0.9143518509615384 0.7099454375 0.9153439158653847 0.7129216274038461 0.9140211634615384 0.7228422620192307 0.9146825408653847 0.724330358173077 0.9150132283653847 0.7255704375 0.9173280432692308 0.7265625 0.9150132283653847 0.7295386899038461 0.9140211634615384 0.7411954375 0.9156746033653846 0.7459077379807693 0.9143518509615384 0.7483878966346154 0.9150132283653847 0.7506200408653847 0.9179894182692308 0.7571924591346153 0.920469576923077 0.7605406754807693 0.9143518509615384 0.7630208341346154 0.9150132283653847 0.7647569447115384 0.9186507932692307 0.7689732139423077 0.9100529110576924
4 0.5538194447115384 0.3926917980769231 0.5523313485576924 0.3870701057692308 0.5499751995192308 0.38525132211538465 0.5256696418269231 0.38458994711538463 0.5238095240384616 0.3870701057692308 0.5233134927884615 0.39070767307692306 0.5230654759615384 0.42344576682692303 0.5254216274038461 0.42493386298076924 0.5429067451923077 0.4254298942307692 0.5492311514423076 0.4252645504807692 0.5510912692307692 0.4237764543269231 0.5515873004807692 0.42179232692307694 0.5538194447115384 0.3926917980769231
13 0.5225694447115384 0.47106481490384616 0.5179811514423076 0.46891534375 0.5033482139423077 0.46891534375 0.4944196418269231 0.46626984134615385 0.4735863100961539 0.46924603125 0.4724702379807692 0.4707341274038462 0.47222222115384616 0.4756944447115385 0.4694940480769231 0.4806547620192308 0.4677579375 0.4915674591346154 0.47023809615384615 0.5114087307692308 0.4707341274038462 0.5299272475961538 0.47333829326923077 0.5330687836538461 0.47631448317307695 0.5340608461538461 0.5186011899038461 0.5352182548076923 0.5214533725961539 0.5347222211538462 0.5223214278846154 0.5332341274038461 0.5233134927884615 0.47635581971153845 0.5225694447115384 0.47106481490384616
14 0.484375 0.4131944447115385 0.4871031754807692 0.39533730048076926 0.4873511899038461 0.3870701057692308 0.4862351201923077 0.3799603173076923 0.4825148798076923 0.3806216923076923 0.48090277884615384 0.38442460336538464 0.47519841346153846 0.39203042307692304 0.4737103173076923 0.39599867788461535 0.4707341274038462 0.4247685192307692 0.4717261899038461 0.4327050264423077 0.47321428605769233 0.43634259375 0.47519841346153846 0.43766534375 0.4785466274038462 0.43617724759615384 0.48115079326923077 0.4327050264423077 0.48412698317307695 0.4244378317307692 0.484375 0.4131944447115385
14 0.4745783725961538 0.6183862427884615 0.4785466274038462 0.6190476201923077 0.48189484134615385 0.6172288365384616 0.4765625 0.6084656081730769 0.46440972115384616 0.5995370360576924 0.4510168653846154 0.5968915336538462 0.4433283725961538 0.5929232812499999 0.43489583413461536 0.5945767187500001 0.4160466274038462 0.5853174591346154 0.4081101201923077 0.5830026466346154 0.40376984134615385 0.5858134927884615 0.4081101201923077 0.5899470889423077 0.42919146875 0.5982142860576923 0.4376240072115385 0.6074735456730769 0.4472966274038462 0.6104497355769231 0.46329365144230766 0.6198743389423077 0.4651537692307692 0.6190476201923077 0.4668898798076923 0.6157407403846153 0.4706101201923077 0.6154100528846154 0.4745783725961538 0.6183862427884615
15 0.4267526298076923 0.39153439182692307 0.4299885264423077 0.400634454326923 0.4723095528846154 0.39093147355769226 0.4703257355769231 0.38299264663461535 0.4267526298076923 0.39153439182692307
15 0.43667326442307697 0.45326278846153845 0.4385850024038461 0.4667912403846154 0.4729708076923077 0.4535598870192308 0.4690032235576923 0.4473852475961539 0.43667326442307697 0.45326278846153845
15 0.4350198269230769 0.5072751322115384 0.4346174182692308 0.5161882836538462 0.4650356370192308 0.5250091850961538 0.4650356370192308 0.5170703942307692 0.4350198269230769 0.5072751322115384
1 0.15558860817307693 0.32208994711538463 0.13175762980769232 0.7455317572115384 0.3817161490384615 0.7552347355769231 0.4022153798076923 0.32565677884615385 0.15558860817307693 0.32208994711538463
3 0.41352511778846157 0.3264991201923077 0.3909738317307693 0.8672602427884615 0.6687055456730769 0.8901945769230769 0.6766407163461537 0.3388881514423077 0.41352511778846157 0.3264991201923077
10 0.4273434543269231 0.40151654807692305 0.4022153798076923 0.3856389278846154 0.3744421850961538 0.39269564423076925 0.3301373918269231 0.4209225408653846 0.3003804278846154 0.45267777644230767 0.26599462259615386 0.5011927427884616 0.24351157211538463 0.5488256298076923 0.23822142548076922 0.6052794230769231 0.2580594014423077 0.644973485576923 0.3023642451923077 0.6511480889423077 0.3400563798076923 0.6387988461538462 0.36915208653846154 0.6352704711538462 0.3704745985576923 0.6229212283653845 0.34402396394230766 0.6246853798076923 0.32087965865384616 0.6370347259615384 0.2739297932692308 0.6387988461538462 0.2573981466346154 0.6246853798076923 0.2461566466346154 0.5876376153846153 0.26004321874999997 0.5391226514423078 0.2851712908653846 0.4923718389423077 0.3116219254807693 0.45973452644230767 0.3413788918269231 0.4270971778846154 0.37179716105769234 0.40592699759615386 0.39890905048076924 0.39798822355769226 0.4299885264423077 0.4156300120192308 0.44916524759615384 0.4182762764423077 0.46371307692307695 0.4076911850961539 0.4672618894230769 0.4246031754807692 0.47363206490384613 0.4209225408653846 0.4656968942307692 0.39534192548076924 0.4504877596153846 0.406809125 0.4273434543269231 0.40151654807692305
10 0.40287663701923077 0.45708822836538465 0.3843611730769231 0.47825840865384617 0.3850224783653846 0.5082494903846154 0.39824779567307694 0.5117778317307692 0.42337586778846154 0.4950181370192308 0.4200695384615385 0.4870793100961538 0.40353789182692307 0.49854647836538457 0.3916351370192308 0.4950181370192308 0.3975864903846154 0.47649422115384615 0.4194082836538462 0.4614986802884615 0.44321384375 0.4562061514423077 0.45908423557692307 0.46238079086538464 0.4672618894230769 0.48522927884615386 0.4690032235576923 0.45797033894230765 0.45643916105769233 0.45091362259615386 0.42602094230769233 0.44650317067307693 0.40287663701923077 0.45708822836538465
10 0.3678295264423077 0.5541181586538462 0.35592676923076927 0.5858734278846154 0.3592330985576923 0.6299779423076923 0.38105484375 0.6740824567307692 0.40684422115384616 0.7208332692307693 0.42866601442307695 0.7561168798076923 0.4690032235576923 0.805513923076923 0.5007440048076923 0.8275661802884616 0.5298396634615384 0.8196273533653847 0.5582741153846154 0.8363870817307693 0.5754670168269231 0.8522646658653846 0.5807571658653846 0.8266841033653846 0.5873698245192307 0.8125706033653847 0.5794346538461539 0.809042295673077 0.5708381778846154 0.8337407836538462 0.5476938725961539 0.8196273533653847 0.5338072980769231 0.8116885264423076 0.5066953581730769 0.8160989783653847 0.47759969951923076 0.79933925 0.4438751009615384 0.7569989567307692 0.4200695384615385 0.7217153461538461 0.3909738317307693 0.6705540817307691 0.3684908317307692 0.6273316778846154 0.3645231971153846 0.5858734278846154 0.3784098197115385 0.5541181586538462 0.40684422115384616 0.5285375600961538 0.44652017307692304 0.5144240961538462 0.4676807115384615 0.5091315673076923 0.46643517067307694 0.49625220432692313 0.4418913317307692 0.5073673798076923 0.4134568798076923 0.5144240961538462 0.3909738317307693 0.5276554495192308 0.3678295264423077 0.5541181586538462
10 0.5113242475961539 0.5647032475961539 0.4656968942307692 0.5452972548076923 0.42800475961538464 0.5338300889423077 0.4048604543269231 0.5497077067307692 0.4088280384615385 0.5682316225961539 0.42271461298076923 0.5849913173076924 0.43395611298076925 0.5841092427884615 0.43395611298076925 0.5726420745192308 0.4246984302884615 0.5752883389423077 0.4141181370192308 0.5567644567307692 0.42602094230769233 0.5470614423076923 0.4584229783653846 0.5558823461538461 0.5073566634615385 0.5761704158653846 0.5450487980769231 0.5973405961538462 0.5701769206730769 0.61498246875 0.5913374591346154 0.6220391177884615 0.5946437884615384 0.5964585192307692 0.5821759110576923 0.5866402115384616 0.5873698245192307 0.602633125 0.5834021875000001 0.6088077620192307 0.5476938725961539 0.5867555048076923 0.5113242475961539 0.5647032475961539
10 0.5589353701923077 0.6326242740384616 0.5714994326923077 0.6123361370192307 0.5662092860576923 0.6070435745192307 0.55298396875 0.6176286658653846 0.5338072980769231 0.6132182139423077 0.5073566634615385 0.6070435745192307 0.48685738221153846 0.6070435745192307 0.47635580528846155 0.5954585552884615 0.48421235817307695 0.6185107764423077 0.5100016875 0.6176286658653846 0.5324847355769231 0.6176286658653846 0.5589353701923077 0.6326242740384616
10 0.39692523317307693 0.7146585961538462 0.4253596850961538 0.7764049158653846 0.4597454903846154 0.8011034711538462 0.5047115889423077 0.7958109423076922 0.5377748846153846 0.7984571730769231 0.5787733461538461 0.8011034711538462 0.5761283245192308 0.7852258197115384 0.5331459927884615 0.7861078966346154 0.5073566634615385 0.7861078966346154 0.4584229783653846 0.7896362692307692 0.43197234375 0.7719944639423078 0.40618296634615386 0.7128944423076924 0.401554125 0.6432092980769231 0.39361890384615383 0.5832271658653846 0.3804563341346154 0.5304232812499999 0.3744421850961538 0.5426509927884615 0.3896513197115385 0.5929301442307693 0.39295764903846153 0.6564406514423078 0.39692523317307693 0.7146585961538462
10 0.4762771370192308 0.6978988677884614 0.5225657475961538 0.6917242620192308 0.5708381778846154 0.6864317019230769 0.5814184711538462 0.673200346153846 0.5913374591346154 0.6405630336538461 0.5840634951923077 0.6352704711538462 0.5767895288461539 0.6679078846153845 0.5523227115384615 0.68202125 0.5185981634615385 0.6846675480769231 0.48288979567307694 0.6855496923076922 0.4418913317307692 0.6740824567307692 0.4101505504807692 0.6696720048076923 0.3738425769230769 0.6792328052884616 0.3751034903846154 0.6934884158653846 0.40089281971153845 0.6846675480769231 0.43263360096153847 0.6811392403846154 0.4762771370192308 0.6978988677884614
10 0.4524715769230769 0.7270078725961538 0.5073566634615385 0.7323004014423078 0.5549677860576924 0.7137765192307692 0.5708381778846154 0.6802570961538461 0.5774508365384615 0.6432092980769231 0.5853860048076923 0.6238033725961538 0.5787733461538461 0.6176286658653846 0.5701769206730769 0.6485018245192309 0.5635642620192308 0.6776107980769231 0.5463713100961539 0.7049556177884615 0.5080179182692308 0.7208332692307693 0.45577790625000003 0.7164228173076924 0.4141181370192308 0.7031914639423077 0.3909738317307693 0.7005451658653846 0.38369991586538466 0.6952526370192308 0.3672288221153846 0.6946649038461538 0.3684908317307692 0.7128944423076924 0.3823774038461538 0.7067197716346154 0.4094892956730769 0.7173048942307693 0.4524715769230769 0.7270078725961538
10 0.3870062451923077 0.6881958870192307 0.4194082836538462 0.7367108533653847 0.4379237475961538 0.7569989567307692 0.48685738221153846 0.7737586850961539 0.5351298100961539 0.7816974447115383 0.5609191899038461 0.7728765408653846 0.5767895288461539 0.7808153677884615 0.5886923341346153 0.7649377836538461 0.5853860048076923 0.7561168798076923 0.57348325 0.7631735625 0.5569516033653846 0.7631735625 0.5331459927884615 0.767584014423077 0.48024472355769227 0.7631735625 0.4451976610576923 0.7446496802884616 0.4246984302884615 0.7243615769230769 0.39295764903846153 0.6758466442307692 0.38303866105769235 0.6326242740384616 0.38899006249999996 0.5858734278846154 0.37053569951923077 0.5425485024038461 0.36584575721153845 0.5541181586538462 0.3823774038461538 0.5885196923076923 0.3751034903846154 0.6352704711538462 0.3870062451923077 0.6881958870192307
10 0.5166143461538462 0.7543526586538462 0.4908250168269231 0.7667019375 0.4690032235576923 0.7755228389423077 0.41081180769230774 0.7728765408653846 0.38303866105769235 0.7596451875000001 0.35063662259615386 0.7323004014423078 0.35063662259615386 0.6961347139423076 0.36716826923076923 0.6749645336538461 0.37245841586538464 0.6564406514423078 0.3678295264423077 0.6520301995192308 0.35989435576923073 0.6705540817307691 0.34468522115384614 0.6881958870192307 0.33939512259615384 0.7252437211538462 0.3526204399038461 0.7508242836538461 0.3803935865384615 0.7737586850961539 0.4094892956730769 0.7834616658653846 0.4425525889423077 0.7869900408653846 0.4914862716346154 0.7843437427884615 0.5225657475961538 0.764055639423077 0.5510002019230769 0.7455317572115384 0.5675318485576922 0.7137765192307692 0.5774508365384615 0.6908421514423077 0.5854827884615385 0.6704144639423077 0.5701769206730769 0.6855496923076922 0.5615804447115385 0.7076019158653846 0.5476938725961539 0.7349466995192308 0.5166143461538462 0.7543526586538462
10 0.582740983173077 0.7314183245192307 0.55298396875 0.7455317572115384 0.5245495673076923 0.7569989567307692 0.4723095528846154 0.7693482331730769 0.43593993028846156 0.7746407620192308 0.3903125745192308 0.7852258197115384 0.3539429519230769 0.7808153677884615 0.34336270913461536 0.7561168798076923 0.3473302932692308 0.7270078725961538 0.3665070144230769 0.6978988677884614 0.37378092788461537 0.6749645336538461 0.3678295264423077 0.6696720048076923 0.35460420673076926 0.6952526370192308 0.3367500504807692 0.7278899519230768 0.33807256009615383 0.7631735625 0.3473302932692308 0.7949287980769231 0.3856837331730769 0.7931646442307693 0.45114906490384615 0.7843437427884615 0.4908250168269231 0.7764049158653846 0.5338072980769231 0.7614094086538461 0.5714994326923077 0.7490601298076923 0.6019176514423077 0.7340646225961538 0.6204331177884614 0.7243615769230769 0.6105141298076924 0.7005451658653846 0.5887896682692307 0.6660052908653846 0.5840634951923077 0.678492908653846 0.6019176514423077 0.7040735408653845 0.6105141298076924 0.7217153461538461 0.582740983173077 0.7314183245192307
10 0.4485039903846154 0.8549109639423077 0.48156728365384616 0.8796095192307691 0.5424037235576923 0.8981334014423077 0.5939824831730769 0.9060722283653846 0.6283682860576923 0.8990154783653845 0.6435774230769231 0.8804915961538462 0.6237394471153846 0.8681423197115384 0.582740983173077 0.8522646658653846 0.5463713100961539 0.8399154567307693 0.5324847355769231 0.8249198822115384 0.52917840625 0.8019855480769231 0.5543065312500001 0.7940467211538462 0.5800958581730769 0.7905183461538462 0.5741445072115384 0.7799332908653847 0.5404199567307693 0.7905183461538462 0.5219044927884615 0.7958109423076922 0.5245495673076923 0.8196273533653847 0.5351298100961539 0.8443259086538462 0.5556290408653847 0.8531468100961538 0.5853860048076923 0.8646139447115384 0.6164654807692307 0.8769632211538462 0.6296907980769231 0.8813736730769232 0.6058852884615384 0.8901945769230769 0.5662092860576923 0.8893124975961538 0.4994214423076923 0.8716706923076922 0.47429337019230766 0.8619677139423078 0.45445539423076925 0.8469721394230769 0.4584229783653846 0.8249198822115384 0.46106805288461533 0.8046318461538462 0.42757935096153843 0.7773368605769231 0.42866601442307695 0.7914004903846154 0.4531328317307692 0.8116885264423076 0.4485039903846154 0.8275661802884616 0.4485039903846154 0.8549109639423077
10 0.4934700408653846 0.8566751177884615 0.5265333341346154 0.8416796105769231 0.5635642620192308 0.8355050048076923 0.5800958581730769 0.8355050048076923 0.5787733461538461 0.8258019591346154 0.5569516033653846 0.8266841033653846 0.5252108221153846 0.8328587067307692 0.5093404302884615 0.8390333125 0.4756158822115385 0.8460900625 0.44453640625 0.8372691586538461 0.42668219711538463 0.8266841033653846 0.4036044831730769 0.8026895961538462 0.4055217091346154 0.8196273533653847 0.4346174182692308 0.845207985576923 0.46172930769230774 0.8593214158653846 0.4934700408653846 0.8566751177884615
10 0.3704745985576923 0.9318333173076923 0.38899006249999996 0.9662348533653845 0.4088280384615385 0.9829945817307693 0.4478427355769231 0.9988721658653846 0.4974376754807693 0.9997543100961538 0.5390973942307692 0.9918154831730769 0.5595966274038461 0.9688811490384615 0.5655480288461538 0.9450646730769231 0.586708516826923 0.9150735889423077 0.5880311298076923 0.8859646490384615 0.5807571658653846 0.8559735673076924 0.5761283245192308 0.8550914903846153 0.5820796754807692 0.8939034759615385 0.5754670168269231 0.9177198870192308 0.5589353701923077 0.9344796153846153 0.5543065312500001 0.9609423245192308 0.5397586514423077 0.9750557548076924 0.5106629927884615 0.9882871081730769 0.48421235817307695 0.9918154831730769 0.4471814302884616 0.9838766586538461 0.4094892956730769 0.9671169278846155 0.38899006249999996 0.9450646730769231 0.3790710745192308 0.9177198870192308 0.38303866105769235 0.8903751009615385 0.4094892956730769 0.8630303173076924 0.42271461298076923 0.8356854639423077 0.42013887259615385 0.8258377427884616 0.4121343677884616 0.8497989615384616 0.3942801610576923 0.8727332956730769 0.3744421850961538 0.8894930240384615 0.3704745985576923 0.9318333173076923
6 0.28384878125 0.27738251442307693 0.2461566466346154 0.27738251442307693 0.19325537740384616 0.2914959471153846 0.14961181490384615 0.3109019735576923 0.11390344711538461 0.37353035336538465 0.10067812980769232 0.4440975745192308 0.11588724038461538 0.5120185336538461 0.15886952163461537 0.5737648533653846 0.22102852163461537 0.5940529903846155 0.3017029375 0.590524548076923 0.3803935865384615 0.5428916923076923 0.4134568798076923 0.49173046394230774 0.43990751442307696 0.41410649278846157 0.4524715769230769 0.32589748076923075 0.4273434543269231 0.23504217067307692 0.38105484375 0.17682421875 0.31757332932692306 0.16182868509615386 0.24285031730769233 0.17858839663461537 0.15688575480769232 0.22357500480769232 0.11059711778846154 0.29326016826923074 0.07951761778846154 0.3585348100961539 0.06761483653846154 0.4273378461538462 0.07290495913461538 0.4934946177884615 0.07290495913461538 0.5393633173076923 0.09274293509615385 0.5869962067307692 0.10266192307692308 0.5702364783653846 0.08348522836538462 0.5252498870192308 0.08084015384615384 0.43968712259615383 0.09009788701923077 0.3655915264423077 0.11390344711538461 0.3011989423076923 0.1555631923076923 0.2518018846153846 0.20780320673076924 0.20681529326923076 0.27128471875 0.1882913846153846 0.31823458413461536 0.17594214182692308 0.37311967307692306 0.19270183653846157 0.4174244663461538 0.23327800240384616 0.43263360096153847 0.27914668509615387 0.44321384375 0.33383629086538463 0.4385850024038461 0.40175724759615383 0.42337586778846154 0.4449796514423077 0.39494146634615385 0.4996692548076923 0.3625394278846154 0.5367170552884615 0.3069930865384615 0.5755290408653846 0.24152775480769229 0.5878782836538462 0.1687885096153846 0.5622976850961539 0.12514497115384615 0.5049618173076923 0.1125809110576923 0.4493901033653846 0.12117736298076923 0.37705872596153844 0.16019208413461536 0.319722875 0.2124320456730769 0.2923780408653846 0.27128471875 0.2879675889423077 0.33873386778846154 0.29326016826923074 0.3797323317307692 0.30737358173076923 0.42139210096153845 0.3285437788461539 0.4300595096153846 0.32319224038461536 0.4081667836538462 0.3064915216346154 0.37311967307692306 0.2897317764423077 0.3314599014423077 0.28267506009615384 0.28384878125 0.27738251442307693
0 0.19457788701923076 0.5323066033653846 0.15754700961538462 0.5420095817307693 0.13838243028846153 0.5364173870192308 0.13806620673076922 0.5418428894230769 0.14630548557692308 0.552594673076923 0.20449687740384614 0.5437737692307693 0.25938196394230767 0.5031976298076923 0.29244525721153847 0.46614983173076924 0.33939512259615384 0.44321549759615386 0.3817161490384615 0.4220453173076923 0.41610195432692304 0.3805870673076923 0.4126983966346154 0.36287478125 0.39890905048076924 0.3902900817307692 0.37708725721153846 0.41410649278846157 0.3486528557692308 0.4246915817307692 0.29244525721153847 0.4458617620192307 0.2739297932692308 0.4705602836538461 0.2335925841346154 0.5093722692307693 0.19457788701923076 0.5323066033653846
0 0.09803305528846154 0.5517125961538462 0.06364725240384615 0.5737648533653846 0.03389028846153846 0.6187514423076923 0.03918040865384616 0.6734410817307693 0.06430850721153845 0.7246022764423077 0.09803305528846154 0.7669426370192307 0.12580622836538463 0.7863485961538461 0.12656001442307693 0.7392574591346153 0.12448369230769231 0.7748814639423076 0.08480773798076924 0.7475366105769231 0.055712055288461536 0.6813798389423076 0.053066983173076926 0.627572346153846 0.06893737259615385 0.5843499423076923 0.10266192307692308 0.556123048076923 0.09803305528846154 0.5517125961538462