1 0.20610116826923075 0.28802910096153844 0.18519612740384617 0.7604923100961538 0.47879815625 0.7525534158653847 0.46887916826923076 0.29210230048076924 0.20610116826923075 0.28802910096153844
3 0.47519838942307696 0.2814153461538461 0.4768143894230769 0.8875132908653847 0.7892625120192308 0.868989375 0.7595055480769232 0.28019411057692306 0.47519838942307696 0.2814153461538461
14 0.5750123870192307 0.7763698942307692 0.5384424375 0.7757936514423077 0.53930396875 0.7975400408653847 0.5769961538461538 0.7975400408653847 0.5750123870192307 0.7763698942307692
14 0.5198412475961539 0.8237433870192308 0.5333525913461539 0.8570811346153846 0.5888989086538461 0.8425266658653846 0.5769961538461538 0.8187101875 0.5198412475961539 0.8237433870192308
10 0.49566048076923075 0.8081251658653846 0.44408169951923077 0.80944828125 0.3895272644230769 0.8015094879807693 0.32207819230769236 0.7551997475961538 0.25562092548076926 0.6930123221153845 0.2050341033653846 0.6453794687500001 0.17329337019230767 0.6519951442307692 0.2050341033653846 0.681104235576923 0.24272628846153846 0.7181519158653846 0.28240224038461537 0.7684311033653847 0.33497283173076925 0.8107713942307692 0.38754349759615386 0.8438497812500001 0.45102503605769234 0.8359109879807692 0.5204579519230769 0.8345878725961539 0.5682043413461538 0.84358465625 0.5819556466346154 0.8306184254807693 0.5541824495192308 0.8134177259615385 0.49566048076923075 0.8081251658653846
10 0.3706811730769231 0.8306184254807693 0.3091834759615385 0.8068020504807693 0.27347513461538464 0.75916909375 0.25661281009615383 0.7221213629807692 0.2218963533653846 0.6956586538461539 0.1951151153846154 0.6797810192307693 0.1901556201923077 0.7353527163461538 0.24768578125 0.7882781322115384 0.3151348557692308 0.8438497812500001 0.3796082764423077 0.8729588197115384 0.48871714423076923 0.85840425 0.5383120841346154 0.8200334038461539 0.5859232572115385 0.8028326033653846 0.58294753125 0.7829855721153846 0.5804417259615385 0.7827070240384616 0.5512068004807692 0.7671079855769231 0.5274012139423078 0.7816624567307693 0.4966523653846154 0.7975400408653847 0.46391967548076923 0.8279721971153846 0.3706811730769231 0.8306184254807693
10 0.3885353798076923 0.5646682283653847 0.3032320985576923 0.5792226971153845 0.2744670192307692 0.6017161105769231 0.22586396153846153 0.6175936442307692 0.202058375 0.6162704783653846 0.18916373798076924 0.6162704783653846 0.18321235817307693 0.6480258485576923 0.2179288173076923 0.6559645408653847 0.2774427451923077 0.6453794687500001 0.37365689903846155 0.60568540625 0.42821133413461543 0.6109779663461539 0.48276576682692307 0.6321481129807692 0.5164903413461539 0.6771347379807692 0.5611257884615385 0.7313832692307692 0.568069048076923 0.7604923100961538 0.5806051370192308 0.731150795673077 0.5641014375 0.6691958942307692 0.5283930961538462 0.6162704783653846 0.47383866346153847 0.5739301850961538 0.3885353798076923 0.5646682283653847
10 0.48276576682692307 0.5924540504807692 0.5779880360576923 0.5765764158653846 0.6186559495192309 0.5726070192307693 0.6156802211538461 0.5355592379807692 0.5888989086538461 0.5355592379807692 0.5472391899038461 0.5487905913461538 0.5045875096153846 0.5527599879807693 0.47086301201923075 0.5567293846153846 0.4500330769230769 0.5580525504807692 0.43912220432692306 0.5408518004807692 0.3915111081730769 0.5620219471153847 0.3627460264423077 0.58319209375 0.39250299038461534 0.603039125 0.48276576682692307 0.5924540504807692
10 0.45995206490384616 0.4733718629807692 0.4797900408653846 0.4402934783653846 0.5234336033653846 0.4138307692307693 0.5462473052884615 0.39266062259615386 0.5819556466346154 0.39927630048076923 0.5819556466346154 0.43897036298076925 0.5611257884615385 0.46940246634615385 0.53930396875 0.5077734134615385 0.5571581778846154 0.5210047692307692 0.5888989086538461 0.4601405096153846 0.611712610576923 0.44161664423076924 0.6087368846153847 0.3913374567307692 0.580963764423077 0.3728135913461538 0.5383120841346154 0.3807523846153846 0.48673337740384615 0.4058919759615385 0.4321789423076923 0.45220171634615386 0.4053976298076923 0.48395693509615384 0.4053976298076923 0.5077734134615385 0.44667656490384616 0.53108465625 0.4520169182692308 0.5289435600961538 0.43019510096153846 0.5051271322115385 0.45995206490384616 0.4733718629807692
10 0.45300880288461537 0.4244158413461539 0.4401140889423077 0.4733718629807692 0.43912220432692306 0.5302666754807692 0.45896018028846153 0.5315898413461538 0.45896018028846153 0.49718829086538463 0.46887916826923076 0.4469091538461539 0.5174822259615385 0.45484799759615385 0.5750123870192307 0.48528010096153845 0.5968341298076922 0.5157122067307692 0.611712610576923 0.5487905913461538 0.6335344302884616 0.5302666754807692 0.63268846875 0.5277777788461538 0.6067531177884615 0.4799875408653846 0.5422796947115385 0.43897036298076925 0.4897090288461538 0.4230927283653846 0.45300880288461537 0.4244158413461539
10 0.6642832019230769 0.5355592379807692 0.6811456033653845 0.5593756658653846 0.7089186490384616 0.5302666754807692 0.7029673461538462 0.49851145673076924 0.6444452259615385 0.4932188942307692 0.5938584014423077 0.5104196442307692 0.5462473052884615 0.5196816033653846 0.5184741081730769 0.5170353221153846 0.49627973798076924 0.5128968269230769 0.5016118605769231 0.5567293846153846 0.584931375 0.5501137067307693 0.6375019639423076 0.5342361225961538 0.6642832019230769 0.5355592379807692
10 0.711894375 0.32253445432692307 0.7247890889423078 0.37016731009615383 0.7366918461538461 0.36090535336538465 0.7347080769230769 0.2973948629807692 0.6861050961538461 0.2815172283653846 0.6008017403846154 0.27622471634615386 0.5541824495192308 0.29607174759615384 0.5016118605769231 0.30401053846153847 0.49268475480769236 0.3489971634615384 0.5135146153846154 0.34767399759615386 0.5148809302884616 0.3492063509615385 0.5343444735576923 0.33708892548076924 0.6107207283653846 0.32650385096153844 0.6573399399038462 0.3119493317307693 0.711894375 0.32253445432692307
6 0.42821133413461543 0.7512303004807692 0.39547864182692305 0.7300601538461537 0.3230700745192308 0.7155056850961539 0.2923212283653846 0.72476759375 0.26963889903846155 0.72410984375 0.26851564182692306 0.7274139230769231 0.25325260336538463 0.7495598677884616 0.33199718028846154 0.7459377403846154 0.3815921201923077 0.7618154254807692 0.44904119230769235 0.7737236634615384 0.5085551201923078 0.7750467788461539 0.5383120841346154 0.7393220625 0.52244171875 0.6586108221153846 0.5065713533653846 0.5937772163461539 0.4966523653846154 0.5276204447115385 0.4907009879807692 0.4350009663461538 0.4907009879807692 0.36090535336538465 0.5075632379807693 0.3013642572115385 0.5571581778846154 0.28284039182692305 0.5099206129807692 0.24173280528846153 0.49268475480769236 0.2815172283653846 0.47383866346153847 0.36355163221153847 0.4629277908653846 0.4323546850961538 0.47284677884615384 0.5051271322115385 0.4877252620192308 0.6175936442307692 0.49268475480769236 0.7128593533653846 0.4946685216346154 0.7565228629807692 0.42821133413461543 0.7512303004807692
6 0.12568219951923076 0.5805458629807693 0.15543916346153847 0.5845152596153846 0.16039865625 0.5540831538461538 0.1812285168269231 0.50380396875 0.21495309134615384 0.5051271322115385 0.24272628846153846 0.5646682283653847 0.2457019375 0.6096548004807693 0.22487207932692307 0.6837504158653847 0.2298315721153846 0.7207982475961539 0.2291637860576923 0.7229361346153845 0.26963889903846155 0.72410984375 0.30719970913461536 0.6136242475961539 0.27149129326923077 0.5024808533653846 0.20007460817307693 0.4442628725961538 0.13163357692307692 0.4826338221153846 0.12568219951923076 0.5805458629807693
6 0.21197736298076922 0.80944828125 0.25325260336538463 0.7495598677884616 0.2457019375 0.7499071850961538 0.2194253485576923 0.7541133485576924 0.2291637860576923 0.7229361346153845 0.20106649278846153 0.7221213629807692 0.09493335096153846 0.744614625 0.0800548701923077 0.82400275 0.12865792548076924 0.8769281658653847 0.21197736298076922 0.80944828125
0 0.13758495432692308 0.4469091538461539 0.10386045432692306 0.5024808533653846 0.10257162740384616 0.5048447716346154 0.10683610576923078 0.5011577379807692 0.14155256490384616 0.47601814423076927 0.18023663221153846 0.45220171634615386 0.1953205480769231 0.44350071394230767 0.2060259855769231 0.421769610576923 0.2804183966346154 0.35561284134615384 0.3369566730769231 0.3331195288461538 0.3706811730769231 0.32121129086538464 0.33143123557692306 0.37442676201923075 0.33497283173076925 0.3728135913461538 0.38258400240384616 0.34767399759615386 0.3973790576923077 0.3359883581730769 0.4083733557692308 0.30665681971153846 0.40638958894230764 0.2735784350961538 0.34191616826923077 0.26431647596153846 0.3042239831730769 0.29474858173076923 0.2298315721153846 0.33179636298076925 0.1951151153846154 0.36752102884615384 0.15345539423076923 0.421769610576923 0.13758495432692308 0.4469091538461539
9 0.7475198413461539 0.5226521153846154 0.747767858173077 0.5153769831730769 0.746527778846154 0.5074404759615384 0.7415674591346153 0.49884259375 0.738715278846154 0.49669312259615384 0.7312748004807692 0.49570105769230766 0.7139136899038461 0.4990079375 0.7075892860576923 0.5051256610576923 0.7051091274038461 0.5120701057692307 0.7061011899038461 0.5252976201923076 0.7075892860576923 0.53125 0.7105654759615384 0.5365410048076923 0.7154017860576923 0.5396825408653846 0.7264384927884616 0.5415013221153846 0.7330109134615385 0.5396825408653846 0.7377232139423077 0.5363756610576923 0.7428075408653847 0.53125 0.7475198413461539 0.5226521153846154
15 0.74169146875 0.7443783076923077 0.7369791658653846 0.7443783076923077 0.7106894831730769 0.749338625 0.7090773798076923 0.7524801586538461 0.7100694447115384 0.7577711634615384 0.7136656754807693 0.7602513221153846 0.7162698413461539 0.7600859783653846 0.7411954375 0.7559523798076923 0.7445436514423077 0.7531415336538461 0.7447916658653846 0.7475198413461539 0.74169146875 0.7443783076923077
15 0.7470238100961539 0.7895171947115384 0.7451636899038461 0.7860449735576923 0.7406994038461538 0.7853835985576924 0.7347470240384616 0.7883597884615384 0.7141617067307693 0.7926587307692308 0.7115575408653847 0.795138889423077 0.7115575408653847 0.8000992067307693 0.7139136899038461 0.8035714278846153 0.71875 0.8037367716346153 0.7335069447115384 0.8012566129807692 0.7414434519230769 0.798280423076923 0.746527778846154 0.794477514423077 0.7470238100961539 0.7895171947115384
15 0.7451636899038461 0.8204365072115384 0.7411954375 0.8197751322115384 0.7307787692307692 0.8240740745192308 0.7156498004807692 0.8277116394230769 0.7132936514423077 0.8311838629807693 0.7137896826923077 0.8364748677884616 0.7149057548076924 0.8382936514423077 0.7185019831730769 0.8384589951923077 0.7446676586538461 0.830026454326923 0.7467757932692307 0.826884920673077 0.7462797620192307 0.8225859783653846 0.7451636899038461 0.8204365072115384
11 0.6964285721153847 0.7802579375 0.6959325408653847 0.7686838629807693 0.6903521826923077 0.7585978846153847 0.6796875 0.749338625 0.6715029759615384 0.7450396826923077 0.6667906754807693 0.7443783076923077 0.6630704375 0.7460317451923076 0.6510416658653846 0.7587632283653847 0.6495535721153847 0.763723545673077 0.652777778846154 0.7792658725961539 0.6625744038461538 0.7936507932692307 0.6749751995192308 0.798280423076923 0.6793154759615384 0.798445766826923 0.6871279759615384 0.795634920673077 0.6901041658653846 0.7936507932692307 0.6932043653846154 0.7891865072115384 0.6964285721153847 0.7802579375
11 0.6904761899038461 0.8364748677884616 0.6899801586538461 0.8222552908653846 0.6882440480769231 0.8172949735576923 0.6781994038461538 0.8015873004807692 0.6729910721153847 0.7976190480769231 0.662822420673077 0.7966269831730769 0.6510416658653846 0.8053902115384616 0.6483134927884616 0.8113425937500001 0.6465773798076923 0.8209325408653847 0.6495535721153847 0.8358134927884616 0.6553819447115384 0.84424603125 0.6630704375 0.847222221153846 0.6665426586538461 0.8501984134615385 0.6693948413461539 0.8500330697115385 0.6742311514423077 0.8492063485576923 0.6821676586538461 0.8452380961538462 0.688740079326923 0.8397817451923076 0.6904761899038461 0.8364748677884616
11 0.6793154759615384 0.889054233173077 0.6785714278846153 0.8837632283653847 0.675347221153846 0.8761574062499999 0.6738591274038461 0.8678902115384616 0.6682787692307692 0.8584656081730769 0.66455853125 0.8551587307692308 0.6586061514423077 0.8525132283653847 0.6553819447115384 0.8515211634615384 0.6516617067307693 0.8525132283653847 0.6442212307692308 0.857473545673077 0.6403769831730769 0.8625992067307693 0.6378968245192307 0.871527778846154 0.6381448413461539 0.8840939158653847 0.6421130961538462 0.8943452379807693 0.6511656754807693 0.9087301586538461 0.6588541658653846 0.9136904759615384 0.6654265865384615 0.9138558197115384 0.6729910721153847 0.9100529110576924 0.6763392860576923 0.9049272475961538 0.6785714278846153 0.8996362427884615 0.6793154759615384 0.889054233173077
14 0.5766369038461538 0.732308201923077 0.5722966274038461 0.7314814807692307 0.5688244038461538 0.7288359783653846 0.5658482139423077 0.7291666658653846 0.5574156754807692 0.7347883605769231 0.5452628966346154 0.7387566129807692 0.5412946418269231 0.7414021153846153 0.5374503966346154 0.7541335985576924 0.5398065480769231 0.7582671947115384 0.5461309519230769 0.7600859783653846 0.5621279759615384 0.7490079375 0.5718005961538462 0.7450396826923077 0.5741567451923077 0.7422288365384616 0.5766369038461538 0.732308201923077
14 0.6598462307692308 0.5595238100961539 0.650669641826923 0.5598544975961539 0.6367807548076924 0.5568783076923076 0.631572420673077 0.5595238100961539 0.6281001995192308 0.5641534399038461 0.6257440480769231 0.5646494711538461 0.6290922620192307 0.5661375673076923 0.6309523798076923 0.5699404759615384 0.635044641826923 0.5740740745192308 0.6589781754807693 0.5775462956730769 0.6625744038461538 0.5753968245192308 0.6664186514423077 0.5702711634615384 0.6659226201923077 0.5649801586538461 0.6598462307692308 0.5595238100961539
14 0.6551339278846153 0.5214947091346154 0.6434771826923077 0.517195766826923 0.63330853125 0.5188492067307693 0.6292162692307692 0.5226521153846154 0.6324404759615384 0.5295965600961539 0.6357886899038461 0.5333994711538461 0.6521577379807693 0.5347222211538462 0.6563740072115384 0.5386904759615384 0.6592261899038461 0.5391865072115385 0.6666666658653846 0.5332341274038461 0.6669146826923077 0.5279431225961538 0.6643105168269231 0.5228174591346154 0.6551339278846153 0.5214947091346154
14 0.6710069447115384 0.5023148149038461 0.6732390865384615 0.5 0.6816716274038461 0.4970238100961539 0.6820436514423077 0.4915674591346154 0.6789434519230769 0.48974867788461535 0.6744791658653846 0.49074074038461535 0.6638144831730769 0.4900793653846154 0.6556299591346153 0.48280423317307697 0.651909721153846 0.4837962956730769 0.6429811514423077 0.48280423317307697 0.6395089278846153 0.48544973557692306 0.6290922620192307 0.48544973557692306 0.623759920673077 0.4915674591346154 0.623759920673077 0.4948743389423077 0.6228918653846154 0.4960317451923077 0.6135912692307692 0.4968584663461538 0.6243799591346153 0.4970238100961539 0.6278521826923077 0.5013227524038462 0.631572420673077 0.5033068774038462 0.6392609134615385 0.5009920625000001 0.6433531754807693 0.5034722211538462 0.646205358173077 0.5016534399038461 0.6499255961538462 0.5013227524038462 0.6588541658653846 0.5026455024038461 0.6710069447115384 0.5023148149038461