13 0.5465182740384615 0.4119578822115385 0.5471410961538461 0.4155666706730769 0.5503309951923077 0.4205974350961539 0.5601918293269231 0.4247157427884615 0.5688991875 0.42096358894230773 0.5726261634615384 0.41506060576923076 0.5745006225961539 0.40534764182692307 0.5718021634615384 0.39505346874999997 0.5677900312499999 0.39139111538461535 0.5613801009615385 0.38867240625000005 0.5406221610576923 0.3957967019230769 0.5378095889423077 0.3996783725961538 0.5388248052884616 0.40852818028846155 0.5418919519230769 0.4162107692307692 0.5465182740384615 0.4119578822115385
4 0.6105830192307692 0.3930489399038462 0.6138340697115384 0.39408184615384617 0.6272608004807693 0.39611168750000003 0.6336780432692308 0.3943227524038461 0.6369652211538461 0.3674735264423077 0.6364039903846154 0.3652107764423077 0.6321769350961539 0.3648531466346154 0.6291024759615385 0.3616782067307692 0.6259668605769231 0.362501125 0.6209403942307692 0.36067674278846157 0.6122791225961538 0.36410244951923076 0.6092839735576923 0.39066546874999997 0.6105830192307692 0.3930489399038462
4 0.5974943990384616 0.3904064447115384 0.6012962740384615 0.3608025288461538 0.5845108076923077 0.3567201947115385 0.5765718437499999 0.35859413942307694 0.5752965048076922 0.36406327884615386 0.57325409375 0.3874422932692308 0.5737076394230769 0.3886854639423077 0.5799099639423078 0.3902012475961539 0.5896015192307693 0.3919539423076923 0.5974943990384616 0.3904064447115384
14 0.6031111490384615 0.28110920913461535 0.6046867115384615 0.28153399278846153 0.6092591899038461 0.2767713125 0.61370028125 0.2631364423076923 0.6169586442307692 0.2596617019230769 0.6171576129807692 0.24934061057692308 0.613783375 0.24561563701923078 0.6091493004807692 0.24903228125000001 0.6068290480769231 0.2583383197115384 0.6021570865384616 0.2682615408653846 0.601250875 0.27646298798076924 0.6031111490384615 0.28110920913461535
14 0.6272761153846154 0.30243040384615383 0.6293435552884615 0.30293566346153844 0.6343924038461538 0.2965809855769231 0.6365278701923077 0.2832368509615385 0.6381107427884616 0.27915398317307694 0.6388631875 0.2702594038461539 0.6352119903846154 0.26314923076923075 0.6312235625 0.26733949278846153 0.6289338870192308 0.2746466009615385 0.6252771442307693 0.2934196346153846 0.6256467139423076 0.3014958293269231 0.6272761153846154 0.30243040384615383
10 0.35201070913461535 0.2827755673076923 0.3720510048076923 0.24063204807692307 0.3810563774038461 0.21605436538461537 0.379357625 0.21293751923076923 0.37539201923076926 0.21429261057692306 0.37423167307692307 0.21627368509615386 0.3653796225961538 0.23620061298076925 0.36295169230769225 0.24448706490384617 0.33467397836538465 0.30398616826923075 0.3247003581730769 0.3300753725961538 0.32124346634615386 0.34921509375000004 0.32212131009615386 0.36973202403846156 0.32541201442307693 0.38563391105769235 0.3414020408653846 0.4363444975961538 0.34885864663461535 0.4566018701923077 0.352086875 0.46046994711538464 0.3557143701923077 0.4597275120192308 0.35640566105769234 0.45483078846153846 0.3473502283653846 0.43163991586538464 0.3346659783653846 0.3931598052884615 0.32903818509615385 0.3688598076923077 0.32786919951923077 0.35931686298076926 0.32802208173076924 0.34932221874999997 0.33097203125 0.33377343028846157 0.33450646634615383 0.32299611057692307 0.34861452644230767 0.2925735432692308 0.35201070913461535 0.2827755673076923
10 0.40531351442307695 0.2367226610576923 0.40487503365384614 0.23180808653846155 0.40167782451923073 0.23128497115384614 0.40050197115384617 0.23159356250000002 0.38722345673076924 0.2561400625 0.38066152884615384 0.2741037716346154 0.37012024759615386 0.31312565144230764 0.36609525721153846 0.33985415865384616 0.3667891947115385 0.3670207716346154 0.3708638076923077 0.38271692788461537 0.37517571875000005 0.38692931009615383 0.38414496634615386 0.39023376201923077 0.39972356009615384 0.3912797307692308 0.40554124038461536 0.3883907307692308 0.4033811875 0.3831944759615385 0.38573515625 0.3816432475961538 0.3786334951923077 0.3784773677884615 0.376381266826923 0.3739340096153846 0.37302852403846154 0.3513421995192308 0.37516310576923073 0.3273102884615385 0.37981867548076925 0.30502680528846154 0.39191225480769226 0.26392098798076924 0.40531351442307695 0.2367226610576923
7 0.4081805625 0.3340484423076923 0.4052319399038461 0.36562890144230764 0.40559331490384615 0.36752496634615384 0.40864451201923074 0.36819118749999996 0.4727192211538461 0.3768379302884615 0.478114375 0.3760507235576923 0.47990486057692305 0.37317078365384615 0.4809169855769231 0.3446133677884615 0.48050952403846153 0.34304375240384616 0.4767127548076923 0.3414205721153846 0.47386916346153846 0.3419572788461539 0.4351184423076923 0.3366189879807692 0.41298391105769233 0.3329974110576923 0.4101708990384615 0.3315351899038462 0.4081805625 0.3340484423076923
15 0.5749685480769231 0.48758538942307694 0.5874932908653846 0.4559018004807692 0.587784875 0.4502717019230769 0.585210045673077 0.44801348076923075 0.5815752403846154 0.4532635649038462 0.5701109158653846 0.4827827379807692 0.569419625 0.48767945913461536 0.5708186009615385 0.4902462764423077 0.5732241514423077 0.49013887980769233 0.5749685480769231 0.48758538942307694
15 0.6225549254807692 0.4606364951923077 0.6236304086538461 0.45480067067307695 0.6208247091346154 0.44883080048076923 0.606079201923077 0.48465987980769226 0.6048038605769231 0.4901290216346154 0.6065409447115384 0.49208317548076924 0.6133496995192307 0.4848474879807692 0.6179751346153846 0.4699068221153846 0.6225549254807692 0.4606364951923077
15 0.4463086514423077 0.43113171875 0.44474815865384615 0.42703552403846157 0.44229740384615385 0.43815714663461536 0.43973209375 0.45811072596153846 0.44027049999999995 0.46320864663461536 0.4427148293269231 0.46728244951923076 0.44585819711538466 0.4672957740384615 0.4474488269230769 0.4640491466346154 0.4463086514423077 0.43113171875
10 0.5043623533653846 0.34969137980769227 0.48964925 0.33207025721153843 0.48071505528846153 0.34136781730769233 0.49772324038461535 0.35395046874999997 0.5001826730769231 0.3792979519230769 0.4996918004807692 0.42554413942307695 0.49333986057692303 0.44677722596153846 0.4805130480769231 0.4901142067307692 0.4864146201923077 0.4910798004807692 0.49784812259615385 0.45286024519230766 0.5096917259615384 0.43074388461538465 0.5090762668269231 0.39233471875 0.5043623533653846 0.34969137980769227
10 0.4531758004807692 0.4081335264423077 0.44743802403846156 0.3965039855769231 0.43731541105769234 0.40642938461538464 0.41377290624999996 0.39424641346153844 0.4271516875 0.41189361778846156 0.44391371394230766 0.41196344951923075 0.4378076346153846 0.4314550024038461 0.42727602163461537 0.48229462980769233 0.42780945913461543 0.5117814302884616 0.4326867043269231 0.5295065120192308 0.44657969951923077 0.5166343461538461 0.45010395673076925 0.501174875 0.4379322668269231 0.5161103990384615 0.4340791754807692 0.4816259423076923 0.44698790384615383 0.4329570432692308 0.4531758004807692 0.4081335264423077
15 0.5169167139423076 0.4478611875 0.5115368509615384 0.47469963942307697 0.5200202403846154 0.47163318750000005 0.5223148822115384 0.4506271394230769 0.5169167139423076 0.4478611875
15 0.43581443750000004 0.45270430288461544 0.43539782932692306 0.43118346394230767 0.42806833894230767 0.43629169471153845 0.4296672548076923 0.4677346225961539 0.43581443750000004 0.45270430288461544
10 0.5047863822115385 0.3348094903846154 0.4839670576923077 0.3349666971153846 0.48237593749999996 0.35982589903846157 0.4908523798076923 0.3432204326923077 0.5050328413461538 0.3615766754807692 0.5235578197115385 0.39667986778846154 0.5401572019230769 0.4644311129807692 0.5365106081730769 0.509270125 0.5363474663461538 0.5484427836538461 0.5448306057692307 0.5311219879807692 0.5559360721153846 0.48572160817307697 0.5536810913461538 0.439917 0.5247457788461538 0.36925649278846157 0.5047863822115385 0.3348094903846154
10 0.49163188461538465 0.38522000240384613 0.5096651370192308 0.4238063173076923 0.5153216466346154 0.46927655288461534 0.4979050048076923 0.5261168629807692 0.465529 0.5511100504807692 0.4505204783653846 0.5260612836538462 0.43987338221153843 0.5380034182692308 0.4500787163461538 0.565509108173077 0.47983238942307693 0.5685955384615384 0.5123310721153846 0.5284772067307693 0.5294199807692308 0.4787104591346154 0.5265092836538462 0.43279856490384616 0.5026152692307693 0.3834534711538462 0.49130360096153847 0.3637848004807692 0.471263483173077 0.3916872259615385 0.47868154326923074 0.40091900721153845 0.49163188461538465 0.38522000240384613
10 0.46540576923076926 0.5377264663461538 0.48929898076923073 0.5443084687499999 0.5361016033653846 0.5501843533653846 0.5743389639423077 0.5644586826923077 0.6315921826923077 0.5675899855769231 0.6863859158653847 0.5453738245192308 0.7198272908653846 0.5080824447115385 0.7262194350961538 0.4485474831730769 0.690030858173077 0.41500865625 0.6560150841346153 0.4183520625 0.6031476009615384 0.44304396634615384 0.5969595 0.46125239903846155 0.6242129326923076 0.44878449759615385 0.6824082403846153 0.4262339951923077 0.702572139423077 0.4402239182692308 0.7104006610576923 0.4798132475961538 0.6843773966346153 0.5263364230769231 0.6346244158653847 0.5413592644230769 0.5670845961538462 0.5445629375000001 0.5226179254807692 0.5363965745192307 0.47392996875 0.524866826923077 0.46540576923076926 0.5377264663461538
10 0.43798859855769234 0.5608582884615385 0.4920861514423077 0.5625823894230769 0.5375770336538461 0.5539893509615385 0.5915510576923076 0.5280754783653846 0.6395411346153845 0.47801928846153846 0.6452778149038461 0.4326313822115385 0.6106876418269231 0.4020267956730769 0.57523775 0.42028077403846154 0.5579434855769231 0.4477415841346154 0.5691319735576923 0.45402668028846155 0.6013850408653846 0.4299042764423077 0.6217126346153846 0.4332302067307693 0.6238443846153847 0.4656512091346154 0.60593521875 0.4832115480769231 0.5677805264423077 0.5063683317307692 0.5524531730769231 0.5198966225961539 0.5251997908653846 0.5323645360576923 0.4908152235576923 0.5383202788461539 0.45622555048076924 0.5362244302884616 0.4552007860576923 0.5244751346153846 0.4372913221153846 0.5277810889423077 0.43798859855769234 0.5608582884615385
15 0.5380778317307692 0.45243678846153845 0.5384364567307692 0.4908764158653846 0.5457313389423077 0.48672462259615384 0.5380778317307692 0.45243678846153845
3 0.6476976370192309 0.5247894807692307 0.6690224519230769 0.2556556274038461 0.3595399639423077 0.18988310576923076 0.32999724759615384 0.49418990625 0.6476976370192309 0.5247894807692307
1 0.619670608173077 0.7945993870192307 0.6366632668269231 0.5264583461538461 0.38618523798076926 0.5096194591346154 0.3563963509615385 0.8014134663461537 0.619670608173077 0.7945993870192307
5 0.43221081009615386 0.6017850096153846 0.4303247235576923 0.5533680841346154 0.44097896875 0.48740330048076924 0.4642558245192308 0.41281304326923074 0.4758533149038462 0.3781838966346154 0.43073092788461537 0.36991023076923074 0.4047889326923077 0.3825927235576923 0.4072081610576923 0.4462420480769231 0.3908979543269231 0.49524531971153846 0.38807112259615384 0.5437820192307693 0.3885639519230769 0.5973163389423077 0.38299150240384616 0.6605490961538462 0.3519688100961539 0.7329810552884616 0.32324050480769234 0.7701526610576923 0.2715203557692308 0.7848537091346154 0.21131623557692308 0.7741123701923077 0.19877459615384613 0.734642798076923 0.20946945432692307 0.6446304951923078 0.1937707091346154 0.5324818341346154 0.1642626971153846 0.5133995336538462 0.14291028846153847 0.4983243028846154 0.11501798317307693 0.4667143557692308 0.08004237500000001 0.4969470216346154 0.05516716105769231 0.5686030841346154 0.04303743509615385 0.630762858173077 0.04865347596153846 0.7002806730769231 0.06570356971153847 0.7600876322115385 0.09791728365384615 0.8170301875000001 0.21348989182692307 0.8537576682692307 0.26799725 0.8573306177884615 0.33848743269230763 0.8332281826923077 0.3999607932692308 0.7827053677884616 0.4386882283653846 0.7079703990384616 0.43221081009615386 0.6017850096153846
2 0.621468108173077 0 0.5862482451923077 0.04290503365384615 0.5719876129807692 0.1154069375 0.6025207884615384 0.16049293509615387 0.6929706177884616 0.1850918485576923 0.6941594230769231 0.20043157692307692 0.6600623798076923 0.23761568028846153 0.6430142331730769 0.27758926442307696 0.6530965865384615 0.30596575 0.6838331586538462 0.27357720673076924 0.7099799038461538 0.2546919591346154 0.7177670552884615 0.2755658245192308 0.7181777596153847 0.32017776442307694 0.7570303870192308 0.3586068581730769 0.819734514423077 0.3706480528846154 0.855880875 0.34270826923076925 0.8710847620192308 0.3015419471153846 0.8800593221153845 0.2664836610576923 0.8707145625 0.2328825048076923 0.8199767283653846 0.18359977403846153 0.7968211514423077 0.1717931105769231 0.8010826514423077 0.1368545673076923 0.803007951923077 0.08995212740384616 0.8026796634615384 0.06851695913461539 0.7912855769230769 0.025671536057692308 0.7253107043269231 0.013037935096153846 0.6603935120192308 0.0024164110576923078 0.6456247620192308 0 0.621468108173077 0
10 0.47323848317307693 0.79113128125 0.4446730697115384 0.7748758509615384 0.43295209375 0.7818670504807692 0.4220511346153846 0.8068103173076923 0.4304124399038462 0.8473777499999999 0.48200994711538464 0.8478018894230769 0.5180334375 0.8207328461538462 0.5419668605769231 0.7890129567307693 0.5701623365384616 0.7508632259615384 0.5946282980769231 0.7058670480769231 0.5922498365384615 0.6324245096153847 0.5994617475961539 0.5765872187500001 0.5744613461538461 0.5350791874999999 0.554788875 0.5033518028846153 0.5573291298076923 0.46634984375 0.5484264879807692 0.43854386778846155 0.5236818533653846 0.4528265264423077 0.5279858629807692 0.49362100000000003 0.5426583461538461 0.5227485024038462 0.5608142259615385 0.5462097139423077 0.5749131129807693 0.5841523125 0.578437875 0.5972015336538461 0.5622919110576923 0.6640495721153846 0.5627026177884615 0.7086615096153845 0.5470886370192308 0.7337245649038462 0.48709066346153845 0.7880523052884616 0.47323848317307693 0.79113128125
6 0.5092556995192308 0.8238809350961538 0.49340264182692306 0.819375483173077 0.49065489903846154 0.7991394879807692 0.4720910456730769 0.7945070649038463 0.47553482932692304 0.8556514014423077 0.5476245264423076 0.8915005985576923 0.6372126802884615 0.8651775528846154 0.7033169831730769 0.8056126033653845 0.7219623822115384 0.7115558557692307 0.7246651899038461 0.6068724302884616 0.6904435120192307 0.5594011370192308 0.680266139423077 0.5551983125000001 0.6777806971153846 0.6063285072115385 0.6774726586538461 0.6153644831730769 0.6857318990384615 0.6307927067307693 0.6932740432692307 0.696171158653846 0.6699971826923077 0.7707614471153845 0.6357777596153846 0.8373250480769231 0.567951264423077 0.8520634783653847 0.5200419567307693 0.8397702475961538 0.5092556995192308 0.8238809350961538
6 0.6118375889423077 0.52694021875 0.5310194927884615 0.5386620889423077 0.4944230024038462 0.6030550048076923 0.47991731490384615 0.7200615168269231 0.49065489903846154 0.7991394879807692 0.4928284879807692 0.7996818870192308 0.5092556995192308 0.8238809350961538 0.5746723028846155 0.8424723725961538 0.6364323317307693 0.7804148677884615 0.674790670673077 0.6940378870192307 0.6774726586538461 0.6153644831730769 0.656309985576923 0.5758327139423077 0.6556080288461538 0.5590468317307692 0.6536469423076923 0.5442057115384615 0.6118375889423077 0.52694021875
0 0.5494248846153846 0.7456884735576923 0.5806115336538462 0.6768468293269231 0.5998316394230769 0.6309923413461539 0.6190101370192308 0.5521679326923077 0.6449099951923076 0.49774867548076923 0.6167959663461539 0.4965701730769231 0.6070016418269231 0.5279307740384616 0.57884803125 0.6133047379807692 0.5490952067307693 0.6529814254807692 0.5175400168269231 0.73868975 0.5127585889423076 0.8051810384615384 0.5254063269230769 0.8044159927884615 0.5494248846153846 0.7456884735576923
0 0.512518639423077 0.8085178149038461 0.5119678725961538 0.8161768245192308 0.5333202884615384 0.8312520264423077 0.5587702019230769 0.8077983245192308 0.512518639423077 0.8085178149038461
0 0.49897622115384616 0.8131602956730769 0.4798376923076923 0.83942840625 0.449920875 0.8755146658653847 0.3849218052884616 0.8702251706730769 0.34102818509615385 0.8247349471153846 0.3437247884615384 0.815405673076923 0.32000376442307693 0.8168405288461538 0.33533222115384614 0.8603296634615384 0.3736112932692308 0.9075738990384615 0.42729918509615383 0.9217035504807692 0.50729671875 0.8635208822115386 0.5168859975961538 0.8241086298076923 0.49897622115384616 0.8131602956730769