12 0.6395089278846153 0.4239417980769231 0.6480654759615384 0.4184854495192308 0.6589781754807693 0.3979828052884615 0.6659226201923077 0.3781415336538462 0.6693948413461539 0.36259920673076923 0.669642858173077 0.34804894230769234 0.668402778846154 0.3351521153846154 0.6654265865384615 0.3232473533653846 0.6592261899038461 0.30902777884615384 0.6521577379807693 0.2976190480769231 0.6432291658653846 0.28902116346153844 0.6283482139423077 0.27976190384615385 0.6199156754807693 0.2774470889423077 0.6080109134615385 0.2771164014423077 0.5911458341346154 0.28075396874999997 0.5767609134615385 0.2900132283653846 0.5672123004807692 0.3007605817307692 0.5605158725961539 0.31266534375 0.5538194447115384 0.329861110576923 0.5513392860576923 0.35003306971153847 0.5515873004807692 0.37251984134615385 0.5530753966346154 0.3867394182692308 0.5569196418269231 0.3925264543269231 0.5725446418269231 0.3882275144230769 0.5782490072115385 0.3882275144230769 0.584201389423077 0.39021163942307696 0.5865575408653846 0.39368386298076924 0.5875496033653846 0.39699074038461535 0.5868055552884616 0.4026124326923077 0.5807291658653846 0.4133597884615385 0.5765128966346154 0.4176587307692308 0.5739087307692308 0.4184854495192308 0.5745287692307692 0.4239417980769231 0.5829613100961539 0.4275793653846154 0.5866815480769231 0.4325396826923077 0.5936259927884615 0.4365079375 0.6030505961538462 0.438161375 0.6130952379807693 0.43799603125 0.6236359134615385 0.43617724759615384 0.6285962307692308 0.4338624326923077 0.6360367067307693 0.42857142788461544 0.6395089278846153 0.4239417980769231
15 0.5479910721153846 0.3273809519230769 0.5306299591346154 0.3303571418269231 0.52393353125 0.33267195673076927 0.5200892860576923 0.33647486778846153 0.5190972211538462 0.34044312259615384 0.5212053581730769 0.34325396875 0.5257936514423076 0.343088625 0.5517113100961539 0.3369708990384615 0.5530753966346154 0.3351521153846154 0.5530753966346154 0.32953042307692304 0.5479910721153846 0.3273809519230769
15 0.5177331346153846 0.5105820096153846 0.5158730168269231 0.5127314807692308 0.51612103125 0.5176917980769231 0.5182291658653846 0.5211640216346154 0.5508432548076923 0.5266203701923077 0.5527033725961539 0.5261243389423077 0.5545634927884615 0.5229828052884615 0.5536954374999999 0.5175264543269231 0.5177331346153846 0.5105820096153846
15 0.6024305552884616 0.5649801586538461 0.6000744038461538 0.5601851850961539 0.5961061514423076 0.5585317451923077 0.5947420625000001 0.5696097884615384 0.5947420625000001 0.6192129639423077 0.5957341274038461 0.6274801586538461 0.5967261899038461 0.6281415336538461 0.6001984134615385 0.6261574062499999 0.6024305552884616 0.6198743389423077 0.6031746033653846 0.5815145504807693 0.6024305552884616 0.5649801586538461
15 0.5890376995192308 0.6899801586538461 0.5890376995192308 0.6370701057692307 0.5885416658653846 0.6344246033653846 0.5855654759615384 0.6317791009615384 0.5844494038461538 0.6279761899038461 0.5820932548076923 0.6347552908653846 0.5815972211538462 0.6598875673076924 0.5818452379807693 0.6916335985576924 0.5835813485576924 0.6962632283653847 0.5835813485576924 0.7005621682692307 0.5845734134615385 0.701554233173077 0.5858134927884615 0.700892858173077 0.5865575408653846 0.6956018509615384 0.5885416658653846 0.6939484134615385 0.5890376995192308 0.6899801586538461
15 0.6014384927884615 0.7038690480769231 0.599826389423077 0.701058201923077 0.5979662692307692 0.7028769831730769 0.5964781754807692 0.7141203701923077 0.5959821418269231 0.7471891538461539 0.5964781754807692 0.7693452379807693 0.5974702379807693 0.7739748677884616 0.6004464278846154 0.7772817451923076 0.6041666658653846 0.7743055552884616 0.6049107139423077 0.7703373004807692 0.6046626995192308 0.7164351850961539 0.6014384927884615 0.7038690480769231
4 0.6483134927884616 0.5236441802884616 0.647197420673077 0.517195766826923 0.6434771826923077 0.5152116394230769 0.6236359134615385 0.5152116394230769 0.6169394831730769 0.5158730168269231 0.6143353173076923 0.5176917980769231 0.6140873004807692 0.5550595240384616 0.61669146875 0.5582010576923077 0.6252480168269231 0.5580357139423077 0.6437251995192308 0.5578703701923077 0.6468253966346154 0.5550595240384616 0.6478174591346153 0.5504298942307693 0.6483134927884616 0.5236441802884616
4 0.6476934519230769 0.5889550264423077 0.6454613100961539 0.5882936514423076 0.6233878966346154 0.5879629639423076 0.6161954375 0.5892857139423077 0.6145833341346154 0.5911044975961539 0.6140873004807692 0.5957341274038461 0.6153273798076924 0.628472221153846 0.6179315480769231 0.6302910048076923 0.6344246033653846 0.6311177259615385 0.6476934519230769 0.6306216923076923 0.6505456346153846 0.6281415336538461 0.6493055552884616 0.5911044975961539 0.6476934519230769 0.5889550264423077
4 0.6510416658653846 0.6744378317307693 0.6517857139423077 0.6638558197115384 0.6509176586538461 0.6626984134615385 0.6231398798076923 0.6626984134615385 0.6145833341346154 0.6641865072115384 0.6158234134615385 0.6658399471153846 0.6168154759615384 0.673445766826923 0.6168154759615384 0.6982473533653846 0.618427579326923 0.7066798942307693 0.6218998004807692 0.7080026466346154 0.6480654759615384 0.7078373004807692 0.6509176586538461 0.7066798942307693 0.6525297620192307 0.701884920673077 0.6520337307692308 0.6793981490384616 0.6510416658653846 0.6744378317307693
4 0.6486855168269231 0.736772485576923 0.6196676586538461 0.7354497355769231 0.6116071418269231 0.736607141826923 0.6117311514423076 0.7384259254807692 0.6142113100961539 0.7394179903846154 0.6158234134615385 0.7418981490384616 0.6165674591346153 0.7795965600961539 0.6179315480769231 0.78174603125 0.6196676586538461 0.7827380961538462 0.6483134927884616 0.7825727524038462 0.6507936514423077 0.7799272475961538 0.6510416658653846 0.7706679903846154 0.6500496033653846 0.7415674591346153 0.6486855168269231 0.736772485576923
14 0.5286458341346154 0.5710978846153846 0.521701389423077 0.5704365072115385 0.5166170625000001 0.5752314807692308 0.5178571418269231 0.5838293653846154 0.5194692451923077 0.5863095240384616 0.5345982139423077 0.5876322740384615 0.5425347211538462 0.5896164014423078 0.5457589278846154 0.59259259375 0.5493551586538461 0.5934193125 0.5567956346153846 0.5858134927884615 0.5489831346153846 0.5750661370192307 0.5348462307692308 0.5740740745192308 0.5286458341346154 0.5710978846153846
14 0.5652281754807692 0.6645171947115384 0.5606398798076924 0.6610449735576923 0.5566716274038461 0.659722221153846 0.5497271826923077 0.652777778846154 0.5452628966346154 0.6507936514423077 0.5412946418269231 0.6517857139423077 0.5336061514423076 0.6501322740384615 0.5291418653846154 0.6478174591346153 0.5241815480769231 0.6478174591346153 0.5177331346153846 0.6514550264423077 0.5100446418269231 0.6511243389423077 0.5084325408653846 0.652943122596154 0.5097966274038461 0.65608465625 0.5140128966346154 0.65707671875 0.5197172620192307 0.6630291009615384 0.5256696418269231 0.6666666658653846 0.5363343245192308 0.6679894182692308 0.5457589278846154 0.6716269831730769 0.5496031754807692 0.6714616394230769 0.55419146875 0.6689814807692307 0.5623759927884615 0.6676587307692308 0.5646081346153846 0.6663359783653846 0.5652281754807692 0.6645171947115384
14 0.5515873004807692 0.7270171947115384 0.5467509927884615 0.7218915336538461 0.5345982139423077 0.7232142860576923 0.5214533725961539 0.71957671875 0.5177331346153846 0.7215608461538461 0.5147569447115384 0.7261904759615384 0.5124007932692307 0.7270171947115384 0.5141369038461538 0.731977514423077 0.5202132932692307 0.7377645504807693 0.537326389423077 0.7380952379807693 0.5458829374999999 0.7415674591346153 0.5507192451923077 0.7400793653846154 0.5523313485576924 0.7379298942307693 0.5538194447115384 0.732308201923077 0.5515873004807692 0.7270171947115384
14 0.5765128966346154 0.8035714278846153 0.5807291658653846 0.794973545673077 0.5859375 0.7926587307692308 0.5875496033653846 0.7898478846153847 0.5804811514423076 0.7896825408653847 0.5730406754807692 0.7863756610576923 0.569072420673077 0.7867063485576923 0.5646081346153846 0.7903439158653847 0.5465029759615384 0.799272485576923 0.5416666658653846 0.8093584663461539 0.5384424591346154 0.8103505288461539 0.5425347211538462 0.8111772475961538 0.5462549591346154 0.8154761899038461 0.5535714278846154 0.8156415336538461 0.5606398798076924 0.8138227524038462 0.5665922620192307 0.8082010576923077 0.5727926586538461 0.8062169302884615 0.5765128966346154 0.8035714278846153
10 0.47011408653846154 0.4943783076923077 0.4883432548076923 0.4733796298076923 0.4903273798076923 0.46544312259615384 0.4862351201923077 0.45965608413461534 0.4825148798076923 0.4580026466346154 0.47805059615384615 0.4626322740384615 0.453125 0.4942129639423077 0.44990079326923077 0.5021494711538461 0.4451884927884615 0.5090939158653847 0.43625992067307695 0.5183531754807692 0.435763889423077 0.5282738100961539 0.4404761899038461 0.53125 0.44208829326923077 0.53075396875 0.4433283725961538 0.5277777788461538 0.45076884855769234 0.5211640216346154 0.47011408653846154 0.4943783076923077
10 0.552951389423077 0.4120370360576923 0.5571676586538461 0.4120370360576923 0.5653521826923077 0.4176587307692308 0.5765128966346154 0.4169973533653846 0.5845734134615385 0.40790343990384614 0.5873015865384615 0.39864418028846155 0.5865575408653846 0.39368386298076924 0.5849454374999999 0.39153439182692307 0.5799851201923076 0.38921957692307696 0.572048610576923 0.38921957692307696 0.5611359134615385 0.39186507932692305 0.5487351201923076 0.3994708990384615 0.5301339278846154 0.4133597884615385 0.5244295625000001 0.4196428581730769 0.5088045625000001 0.4325396826923077 0.49268353125 0.4490740745192308 0.4920634927884615 0.44990079326923077 0.4930555552884615 0.4551917980769231 0.49541170673076923 0.4580026466346154 0.49851190384615385 0.45916005288461537 0.506572420673077 0.45304232692307694 0.5326140865384615 0.42824074038461535 0.5460069447115384 0.41865079326923077 0.552951389423077 0.4120370360576923
3 0.48958331730769233 0.2746913581730769 0.4908250168269231 0.8454486850961539 0.777153108173077 0.8401560913461539 0.7566539254807693 0.2641511610576923 0.48958331730769233 0.2746913581730769
1 0.2276411826923077 0.28620341826923074 0.22036726682692306 0.28532132451923076 0.22102852163461537 0.2897317764423077 0.2111095360576923 0.7351874014423078 0.4762771370192308 0.7316590264423077 0.4703257355769231 0.27385415625 0.2276411826923077 0.28620341826923074
0 0.26599462259615386 0.3400109278846154 0.19788421634615386 0.4026393245192308 0.15754700961538462 0.4546826658653846 0.13837028846153848 0.5252498870192308 0.13837028846153848 0.6231618942307692 0.17407865625 0.7140172211538461 0.22301234134615383 0.7660605600961539 0.31294448798076924 0.8154576033653846 0.4246984302884615 0.8066366995192307 0.45445539423076925 0.7828202211538462 0.502066516826923 0.7219560456730769 0.5080179182692308 0.6531529783653846 0.4947926033653846 0.5878782836538462 0.4650356370192308 0.550830485576923 0.4392462596153846 0.5393633173076923 0.3823774038461538 0.5622976850961539 0.3512978798076923 0.6064021995192308 0.3235247331730769 0.6522709014423077 0.3050092668269231 0.6928470408653846 0.3010416826923077 0.7104888461538461 0.29046143990384615 0.6487425264423077 0.2507854879807692 0.5772931947115384 0.22631867067307693 0.5622976850961539 0.19193281490384614 0.5199573245192307 0.18069131490384616 0.5164289855769231 0.19259406971153847 0.5596513870192308 0.2335925841346154 0.5861140961538461 0.26797838942307695 0.63639325 0.28913892788461537 0.6699127067307693 0.29442902403846155 0.7316590264423077 0.30897690384615384 0.7351874014423078 0.32154091586538464 0.6849082139423076 0.35724928125 0.6196335528846154 0.3922963918269231 0.5799394903846153 0.43990751442307696 0.5552409375 0.4663581490384615 0.5702364783653846 0.4961151129807692 0.6266902692307692 0.4987601875 0.6681484855769231 0.4835510528846154 0.7298948052884615 0.4537940889423077 0.7660605600961539 0.4121343677884616 0.7898769711538461 0.36055561057692304 0.8004620288461539 0.28318752403846154 0.791641125 0.2289636923076923 0.7581217355769231 0.1952391442307692 0.7131351442307692 0.16349841346153846 0.6531529783653846 0.14696674038461538 0.594935 0.15291811778846154 0.5190752475961539 0.17540116826923077 0.46085730288461535 0.22631867067307693 0.39646468509615385 0.3076543413461538 0.3241333269230769 0.36981334375 0.2959063966346154 0.42337586778846154 0.28884971634615386 0.4683419663461538 0.28884971634615386 0.47966268269230766 0.2768959447115385 0.45710041826923076 0.2703257836538462 0.40089281971153845 0.2782646081730769 0.3050092668269231 0.31178403365384616 0.26599462259615386 0.3400109278846154
6 0.3704745985576923 0.28884971634615386 0.4207307956730769 0.2518018846153846 0.4663581490384615 0.22798545673076923 0.5192594182692308 0.27561836057692307 0.5267856995192308 0.2735890673076923 0.4961151129807692 0.22710336298076922 0.4643743822115385 0.2121078221153846 0.40353789182692307 0.24298098076923078 0.3519591850961538 0.28620341826923074 0.29376776923076925 0.3214870288461539 0.2932981826923077 0.32189953605769234 0.3237176466346154 0.33267799278846155 0.3704745985576923 0.28884971634615386
6 0.10861332451923077 0.46791401923076925 0.11654852163461538 0.5393633173076923 0.142337875 0.5720007331730769 0.1687885096153846 0.5887603942307693 0.17936875240384614 0.5499484759615385 0.17606242307692307 0.5384812403846154 0.16680474278846152 0.5437737692307693 0.16415966826923079 0.5702364783653846 0.13175762980769232 0.5428916923076923 0.11919356971153847 0.49173046394230774 0.12514497115384615 0.43351248557692307 0.1555631923076923 0.37705872596153844 0.20912571634615384 0.3347183822115385 0.25673688942307693 0.33119000961538464 0.2781314807692308 0.33522271875 0.2932981826923077 0.32189953605769234 0.28715511057692306 0.319722875 0.21573837499999998 0.3170765769230769 0.1562244471153846 0.3576527331730769 0.12779001923076924 0.4026393245192308 0.10861332451923077 0.46791401923076925
6 0.1873039735576923 0.5234856995192307 0.2276411826923077 0.5464200336538462 0.28649385336538463 0.5772931947115384 0.3453465264423077 0.5922887355769231 0.4379237475961538 0.594935 0.49280878365384617 0.5746469302884616 0.5192594182692308 0.5437737692307693 0.5119855048076923 0.48026326201923075 0.4762771370192308 0.4211632403846154 0.4174244663461538 0.3779408028846154 0.3294761346153846 0.3347183822115385 0.3237176466346154 0.33267799278846155 0.32154091586538464 0.3347183822115385 0.3088067716346154 0.34100476682692304 0.2781314807692308 0.33522271875 0.26665587740384616 0.34530345673076923 0.22367359615384613 0.3752945408653846 0.17077232692307692 0.3982288725961538 0.16614343509615384 0.4493901033653846 0.1873039735576923 0.5234856995192307