3 1 0.4799715168269231 0.8673878677884616 0.10029633413461539 0.50811115625 0.17739760576923078 0.7157771442307692 0.938417 1 0.8751186706730769 1 0.4799715168269231
1 0.6550880432692308 0.8014121201923078 0.4817614230769231 0.1775082932692308 0.1220721514423077 0.251410125 0.24166866346153848 0.8736254591346154 0.6550880432692308 0.8014121201923078
0 0.39331472115384614 0.3313379615384615 0.45064982451923075 0.2904591706730769 0.5035948918269231 0.2288534903846154 0.5344608942307693 0.1772869230769231 0.5151524326923077 0.1452555096153846 0.4655189302884616 0.17189287259615385 0.4200962572115384 0.20305946875 0.32142984374999994 0.2688356778846154 0.2835260600961539 0.31105375 0.22203659134615383 0.39429311057692307 0.148818 0.47226960817307695 0.1573910144230769 0.5179307427884615 0.16649966586538462 0.5141669423076923 0.19868610096153846 0.4984017620192308 0.24904304086538462 0.4535736826923077 0.26739263701923077 0.4407084326923077 0.3581783846153846 0.37297609615384614 0.39331472115384614 0.3313379615384615
0 0.16283736298076923 0.5643812908653846 0.16244867307692307 0.5625286730769231 0.1314329591346154 0.5286569182692308 0.13106478365384616 0.5288090528846154 0.1061584375 0.5340289375 0.09610726442307692 0.5165107980769231 0.04638203605769231 0.53014909375 0.047649754807692304 0.5446391995192308 0.1605686971153846 0.9393279783653846 0.18433018028846154 0.9559948557692307 0.2417811466346154 0.9674050889423077 0.2261027139423077 0.8838994206730769 0.19745047115384617 0.8883045048076923 0.15527974759615384 0.8791036033653847 0.07685538461538462 0.6015030552884615 0.09111361538461539 0.5949069831730769 0.10495045192307692 0.5920070504807693 0.12017095192307692 0.5888171322115384 0.15175691105769232 0.5605505096153846 0.16283736298076923 0.5643812908653846
6 0.056001461538461535 0.3461111802884615 0.05606458173076923 0.31001982932692307 0.06930433413461538 0.2531278846153846 0.08711654807692308 0.1916697091346154 0.12496059855769232 0.14405241826923076 0.1665939567307692 0.10466045913461539 0.23054542548076923 0.07682624278846154 0.26874775 0.06160416346153846 0.31885888461538464 0.0781604375 0.32458090384615385 0.0808091875 0.36458012500000003 0.07398993269230769 0.42324834134615386 0.061694216346153845 0.41848406009615385 0.05728094471153847 0.3761342427884615 0.03188239423076923 0.31234627884615385 0.02398059375 0.2556152740384615 0.03587030528846154 0.1753615841346154 0.052689915865384615 0.12278167067307691 0.06370963942307692 0.09326218509615385 0.07853954086538462 0.03159351923076923 0.14558127884615385 0.015431579326923076 0.17638376923076923 0.04560759615384616 0.5212971995192308 0.051653992788461535 0.5382363557692308 0.06205967788461538 0.5595062908653846 0.09995656730769231 0.6002693221153846 0.13424660576923075 0.6075140360576923 0.1491054326923077 0.6134194471153847 0.14970784375 0.5801723076923077 0.1149417451923077 0.5339920048076923 0.09665877403846154 0.46927533894230766 0.07488492067307692 0.4233293533653846 0.07542026442307692 0.4098680697115385 0.069473125 0.3937971418269231 0.056001461538461535 0.3461111802884615
6 0.09324839663461539 0.24450177884615384 0.08716938461538462 0.28005003125 0.07850204807692308 0.33237596394230773 0.07542026442307692 0.4098680697115385 0.09425311778846154 0.4607599879807692 0.12108049278846153 0.5038429735576924 0.15025377884615385 0.5500420576923077 0.14970784375 0.5801723076923077 0.15482278365384616 0.5869665552884615 0.2501143774038461 0.5922499399038462 0.34143747355769233 0.5731103990384615 0.42379826923076924 0.5378101225961539 0.4859480793269231 0.47247149519230774 0.5337799110576923 0.40832968990384616 0.5511143966346154 0.3036779302884615 0.5271209735576923 0.18243305048076924 0.5040577139423077 0.1417248028846154 0.45722034375000004 0.13214223076923076 0.40437415625 0.129702875 0.3778726850961539 0.10547821153846154 0.32458090384615385 0.0808091875 0.3184374783653846 0.08185654807692308 0.2561717163461539 0.09490623557692308 0.20124578124999998 0.10280985096153847 0.14156475961538462 0.14057250961538462 0.12297295192307692 0.17333149759615385 0.09324839663461539 0.24450177884615384
4 0.7690418461538461 0.31035777884615384 0.7638395336538462 0.29972609615384616 0.7598913749999999 0.29807390384615384 0.7294305168269232 0.3031053701923077 0.7211418028846153 0.3061950576923077 0.7210268125 0.31681402884615384 0.7345557548076923 0.35951403365384615 0.7405797836538461 0.3607311682692308 0.7691831153846154 0.3549618894230769 0.7771184711538462 0.3512699903846154 0.7786764374999999 0.3457587475961538 0.7755647572115384 0.33604144471153846 0.7758664423076923 0.3319206033653846 0.7690418461538461 0.31035777884615384
4 0.7947327139423077 0.3870273798076923 0.7919427379807692 0.3855832956730769 0.7657538677884616 0.3901702860576923 0.7534188990384615 0.39320630048076927 0.7511320600961539 0.3954889567307692 0.7505360745192308 0.40440535576923076 0.7645312475961539 0.4474584951923077 0.7777153365384616 0.44807670673076927 0.8083945432692308 0.44187236778846156 0.8111328389423077 0.43859340144230774 0.8108628100961539 0.4350432283653846 0.7995742812500001 0.39638212980769233 0.7975448341346154 0.390495625 0.7947327139423077 0.3870273798076923
9 0.8400144639423076 0.5427721346153846 0.8490563221153846 0.534565295673077 0.8536837980769231 0.5243531346153846 0.8529792043269231 0.5127788149038461 0.8505890120192308 0.5056153774038461 0.8417919038461539 0.49393371394230773 0.8336477091346153 0.4891033149038462 0.8258864086538461 0.4875740120192308 0.8044062211538462 0.4893707644230769 0.7956955769230769 0.4961556490384615 0.7909478509615385 0.5059421682692308 0.7899225576923077 0.5178790360576924 0.7943274326923077 0.5295795384615385 0.8005676778846154 0.5399936923076922 0.8095536057692307 0.5478035985576923 0.8128024254807692 0.5489260913461538 0.8256110072115385 0.5469179302884615 0.8400144639423076 0.5427721346153846
15 0.69778996875 0.5595050889423077 0.6670379375 0.590746625 0.6688785697115385 0.6005048918269231 0.6766251033653846 0.60068475 0.7055491418269231 0.5714042908653846 0.706957329326923 0.562768514423077 0.7019417067307692 0.55863496875 0.69778996875 0.5595050889423077
15 0.7051095600961539 0.40445811057692305 0.7082012187500001 0.4017813533653846 0.7080440576923077 0.39798210096153847 0.6898571033653845 0.3310109711538462 0.6876388389423076 0.32899622115384614 0.6832466009615386 0.32901505769230766 0.67980896875 0.3317643269230769 0.6958609903846154 0.39377275 0.7004915937499999 0.40497510096153844 0.7051095600961539 0.40445811057692305
15 0.7385089230769231 0.5200882668269231 0.7421649086538462 0.5161661225961539 0.7417746346153845 0.5121903052884615 0.7263364903846153 0.46402943750000003 0.7236372331730769 0.46031211538461536 0.7169286346153847 0.4599147235576923 0.7158516586538461 0.4671285432692308 0.7313952836538462 0.5143656153846154 0.7339964399038461 0.5196814543269231 0.7385089230769231 0.5200882668269231
10 0.6946416201923077 0.3985367644230769 0.6834564423076923 0.3693217620192308 0.6806295600961538 0.3645040769230769 0.6765759158653846 0.3637756802884615 0.6728070673076924 0.3679469014423077 0.673091860576923 0.3728465144230769 0.6763849759615385 0.37801733653846153 0.6867727091346154 0.40830115625 0.71908771875 0.5304704134615384 0.7216519591346154 0.5324126466346154 0.7254651033653846 0.5322897524038461 0.7279850528846155 0.5301836634615384 0.7290767932692308 0.5243192836538462 0.7005189975961539 0.4180438798076923 0.6946416201923077 0.3985367644230769
14 0.6000410048076923 0.2991145408653846 0.584126 0.3024500144230769 0.5678207235576923 0.30180967067307696 0.5639094807692308 0.3035310841346154 0.5589212596153846 0.31246631490384613 0.5609359423076923 0.31700337740384615 0.5697868557692307 0.3230381971153846 0.5925159447115385 0.3191763149038461 0.6025862283653847 0.3204471225961539 0.607182048076923 0.31790596875 0.6116207043269231 0.3115655649038462 0.6117040384615385 0.3086176033653846 0.6069067668269231 0.30331118028846155 0.6000410048076923 0.2991145408653846