3 0.4637272764423077 0.1812053653846154 0.5960568076923077 0.9343921706730769 0.9456558293269232 0.8422112091346154 0.9611672355769231 0.6001590745192308 0.8309517860576924 0.08721981730769232 0.4637272764423077 0.1812053653846154
1 0.5489110697115385 0.7998805625000001 0.43734472115384615 0.18254110336538462 0.07002476201923077 0.27333873557692306 0.12798400240384616 0.8914831442307692 0.5489110697115385 0.7998805625000001
0 0.33356168509615386 0.34084986057692307 0.3950003149038462 0.29720825 0.4541018028846154 0.2329942379807692 0.4901098365384616 0.1798696298076923 0.4739635384615385 0.14865910336538463 0.4216459326923077 0.17766723557692307 0.37309325000000004 0.2110197019230769 0.26781872115384614 0.2815394375 0.2256946298076923 0.3256203197115385 0.1558951610576923 0.41191691586538465 0.07487903125 0.4934832524038461 0.07892863942307692 0.5388551033653847 0.08841828846153846 0.5346589110576923 0.122195625 0.5173599375 0.17704216105769233 0.4700839567307692 0.19668345913461538 0.45633501201923077 0.294264875 0.38422078605769233 0.33356168509615386 0.34084986057692307
0 0 0.7480952932692309 0.04029779086538462 0.9611124879807692 0.06242527884615385 0.9767147451923077 0.11879173557692307 0.9854818365384616 0.11138576442307692 0.9025052139423076 0.08227270192307692 0.9082526418269231 0.04097993990384615 0.9009899134615384 0 0.6800906923076924 0 0.7480952932692309
0 0 0.6215131466346153 0.0049587019230769224 0.6190961466346153 0.019094735576923077 0.6155461177884616 0.03464435817307692 0.6116410889423076 0.06906112019230769 0.5818386875 0.0797706658653846 0.5851635889423077 0.07956547115384614 0.5833246057692307 0.05188481490384615 0.5508135120192308 0.05150123798076923 0.5509831225961539 0.026056329326923075 0.5573731899038461 0.017734983173076924 0.5402803509615385 0 0.5458250841346154 0 0.6215131466346153
6 0 0.3295045913461539 0.01704277403846154 0.27751335576923075 0.04096765144230769 0.21508024278846155 0.08356766826923077 0.16559000240384616 0.1291440144230769 0.12416863221153845 0.1959102139423077 0.09329525480769231 0.23565453846153844 0.07626105288461539 0.2841644855769231 0.09052766346153847 0.2896284399038462 0.0929167764423077 0.3303374206730769 0.08422197115384616 0.3902742524038461 0.06916983653846154 0.38594390384615385 0.06496746153846154 0.3460790384615385 0.041476665865384614 0.2830222259615385 0.03652095432692308 0.22506449759615382 0.051076069711538455 0.14307544471153846 0.07166625240384615 0.08935856971153845 0.0851563485576923 0.058343189903846154 0.10139384375 0 0.16118501442307692 0 0.3295045913461539
6 0.04186256490384615 0.26775365144230767 0.032251406249999996 0.30366948798076926 0.01838508894230769 0.35652344471153846 0.007611961538461539 0.4343441346153846 0.021410913461538464 0.48448238221153844 0.04398581730769231 0.5264214230769231 0.06859939423076923 0.57137496875 0.0650634735576923 0.6016026586538461 0.06950852644230769 0.6081754038461539 0.16435488221153843 0.6090420889423077 0.25765269951923075 0.5856118990384616 0.34358426682692306 0.5463989014423076 0.4122685072115385 0.4780151610576923 0.46650415384615385 0.4114966370192308 0.49423658894230765 0.3057888389423077 0.48225323317307695 0.18536924278846156 0.4632099399038462 0.1456356514423077 0.4172845336538461 0.1382072548076923 0.36463658413461536 0.1382184567307692 0.3405167235576923 0.11516769711538462 0.2896284399038462 0.0929167764423077 0.2833760048076923 0.09425219951923076 0.2197638389423077 0.11022733173076923 0.16400818028846154 0.12070291346153847 0.10053086778846154 0.1613299783653846 0.07867329567307692 0.19503149759615385 0.04186256490384615 0.26775365144230767
4 0.7116818870192307 0.3023549783653846 0.7075301418269231 0.2919396802884615 0.703742641826923 0.2904670528846154 0.6727573149038462 0.29692643028846155 0.6641551706730768 0.30040878605769233 0.6629864639423076 0.3110585 0.6722899134615384 0.35323177884615387 0.678198170673077 0.35417181490384614 0.7073976418269231 0.3470591995192308 0.7157058870192308 0.3429896201923077 0.7178119711538462 0.33739277644230764 0.7156618653846153 0.3277968701923077 0.716372670673077 0.3236521514423077 0.7116818870192307 0.3023549783653846
4 0.7297868677884616 0.3780137884615385 0.7271378629807692 0.37669593509615384 0.7004721610576923 0.3825112019230769 0.6878257355769232 0.3861278317307692 0.6853105168269231 0.3885222451923077 0.6838293509615384 0.39748766826923077 0.6935643774038461 0.4399932572115385 0.7066980528846153 0.44000012740384614 0.7380182836538461 0.4323549182692308 0.7410841899038462 0.4289408269230769 0.7411661875 0.42539471634615383 0.7337042692307693 0.3871658653846154 0.7322571995192307 0.38135961298076926 0.7297868677884616 0.3780137884615385
9 0.759653108173077 0.53202625 0.7695167451923077 0.5233795 0.7751613100961539 0.5129278221153846 0.7756045384615384 0.5013585697115385 0.773923125 0.4942891009615385 0.7662777812499999 0.4829884038461539 0.7586061129807693 0.47852500961538463 0.7509901153846154 0.4773528100961538 0.7293138509615384 0.4801523028846154 0.7199227884615385 0.48735830288461535 0.7142001081730769 0.49738891105769234 0.7119895817307692 0.5094019855769231 0.7152371802884615 0.5209257235576923 0.7204493028846154 0.5310747259615385 0.7286677764423076 0.5384856298076923 0.7318079158653846 0.5394597956730769 0.7448263629807692 0.5368514639423076 0.759653108173077 0.53202625
15 0.6156504807692307 0.5554100961538462 0.5817731658653846 0.588155766826923 0.5826471033653846 0.5978518149038462 0.5903822163461538 0.59767203125 0.6222354447115385 0.56697709375 0.6245016418269231 0.5582552091346155 0.6198919951923076 0.5543449110576923 0.6156504807692307 0.5554100961538462
15 0.6383599471153846 0.3996520625 0.6417197572115385 0.3968251971153846 0.6419394302884616 0.39302416346153846 0.630382298076923 0.32673822355769233 0.6283620985576923 0.3248217644230769 0.6239643533653846 0.3250448052884615 0.6202510841346154 0.32796043750000003 0.6301639182692308 0.3893710384615385 0.633686858173077 0.40038493990384616 0.6383599471153846 0.3996520625
15 0.6603141370192307 0.5140063028846154 0.6643623052884616 0.5099048413461539 0.6643661899038461 0.5059376586538462 0.6536937860576923 0.4583791971153846 0.6513611274038461 0.4547784519230769 0.6446863942307692 0.45469193750000003 0.6428927692307693 0.46197307211538463 0.6537624038461539 0.5086006225961538 0.6558382740384616 0.5138082692307692 0.6603141370192307 0.5140063028846154
10 0.6284708485576923 0.394203125 0.620175125 0.36543815865384616 0.6178239086538462 0.36074035096153845 0.6138391778846154 0.36019863221153847 0.6096533389423077 0.3645550120192308 0.6094522235576924 0.36945310817307697 0.6122350144230769 0.37448322596153844 0.6196265889423077 0.40435663221153845 0.6398467115384616 0.525316014423077 0.6422203701923077 0.527143704326923 0.6460488701923077 0.5268432740384615 0.6487798725961539 0.5246150144230769 0.6504543822115385 0.5186858653846154 0.6324175961538461 0.41348370192307693 0.6284708485576923 0.394203125
14 0.5436565288461538 0.2989403317307692 0.5273973870192308 0.30302354326923076 0.5111421274038461 0.30313956971153844 0.5070568461538462 0.3050469014423077 0.5011779350961538 0.3142353653846154 0.5027441201923077 0.3186896346153846 0.51100359375 0.3243274783653846 0.5341346947115384 0.3193998677884615 0.5440872379807693 0.32020562740384617 0.548939 0.31744477644230773 0.5540104326923078 0.3108828894230769 0.5543863341346154 0.30792400240384615 0.5501115889423077 0.30282787499999997 0.5436565288461538 0.2989403317307692