3 0.6542167524038462 0.5955150889423076 0.6945281634615385 0.3006723846153846 0.38408530769230764 0.26803684375 0.33983340384615385 0.5316170240384616 0.6542167524038462 0.5955150889423076
1 0.5402613269230769 0.8787052860576924 0.5867111201923076 0.5962703653846154 0.34089654807692304 0.5490771274038462 0.2949601706730769 0.8098111658653846 0.5402613269230769 0.8787052860576924
5 0.5666349086538461 0.45270409134615386 0.5358173725961538 0.4680020528846154 0.5254159663461538 0.6258578605769232 0.4951059230769231 0.7547858677884616 0.48119759375000004 0.8440689423076922 0.5617985625 0.9379494326923077 0.6276388990384615 0.975564170673077 0.7485855961538461 0.9762683942307693 0.8095519350961538 0.9586567451923076 0.8655700192307693 0.868462514423077 0.9031679711538462 0.7549800600961538 0.9022821346153846 0.6548003076923077 0.8596178798076923 0.5795873197115384 0.771556670673077 0.6250438197115386 0.7172642548076923 0.7808093677884614 0.6840961105769231 0.8814126490384615 0.5928095552884616 0.8838264711538462 0.5646441875 0.7861169110576923 0.6022036322115384 0.645940641826923 0.5965208942307693 0.5439220913461539 0.6010560625 0.4669984350961538 0.5666349086538461 0.45270409134615386
2 0.39803459375 0.24147903365384618 0.34541173798076924 0.18390195192307693 0.4256045072115385 0.20033918509615384 0.47199761778846155 0.1878680096153846 0.5153048413461538 0.055609600961538455 0.43671352163461535 0.030537983173076926 0.3192711899038461 0.022325615384615385 0.30149692548076923 0.029822713942307694 0.27202411538461535 0.0881108076923077 0.23277506490384617 0.15337807932692307 0.17554761057692309 0.22743130048076926 0.17566298076923076 0.3075127331730769 0.2003463076923077 0.35548021153846154 0.2536241826923077 0.35307418028846155 0.3351653557692308 0.2762389783653846 0.34867803125 0.2896699278846154 0.39075425240384615 0.33412787259615384 0.40466756009615384 0.3169076610576923 0.39803459375 0.24147903365384618
13 0.43441570192307694 0.4555077379807692 0.4366183918269231 0.4615759903846154 0.44507003125 0.46880145432692305 0.4516715048076923 0.4701624927884615 0.4567254350961539 0.46969321153846155 0.45905118990384614 0.4712718100961538 0.4635874326923077 0.4675796201923077 0.46845736298076923 0.45975344471153845 0.4713041658653846 0.4543827860576923 0.47185292067307694 0.44943759615384615 0.4682401418269231 0.44255406009615383 0.4597153341346154 0.4359879543269231 0.4510763389423077 0.43157775721153846 0.4416690841346154 0.43409082451923076 0.4369499254807692 0.43943141586538464 0.43477158173076924 0.4455393918269231 0.43441570192307694 0.4555077379807692
7 0.6124129567307692 0.41668673076923074 0.6065808173076923 0.41740772355769235 0.5438307764423077 0.40931021394230765 0.5411802091346154 0.40953186057692303 0.5398576802884615 0.4135618942307693 0.5336806947115385 0.4399280769230769 0.5352969711538461 0.4422659038461539 0.5403420216346154 0.4441303677884615 0.6077158629807692 0.45338100961538463 0.6130592259615384 0.42325841105769235 0.6133241875000001 0.41861691346153845 0.6124129567307692 0.41668673076923074
10 0.6934785216346153 0.4580610456730769 0.6948864495192308 0.4408657427884615 0.6929243725961538 0.41797976201923076 0.6803912139423077 0.3506242043269231 0.6750214735576924 0.3133719254807692 0.6743208677884615 0.3117974134615385 0.6706537596153846 0.30991104086538457 0.6676052067307693 0.3125922860576923 0.6698599495192308 0.33284083413461535 0.6830161105769231 0.4035971370192308 0.6838596899038462 0.4140251033653846 0.6864337307692308 0.42463498317307696 0.6873970144230769 0.4407454591346154 0.6867484663461538 0.45335124278846156 0.683014783653846 0.46896794471153846 0.6709779495192307 0.49405106009615385 0.6548394375 0.5200370817307692 0.6339130408653847 0.5508561778846154 0.6328332836538462 0.5560790721153845 0.6348065168269231 0.5574538485576923 0.6373517716346153 0.5570543701923077 0.641787139423077 0.5520174735576924 0.6569922307692307 0.5299356274038461 0.6617978701923076 0.5204350673076923 0.6780006706730769 0.49612343028846156 0.686541076923077 0.4800114615384615 0.6934785216346153 0.4580610456730769
10 0.6398640528846153 0.47243630048076923 0.6443493173076923 0.46356911057692307 0.6502158846153846 0.4445078485576923 0.6529241514423076 0.42911686778846153 0.654743375 0.40596134615384616 0.6539143125 0.3638500120192308 0.6523745673076923 0.3506806610576923 0.6473916490384616 0.3324799879807693 0.6457332740384616 0.32263341826923075 0.6447444399038461 0.32252946634615387 0.6418832451923078 0.3223954471153846 0.640249216346154 0.32472510576923075 0.6407535889423077 0.3314486322115385 0.6444173413461538 0.3435071682692307 0.6466987139423076 0.3567544855769231 0.64826940625 0.39894378846153844 0.6470909350961538 0.4208325673076923 0.643468076923077 0.44446552884615387 0.6402831466346155 0.4551370408653846 0.6324522259615384 0.4704897860576923 0.6294768413461539 0.47251167307692304 0.6217036153846155 0.47269508413461536 0.6047925336538461 0.4695831923076923 0.6026918004807692 0.47386494230769227 0.6049399471153847 0.47726976923076925 0.6080439110576923 0.4785966514423077 0.6252753677884615 0.4810751730769231 0.6322060937499999 0.4794690961538462 0.6362434807692308 0.47689179807692306 0.6398640528846153 0.47243630048076923
15 0.41399259615384615 0.4840450673076923 0.4110537956730769 0.48573727403846156 0.4097634158653846 0.4906045024038462 0.411568125 0.49913235336538464 0.41429953365384614 0.5241003653846155 0.41555884615384614 0.5274012403846154 0.41742676682692303 0.5285981802884615 0.41927141586538463 0.5266241875 0.4202048389423077 0.5227200120192308 0.4161908485576923 0.49128018990384614 0.41399259615384615 0.4840450673076923
15 0.37827024759615385 0.5129752043269231 0.3827621057692308 0.520951733173077 0.3845701754807692 0.5193074158653845 0.38487171875000004 0.5143362403846153 0.3794376875 0.47540957692307695 0.3750710504807693 0.4809539831730769 0.3749801274038462 0.4862808317307692 0.3772337932692308 0.49752408173076923 0.37827024759615385 0.5129752043269231
15 0.5466161490384616 0.5408452139423077 0.5495593894230769 0.5379861346153846 0.5521312716346154 0.530585423076923 0.5545734999999999 0.5108306490384615 0.5550114230769231 0.49786920192307693 0.5443946298076923 0.53043915625 0.5430222067307692 0.5382994831730769 0.5446384807692307 0.5406373100961539 0.5466161490384616 0.5408452139423077
4 0.3825884375 0.4087022259615385 0.38080363701923076 0.4135174783653846 0.38046551201923073 0.4188183389423077 0.38141332451923077 0.4204188389423077 0.38786846153846155 0.42309859134615385 0.40047611778846154 0.42442398076923077 0.40475627403846154 0.42303954567307694 0.40881813221153845 0.39545043269230773 0.40032103124999996 0.3908883894230769 0.3969931274038461 0.3927064543269231 0.3929734927884615 0.3906162620192308 0.39109669471153846 0.3917530625 0.38488432692307695 0.39026617067307695 0.3838866153846154 0.39249596153846156 0.3825884375 0.4087022259615385
4 0.4230364182692308 0.4284632764423077 0.44030889663461537 0.4294452451923077 0.4449106322115384 0.39924468509615385 0.4397325600961538 0.39519831971153846 0.43591911298076924 0.39463066346153847 0.42001569951923073 0.39596053365384615 0.4162376322115385 0.42324595913461543 0.41686507451923077 0.4254798317307692 0.4230364182692308 0.4284632764423077
14 0.44036588701923074 0.2937064591346154 0.4405111442307692 0.28338244711538463 0.43642721874999996 0.27961787019230766 0.4323166658653846 0.28285452403846156 0.43047753125 0.2926669375 0.43236428125 0.29820168990384616 0.4333364423076923 0.3119784230769231 0.4366743028846154 0.3168319110576923 0.43840476442307696 0.3170138269230769 0.4411373774038462 0.3137990793269231 0.44233576201923075 0.3052534014423077 0.44036588701923074 0.2937064591346154
14 0.40739605769230774 0.3327649519230769 0.41150217307692305 0.3306951706730769 0.41411951923076923 0.3206310408653846 0.41516053365384614 0.2977272307692308 0.41176281971153844 0.29003249038461537 0.4064716370192307 0.29714733173076924 0.4048154206730769 0.3053113509615385 0.4042499927884616 0.3239293245192308 0.40739605769230774 0.3327649519230769
15 0.47882421153846155 0.5316062067307692 0.4778582451923077 0.5004762596153847 0.4740268197115384 0.5169770120192307 0.4743212067307692 0.5383597884615384 0.47498036057692306 0.5384290817307693 0.47882421153846155 0.5316062067307692
15 0.5611993894230769 0.5065685913461538 0.559793423076923 0.5456769110576923 0.570427 0.5075386514423077 0.5611993894230769 0.5065685913461538
10 0.5398323004807692 0.40468058653846156 0.5399778100961539 0.3913509975961539 0.5254293461538462 0.40227675 0.5110520504807693 0.41766889663461537 0.4969212788461539 0.46689391826923077 0.48911114182692306 0.4892040240384615 0.49719340384615385 0.5185227716346155 0.4975374543269231 0.5514762908653846 0.5040660649038462 0.5520477908653846 0.5047364110576923 0.5166467331730769 0.5011703966346154 0.4886923701923077 0.5091020456730769 0.45927784134615385 0.5135430072115384 0.4312756418269231 0.5205724158653846 0.4160007620192308 0.5398323004807692 0.40468058653846156
10 0.47789059375000004 0.61435603125 0.4946612091346154 0.6134500504807693 0.5123596899038462 0.6162002956730769 0.5258342740384616 0.6188177379807692 0.5056213533653846 0.6048160096153846 0.4787928461538461 0.6002163173076923 0.44034340625 0.5801604375 0.3945444014423077 0.5362007740384616 0.3713761322115384 0.5106340745192308 0.36939713701923077 0.4864052331730769 0.37552265865384615 0.4612490961538462 0.39429457211538466 0.4543259158653846 0.41421524519230773 0.46709597355769233 0.4305236033653846 0.48838290625 0.43706509374999997 0.47750495673076926 0.4133113221153846 0.45721464423076924 0.3884841081730769 0.44659779086538465 0.36876028365384617 0.45608990144230765 0.35733788701923075 0.4869168197115385 0.3715233221153846 0.5213254615384615 0.39608344951923075 0.5523764567307692 0.42498858653846155 0.5803255721153846 0.4492302860576923 0.5962188846153846 0.47789059375000004 0.61435603125
10 0.29851052403846157 0.5483466129807693 0.3154780384615385 0.5697028389423078 0.3518028701923077 0.5788594903846154 0.39376709134615384 0.5912779230769231 0.44275880769230774 0.601190358173077 0.43739019711538457 0.5887465673076924 0.4214738629807692 0.5879629975961538 0.39549962259615384 0.5816738197115384 0.3578564855769231 0.572378579326923 0.3285131346153846 0.5603972524038462 0.2978018605769231 0.5367065576923077 0.2849346346153846 0.5024364903846154 0.2860303701923077 0.46251702884615387 0.32098564903846155 0.4359433485576923 0.35550445432692307 0.4493583990384616 0.38065003365384614 0.47513299759615385 0.39632322596153846 0.49012553846153845 0.3980797524038462 0.47429630528846156 0.36607426201923077 0.44424193749999996 0.33467990384615387 0.4267069831730769 0.29745277403846154 0.43169004326923077 0.27853529807692307 0.4519428028846154 0.2720210625 0.5046375913461538 0.29851052403846157 0.5483466129807693
10 0.44253598557692303 0.8668611129807692 0.42378800961538465 0.8675591899038462 0.4142420264423077 0.8514314591346154 0.39180482451923077 0.8072587644230769 0.3779600697115385 0.7577617451923077 0.3707800528846154 0.7143033004807692 0.3752672620192307 0.6498299134615385 0.3993087908653846 0.5954191442307692 0.4263787620192308 0.5617888581730769 0.440487233173077 0.542809875 0.4517624350961539 0.5012915673076923 0.4660019783653846 0.4969057331730769 0.47185260576923077 0.4945069735576923 0.45259109134615383 0.4818061754807692 0.4413877980769231 0.50464921875 0.4373132307692308 0.5353589399038461 0.4183957596153846 0.5556116995192307 0.4016011610576923 0.5627427451923077 0.38300211298076925 0.5981531875 0.36879768990384615 0.6420325288461538 0.3606485576923077 0.7034519855769231 0.3643874495192308 0.7598935120192307 0.37637640865384614 0.8020782091346154 0.3965434951923077 0.848681233173077 0.41377972355769227 0.8736243317307693 0.43626321875 0.8813258677884614 0.43950918028846153 0.8701015528846153 0.46648324759615384 0.8613716538461538 0.47131618509615386 0.8538727764423076 0.45125 0.854432298076923 0.44253598557692303 0.8668611129807692
10 0.54351984375 0.42553038942307697 0.5439821514423077 0.40333748317307694 0.5215722524038461 0.40098162740384613 0.49230412740384616 0.4183669783653846 0.4717517067307692 0.4473444495192308 0.4533237884615385 0.48722117548076926 0.437263625 0.5237881658653847 0.43035742307692304 0.5559795336538461 0.4357552475961538 0.5974712788461539 0.4636571850961539 0.5923975504807693 0.46380274519230774 0.5790679663461538 0.4378781201923077 0.5843495649038462 0.4361438990384615 0.5699327259615384 0.4480782115384615 0.5284836730769231 0.46921450721153846 0.4702088413461538 0.5030211274038462 0.4239419014423077 0.5305807043269231 0.40993559134615387 0.5324049447115384 0.4394048509615385 0.54351984375 0.42553038942307697
10 0.5151539735576923 0.4287759927884615 0.4820304014423077 0.46888708653846156 0.46653174519230767 0.5064028533653846 0.4658520216346154 0.5606005745192307 0.4753996899038461 0.6007492908653846 0.4933190120192308 0.6195365697115385 0.5153385673076923 0.6254100408653845 0.5285191730769231 0.6027748677884616 0.530251704326923 0.5931707644230769 0.5109678870192308 0.6107160072115385 0.49243906730769227 0.6034302091346154 0.47354221634615384 0.5694159567307693 0.4732461466346154 0.5240122067307692 0.4824224158653846 0.4893905120192308 0.5037315721153847 0.45960294711538463 0.5232841634615385 0.4456445721153846 0.535948548076923 0.46757114182692305 0.5318766081730769 0.44032024278846155 0.5151539735576923 0.4287759927884615
10 0.5480717620192308 0.5888164903846154 0.5560034663461538 0.5594019014423077 0.5632007427884616 0.5005513653846154 0.5600448942307692 0.4852406177884615 0.5518227355769231 0.48030646153846157 0.5535331802884615 0.49152814663461536 0.5519238509615385 0.5180487307692307 0.5515112115384615 0.5518123846153846 0.5406503341346154 0.583588014423077 0.5332528437499999 0.5721344326923077 0.5272232211538461 0.5723902091346154 0.5345487932692308 0.6025190889423077 0.5432148365384616 0.6025404350961538 0.5375995408653846 0.59305353125 0.5480717620192308 0.5888164903846154
15 0.45686418990384614 0.49737959855769226 0.4504709543269231 0.524178545673077 0.46081886538461536 0.4977953365384616 0.45686418990384614 0.49737959855769226
6 0.30087029567307694 0.57982925 0.27164142307692307 0.5981939447115384 0.23954503365384616 0.6651028221153846 0.2252447067307692 0.7338825552884616 0.23398944471153846 0.8113125096153847 0.25200798317307693 0.853241391826923 0.27383406009615385 0.8848945769230769 0.31413928605769226 0.9122628629807692 0.35134243028846157 0.9135048846153846 0.3881535552884615 0.8942435504807692 0.4170793149038462 0.8679256538461538 0.4083396274038461 0.8625585913461538 0.37875476201923075 0.8888071995192307 0.33791531490384613 0.9023071153846154 0.30405566826923075 0.88896134375 0.2725141129807692 0.8607350552884616 0.24714769230769232 0.8189233990384616 0.2361602403846154 0.7857406274038462 0.2352529423076923 0.7278174158653846 0.25038365625 0.6635732716346154 0.27676879567307694 0.6120778461538461 0.2957868052884615 0.5959649543269231 0.29910346875 0.5850670240384616 0.30087029567307694 0.57982925
6 0.32570550961538464 0.8440853677884615 0.3587365528846154 0.8769165336538461 0.3947909879807692 0.8584653125 0.42676754086538465 0.8226818653846154 0.4403111298076923 0.7547122548076923 0.44535990865384617 0.6911875624999999 0.43476111538461537 0.6304662019230769 0.4133013918269231 0.6015204639423077 0.3684063197115384 0.5674420961538462 0.31894881490384613 0.5684703894230769 0.31212041346153846 0.5727607235576924 0.30812176201923075 0.5876070673076923 0.3010567908653846 0.5914999879807692 0.2957868052884615 0.5959649543269231 0.27706491826923074 0.6574815697115385 0.27323681490384616 0.7220242307692307 0.2852737596153846 0.7517587163461539 0.32570550961538464 0.8440853677884615
0 0.5693124038461538 0.9141776706730769 0.5613598125 0.9114604639423077 0.5331124591346155 0.945958483173077 0.4814104543269231 0.9672130384615384 0.4380544326923077 0.9493103173076923 0.4174490288461538 0.9186750841346154 0.4046554014423077 0.8897506826923076 0.40512188221153844 0.858077766826923 0.4031812548076923 0.8574147019230769 0.3967443653846154 0.8648982620192308 0.3989202115384615 0.9113892740384616 0.4257024783653846 0.9524601057692308 0.45314211538461535 0.9695792644230768 0.4833398389423077 0.9798711033653846 0.5170026346153846 0.9709546923076923 0.5465635096153846 0.9509311850961539 0.5693124038461538 0.9141776706730769
0 0.40512188221153844 0.858077766826923 0.5613598125 0.9114604639423077 0.5639659254807692 0.9082776634615384 0.38500347115384614 0.8469519423076922 0.3817062908653846 0.8562000745192309 0.3683197788461538 0.8430555841346153 0.35509693990384616 0.8436165288461539 0.37243075480769233 0.8676802355769231 0.3887853557692308 0.8524959735576924 0.4031812548076923 0.8574147019230769 0.40516562500000003 0.85510765625 0.40512188221153844 0.858077766826923
0 0.3973042019230769 0.8418259975961538 0.3973984711538462 0.7929046514423077 0.3938067764423077 0.7471544807692307 0.38760265625 0.6949020528846154 0.38052190625 0.6745851826923077 0.37116935817307695 0.6326776586538462 0.37394969951923074 0.5956042956730769 0.36611063221153844 0.5520765528846154 0.357002858173077 0.5199810625 0.3456764182692308 0.5259075913461538 0.36318135817307695 0.5544376153846154 0.36042668990384613 0.6093068509615385 0.3618698846153846 0.6503829014423077 0.3766425096153846 0.7035360961538462 0.39068406730769234 0.7752952932692309 0.3875150721153846 0.8399072451923076 0.38667015384615383 0.8422771177884615 0.3973042019230769 0.8418259975961538