8 0.31668835096153847 0.8933648942307693 0.3213717860576923 0.8920157524038461 0.3240000072115385 0.892645141826923 0.32472107932692307 0.8960703798076923 0.32500169471153845 0.8929006562499999 0.3275721826923077 0.8915459158653847 0.3318076971153846 0.8918878028846154 0.3323422163461538 0.8931729663461538 0.3335438076923077 0.8917562475961538 0.3434259567307692 0.8896817548076924 0.3486631538461538 0.89027915625 0.38331802403846155 0.8853332475961538 0.3897028149038461 0.8783868076923077 0.3910080889423077 0.8719909759615384 0.3866148918269231 0.870501079326923 0.38339441826923076 0.8666024014423077 0.3813696466346154 0.8568133221153846 0.38567408894230765 0.8467103509615386 0.3940852283653846 0.8367933173076924 0.3970229278846154 0.8352450432692307 0.4019928701923077 0.8351998605769231 0.4028368701923077 0.8343073653846154 0.40280211538461536 0.8288416201923077 0.4064357548076923 0.8255835240384616 0.4120823870192308 0.8231671490384616 0.4127687043269231 0.821126639423077 0.4138377427884615 0.82369696875 0.4168812860576923 0.8257862620192308 0.42931468028846154 0.821695653846154 0.4294332956730769 0.8001445649038461 0.4284390745192308 0.7916030600961539 0.42843475961538463 0.7743697067307692 0.42727912259615386 0.7688231899038461 0.42807658894230766 0.7535175793269231 0.4266344471153846 0.7466671033653847 0.42697436778846154 0.7327218341346153 0.42571877884615383 0.7280114326923077 0.4212833581730769 0.7293417788461538 0.41889352884615383 0.7283629110576922 0.4218542091346154 0.7233330168269231 0.4257994855769231 0.7265139399038462 0.4255974230769231 0.7195694951923077 0.42321721634615384 0.7189213149038461 0.42229624038461544 0.7171683076923077 0.42537611778846157 0.7119636754807692 0.40981258173076923 0.7109887980769231 0.4056251778846154 0.7123003509615384 0.40216631009615383 0.7087511538461538 0.40425412259615384 0.7036216971153847 0.4027831129807692 0.6957791538461537 0.4032769879807692 0.687124891826923 0.4051167860576923 0.6820142259615385 0.4055625504807692 0.6717065240384615 0.4093576057692308 0.6654534447115386 0.4106147740384615 0.6574041754807692 0.4121931995192308 0.6561246105769231 0.41645757932692307 0.6574585600961539 0.42341322115384616 0.644503358173077 0.42307860576923073 0.6415459615384616 0.4210175048076923 0.6390508076923077 0.42244786778846155 0.6369539182692308 0.42371465625 0.6292353365384616 0.42103027644230767 0.6138621490384616 0.4226413028846154 0.6094316538461538 0.4225547043269231 0.6064554639423076 0.4169732668269231 0.6025699783653846 0.42064324038461537 0.5920179591346154 0.41947798076923076 0.5861407524038461 0.41587104807692304 0.5817742331730769 0.41844311298076925 0.5676598221153847 0.41671015384615384 0.54227203125 0.41259383653846154 0.54175540625 0.41108276442307695 0.5453497860576924 0.41148473317307693 0.5506219975961538 0.4086854735576923 0.55265690625 0.4070204471153846 0.5509602788461538 0.40784893509615383 0.5452634134615384 0.40679914182692306 0.5433544591346154 0.40125619471153845 0.5407917283653846 0.4015368076923077 0.5376220048076923 0.4046225721153846 0.5368910528846154 0.40443013221153845 0.5302772956730769 0.40814448076923077 0.5255217115384615 0.4116225913461538 0.5297322836538462 0.41129975721153844 0.5357222524038462 0.41300326923076924 0.5387416298076924 0.41500075 0.5347789735576923 0.41334908173076923 0.5292700432692308 0.41619056490384615 0.5244148894230769 0.4143005 0.5192554399038461 0.41386004326923076 0.5126604759615385 0.41518240624999997 0.49830934374999997 0.41462432932692306 0.47912944951923075 0.41296087980769236 0.4646731538461539 0.41245837740384617 0.4388607091346154 0.4099546610576923 0.42115391586538464 0.41075428365384614 0.4144649831730769 0.4086097331730769 0.3834742956730769 0.40894965384615384 0.3695290264423077 0.40782288461538463 0.36497456971153847 0.40378727403846154 0.3629604519230769 0.40452700961538457 0.3456707163461538 0.4036674951923077 0.34175884375000004 0.40251775 0.34068600721153847 0.39477152403846155 0.33928447836538467 0.3885385288461538 0.34290525 0.40077790384615386 0.3449605576923077 0.40249693028846156 0.35278430288461543 0.4030432259615385 0.36301683173076926 0.40102650240384613 0.3663181129807693 0.39807917788461544 0.3675356971153846 0.39535100240384613 0.36774242548076924 0.38804307932692306 0.3643191826923077 0.3869414399038461 0.3648997884615385 0.38580720192307694 0.36863131971153845 0.38693397596153845 0.3731857764423077 0.38704197355769226 0.38544001923076926 0.38494454086538465 0.3902387908653846 0.38753054326923075 0.3936884230769231 0.38869580048076924 0.39956562740384616 0.3910567644230769 0.39955243269230767 0.39214877884615384 0.3986411442307692 0.39229095192307695 0.39498478365384615 0.39547078125 0.3889440336538461 0.3997677620192308 0.38712705288461535 0.3998655576923077 0.37767425721153847 0.40388192067307693 0.3790270024038461 0.4061103293269231 0.3830008557692308 0.4040839831730769 0.3859714471153846 0.4008693966346154 0.3865464495192308 0.40007350721153845 0.38909238461538465 0.4019539519230769 0.39392114903846154 0.4023847836538461 0.40018542548076924 0.40496116346153843 0.40330436778846157 0.40464206009615383 0.4051513413461538 0.4018524206730769 0.4075169375 0.4014429879807692 0.41053071394230767 0.4028851298076923 0.4173811923076923 0.4063210216346154 0.4244120072115385 0.4052674927884615 0.42664605048076926 0.4015953653846154 0.4285813918269231 0.3986806394230769 0.4266480480769231 0.39824980528846154 0.4203837716346154 0.3970615673076923 0.4179881826923077 0.39352787980769227 0.4204101610576923 0.3946738990384615 0.4256259903846154 0.3940779110576923 0.4264996923076923 0.3895366490384615 0.4241924735576923 0.38885406730769234 0.42208998798076924 0.38942118509615387 0.42022422115384617 0.39248770673076927 0.4188318942307693 0.39263950240384615 0.41550622355769234 0.39482353605769227 0.4136836418269231 0.39591928605769233 0.40862935576923076 0.3990472716346154 0.40507816346153847 0.39887407451923074 0.39912578125000003 0.3967033966346154 0.3971360552884615 0.39373682692307693 0.39769226442307687 0.3929409375 0.4002382019230769 0.3945926081730769 0.4057471346153846 0.38758669951923075 0.40843222115384614 0.38485852403846155 0.4086389495192308 0.3805401442307692 0.40117787740384614 0.38179731009615386 0.39312860817307693 0.3842004927884615 0.3902951706730769 0.38079131250000003 0.3756397403846154 0.3813236730769231 0.3683082283653846 0.38046416346153844 0.3643963533653846 0.38375356490384616 0.35785017788461543 0.3865640240384615 0.3433862860576923 0.3831244014423077 0.3404984615384615 0.3794041634615385 0.34078036298076925 0.37599929326923076 0.3433582884615385 0.3670707211538462 0.3440348557692308 0.36189714423076924 0.34989526682692307 0.36567138221153844 0.35574048317307694 0.36817078605769227 0.35621392307692307 0.37137201682692306 0.3594512283653846 0.3700897139423077 0.3623654399038462 0.3678768173076923 0.3631959567307692 0.36443719230769234 0.3603081346153846 0.364002625 0.3581868533653846 0.3598152235576923 0.35949840865384614 0.355741125 0.3561615384615384 0.35201126442307695 0.3561127524038462 0.3480275 0.35160907932692304 0.34711987740384614 0.34604376682692306 0.3455644278846154 0.34384171394230767 0.3438935144230769 0.33767140384615385 0.33991937019230767 0.33349841826923077 0.3280146081730769 0.33440050721153847 0.31915339182692304 0.33739188942307696 0.3109688677884615 0.33801207451923077 0.3048262043269231 0.3404660408653846 0.2689216346153846 0.3451752283653846 0.26537832451923077 0.34726651442307693 0.25808060336538463 0.3655503125 0.2539199110576923 0.35923725 0.2519801610576923 0.36518403365384616 0.2526723653846154 0.36761720913461543 0.2545565408653846 0.36830297596153844 0.25422781490384616 0.36981926201923077 0.24998268028846155 0.3691466875 0.2465681875 0.3713939230769231 0.24420349519230772 0.37555011298076924 0.23802234134615385 0.37668132692307693 0.22887304567307692 0.3911284230769231 0.2352041730769231 0.5318322956730769 0.23633426442307692 0.5877561250000001 0.2379058076923077 0.6161388990384615 0.23749853125 0.6277693533653845 0.24028875240384615 0.6467801057692307 0.24036257932692306 0.6749449543269231 0.24403155528846154 0.6985289543269231 0.24298391586538462 0.7052366778846154 0.24436832692307692 0.7101030264423076 0.24353983653846153 0.7157998966346154 0.24492424519230768 0.7206662451923077 0.24385736298076924 0.72671259375 0.24495526923076924 0.730274985576923 0.2448900721153846 0.7365768485576923 0.2465032548076923 0.7407630288461539 0.24494996153846155 0.7471776538461538 0.24656314182692307 0.7513638341346154 0.24550588221153846 0.7577408701923076 0.24735745673076923 0.7615775697115384 0.24606180288461538 0.7683040865384616 0.24741734855769232 0.7721783725961539 0.2468464951923077 0.7781871346153846 0.24846930048076923 0.7827040048076923 0.24741204086538462 0.7890810384615385 0.24956189903846154 0.8031690600961539 0.24904877884615384 0.8111619519230769 0.2506737403846154 0.8242954951923077 0.24984525240384617 0.8299923629807692 0.2515568100961538 0.8461020985576924 0.2506994543269231 0.8508069038461539 0.25167658653846153 0.8673037067307692 0.25114638221153845 0.8832518990384616 0.2536286995192308 0.891680639423077 0.2575066201923077 0.8925467475961538 0.2619730625 0.900825139423077 0.2636033317307692 0.8970560216346153 0.2660642451923077 0.8962067091346154 0.26959047115384616 0.9020707211538461 0.2760907235576923 0.8990925360576922 0.2782362692307693 0.8959472043269231 0.2806971826923077 0.8950978918269231 0.2854479711538462 0.8960635673076923 0.2970566105769231 0.8935268317307692 0.30006166586538463 0.8942933725961539 0.30112108173076924 0.896533014423077 0.3022938076923077 0.894124233173077 0.30377228125 0.8936807836538462 0.31367367307692307 0.8922676658653846 0.31668835096153847 0.8933648942307693
4 0.46314278365384615 0.39110732932692305 0.469472 0.39079343749999995 0.4869426850961539 0.38897246394230767 0.48925553846153846 0.3873058293269231 0.4880549399038462 0.3545865288461538 0.48745306490384616 0.3509865480769231 0.4855207836538461 0.3486473413461538 0.46123446874999996 0.3511504807692308 0.45893124038461536 0.35314780288461534 0.45760671875000003 0.35888225721153844 0.4606856033653846 0.38781364423076925 0.46123936538461535 0.3897601850961539 0.46314278365384615 0.39110732932692305
13 0.5102958293269231 0.4312813221153846 0.4956628918269231 0.43239013942307697 0.4911371418269231 0.43488729086538463 0.4905470456730769 0.4402346754807693 0.4931941009615385 0.49703781009615383 0.49410545432692304 0.498460125 0.4969720697115385 0.49874003365384617 0.5392251009615385 0.4943783317307692 0.542172423076923 0.4931607451923077 0.5446851802884616 0.4898218774038462 0.5446423774038461 0.47126577403846154 0.5465452139423077 0.45123656730769235 0.5444915769230769 0.4404554254807692 0.5416190745192307 0.4357018365384615 0.5412267259615384 0.4307603125 0.5400673557692308 0.42935678605769234 0.5191474254807692 0.42795925240384614 0.5102958293269231 0.4312813221153846
14 0.5276477307692308 0.37412271875 0.5282228966346154 0.38534731250000004 0.5314396370192308 0.3933889855769231 0.5341448341346153 0.3966638725961538 0.5375363485576923 0.3978982572115385 0.5394819855769231 0.3964251586538462 0.5408642403846154 0.3926748317307692 0.541625375 0.38466314903846155 0.5378120673076923 0.35611882932692307 0.5362085072115385 0.35226333653846154 0.5302828341346154 0.3450897668269231 0.5285600793269231 0.3414090144230769 0.5248205961538461 0.3410295432692308 0.5239113990384616 0.3482239014423077 0.5243999639423077 0.35647230288461534 0.5276477307692308 0.37412271875
14 0.5530350240384615 0.5589524326923077 0.5411420408653846 0.5688018870192308 0.5360646826923077 0.5779691754807692 0.5394658197115384 0.5795342451923077 0.5434148293269231 0.5785721730769231 0.547296483173077 0.5752952860576923 0.5510263461538462 0.5753440721153846 0.5528586778846154 0.5785193966346154 0.5547428485576923 0.5792051634615384 0.5704656466346154 0.5685683774038461 0.5800516682692307 0.5648592403846154 0.5882147884615384 0.5549610024038462 0.6090555865384615 0.5450963557692308 0.6132755913461538 0.5406338725961539 0.6088535240384615 0.5381519134615385 0.6009843701923077 0.5410681177884615 0.5824045817307693 0.5517556850961538 0.5739239326923077 0.5507412283653846 0.5663509038461538 0.5552920793269231 0.5530350240384615 0.5589524326923077
15 0.5816687451923077 0.35744156730769233 0.584639858173077 0.3480963028846154 0.5408182115384615 0.34285633173076924 0.539065391826923 0.35094548317307694 0.5816687451923077 0.35744156730769233
15 0.5749972355769231 0.42424975480769234 0.5765153365384615 0.4105764399038462 0.544014358173077 0.40714871874999997 0.5402264375 0.41362400240384617 0.5749972355769231 0.42424975480769234
15 0.5804021274038461 0.47334615384615386 0.5797403725961539 0.4644634951923077 0.5500095745192307 0.47653321875 0.5502405697115385 0.4844720096153846 0.5804021274038461 0.47334615384615386
1 0.8899351298076923 0.6797402836538461 0.8537832524038461 0.25810427884615383 0.6072602644230769 0.28035936778846154 0.6402589375 0.7083839879807693 0.8899351298076923 0.6797402836538461
3 0.6342608629807691 0.821111 0.5959750360576923 0.2820587115384615 0.33321992067307693 0.31438544951923075 0.3571964711538461 0.8650905841346154 0.6342608629807691 0.821111
10 0.7607783413461539 0.5684143749999999 0.7446573557692309 0.5837805360576923 0.6976561586538461 0.5855740625 0.6741525240384616 0.5749784879807692 0.6476505576923077 0.5752186466346154 0.6493323966346154 0.5874676754807692 0.6785307692307693 0.5887913076923077 0.7165822283653847 0.5982844134615385 0.7607074110576922 0.5887525889423076 0.77939040625 0.5475552932692308 0.7724576225961539 0.49150236538461534 0.7485885961538461 0.4455731418269231 0.7127911490384615 0.3996637764423077 0.682110204326923 0.37016338701923074 0.6369840913461539 0.3452937067307692 0.6090055673076923 0.3403415168269231 0.5843394831730769 0.35812323076923075 0.5613491778846154 0.3651695769230769 0.5458063798076923 0.35485485817307694 0.5386155312500001 0.3810367644230769 0.5450928004807692 0.3842346947115385 0.5481495240384615 0.36705379086538464 0.5630053485576924 0.37653651442307695 0.5821050721153846 0.372437125 0.6126712235576923 0.3524402740384615 0.640014108173077 0.3583246322115385 0.6710483677884616 0.37718985576923075 0.7017549831730769 0.40757235576923073 0.7291552668269231 0.43820535817307693 0.7556436490384615 0.4830520793269231 0.770941860576923 0.5305147812500001 0.7607783413461539 0.5684143749999999
10 0.6295547259615385 0.43160808894230773 0.6104232716346154 0.4118409254807692 0.5869709735576923 0.4030096394230769 0.5566810865384615 0.4097250456730769 0.5443223533653846 0.41773381009615385 0.5468568413461539 0.4448607980769231 0.554369670673077 0.4213926442307692 0.5700603990384615 0.4140154182692308 0.5940199567307692 0.4175040697115385 0.6162780745192307 0.43084605528846154 0.6227684206730769 0.4489190048076923 0.610968329326923 0.45334928125 0.5941030216346154 0.4431348076923077 0.5910276899038461 0.4513241730769231 0.6166434182692307 0.46617977644230774 0.6297660721153846 0.46164928125 0.6295547259615385 0.43160808894230773
10 0.5170506971153845 0.7787185889423077 0.4898104254807692 0.7763625552884614 0.47615484855769236 0.7853536442307691 0.45342120192307694 0.8012208461538461 0.44410607211538466 0.7771737596153846 0.43627356490384617 0.781303358173077 0.44329688461538463 0.79491578125 0.4493313533653846 0.8200954807692308 0.4660622620192308 0.8029150961538462 0.4940090576923077 0.7840007331730768 0.5233357115384615 0.7897348221153847 0.5544348389423077 0.7652773942307692 0.5933347403846153 0.7128237788461539 0.6141298846153846 0.6758866129807692 0.638558951923077 0.627181596153846 0.6590973870192307 0.5814235288461538 0.66112040625 0.5370684759615385 0.6482936658653846 0.5062151442307692 0.624379372596154 0.4815062067307692 0.6015113317307692 0.4699785168269231 0.5728715504807692 0.4650764326923077 0.5480042932692307 0.45582107932692306 0.5471335048076923 0.4687948245192307 0.5684480384615385 0.47248390384615385 0.6085346514423077 0.48359090384615383 0.6377133725961539 0.5070168701923077 0.6525239783653846 0.537719875 0.64976265625 0.5794787740384616 0.6285373004807693 0.6244048389423077 0.6009302331730769 0.6777708437500001 0.5781513197115384 0.7148583317307692 0.5456586971153846 0.7597541225961538 0.5170506971153845 0.7787185889423077
10 0.5830397307692308 0.5412170024038462 0.5943068966346154 0.5412472475961538 0.6077058125 0.5234352908653845 0.6111344062499999 0.5046107283653846 0.5875281105769231 0.49048688221153847 0.5501696346153846 0.5048101875 0.5051069399038461 0.5276736129807692 0.46937896875 0.5524817956730769 0.43431231009615384 0.5772398677884616 0.4301650096153846 0.5713658798076924 0.43489357692307695 0.5549793942307693 0.4227113822115385 0.5657424615384615 0.42676203125 0.5910725216346153 0.44771724038461536 0.5824124230769231 0.4723320384615385 0.5628664543269231 0.5094081826923077 0.5388401370192308 0.5577515456730769 0.51484409375 0.589896920673077 0.5035679110576923 0.6020820552884616 0.5123689831730769 0.59204075 0.53169459375 0.5827060697115385 0.5297498341346154 0.5830397307692308 0.5412170024038462
10 0.5409702692307692 0.5557791706730769 0.53080578125 0.5681599519230769 0.5103065 0.5697132956730769 0.48403552884615386 0.5778922427884615 0.4649871899038462 0.5837558173076923 0.4514538774038461 0.5741728798076923 0.4463177283653846 0.5798663052884615 0.4594721153846154 0.5992023942307692 0.4854864230769231 0.5822024783653846 0.5079694711538462 0.5804988149038461 0.5337844663461538 0.5794267259615384 0.5409702692307692 0.5557791706730769
10 0.5184441442307692 0.7582802307692307 0.5635642403846154 0.7601654326923076 0.5972313918269231 0.7328612764423077 0.6238692091346153 0.6689603221153846 0.6261428221153846 0.6104417331730769 0.6276011850961538 0.5466806875 0.6413473461538461 0.4952490552884615 0.63497740625 0.4834770697115385 0.6233512740384615 0.5372783533653845 0.6171613533653846 0.59786178125 0.6145601442307692 0.6678976778846154 0.5904904014423077 0.7289519014423077 0.5645530913461538 0.7485980168269231 0.5155167403846154 0.7487776177884615 0.48972741105769235 0.7507318149038462 0.44671941346153843 0.7531067451923078 0.4445363846153846 0.7691848245192308 0.4854578461538462 0.7634318485576923 0.5184441442307692 0.7582802307692307
10 0.49756137259615385 0.6555464567307693 0.5440296466346154 0.6582135216346153 0.5871855264423077 0.6381467860576924 0.6190289711538461 0.6392699206730769 0.6450749615384616 0.6461365889423077 0.6459210793269231 0.6317854326923077 0.6093349158653847 0.6249758870192307 0.5777224639423078 0.6317915096153846 0.5370576634615385 0.646365423076923 0.5013236274038462 0.6481890985576922 0.4675220793269231 0.6480982932692307 0.44264460576923076 0.6358389134615384 0.4344209879807692 0.6037526875 0.4273010216346154 0.6095964375 0.43816965865384616 0.6414821346153846 0.4491349447115385 0.6539117644230769 0.49756137259615385 0.6555464567307693
10 0.4412646418269231 0.6111904375 0.44895528125 0.6477371586538462 0.46580099038461537 0.6800539951923077 0.5139511009615385 0.6949701225961539 0.5686821923076922 0.6855186490384615 0.6113821442307692 0.6725586682692307 0.6381860408653846 0.6599191298076923 0.6522522788461539 0.6650415384615385 0.6529838629807692 0.6467163701923078 0.6365298701923077 0.6485522091346153 0.6294099519230769 0.6543959230769231 0.6063426442307692 0.6587959903846153 0.5650678677884615 0.6751841322115385 0.5129561874999999 0.6835530961538462 0.47414080288461535 0.6705816899038461 0.45615219951923075 0.6445396754807693 0.4486925552884615 0.6159317788461538 0.4391978125 0.5857100192307693 0.43276481971153846 0.5923858028846154 0.4412646418269231 0.6111904375
10 0.43356508173076924 0.7337707524038461 0.44592987740384615 0.7487463966346154 0.4615692211538462 0.7396049855769231 0.4876152620192308 0.7464716874999999 0.5356566971153847 0.7348750625 0.5841026730769231 0.7144073653846154 0.6020278125 0.6927162427884616 0.6330182091346154 0.6417459975961539 0.6433809927884616 0.5879186442307692 0.6347467692307693 0.5417190504807692 0.6502774350961539 0.5060648245192307 0.6452508485576923 0.49485055048076926 0.6280571129807692 0.5395738629807693 0.6353688245192307 0.5858737403846154 0.6267074807692308 0.6298477259615385 0.5963783389423077 0.6807678317307692 0.5764694326923077 0.7026092740384615 0.5419613581730769 0.7237888629807692 0.48918842067307694 0.7322079326923077 0.4652544783653846 0.7296013629807692 0.44872283173076927 0.7308540552884615 0.43661475 0.7246993100961538 0.43356508173076924 0.7337707524038461
10 0.675339233173077 0.6385391033653847 0.6596167764423077 0.6220497764423077 0.6511426153846155 0.6041271850961538 0.6466420552884615 0.6088883942307692 0.6524711923076923 0.6270114134615384 0.6696188293269232 0.6469288990384615 0.670671141826923 0.6830945865384616 0.6390647572115384 0.7128946538461538 0.6116766033653847 0.7282305288461538 0.5535621875 0.7352863100961538 0.5314837307692307 0.7281189639423077 0.5053350745192308 0.7177238846153846 0.47369089182692303 0.7006729903846154 0.4590086682692308 0.67438046875 0.44977053846153847 0.6529796466346153 0.43402428125000003 0.6390042283653846 0.4426506177884616 0.6588232908653846 0.4532369278846154 0.6810060432692308 0.47069255769230767 0.7115085865384615 0.499666 0.7278778341346155 0.5313358004807692 0.7458108774038461 0.5803464831730769 0.7447492019230769 0.6133071105769231 0.7387154399038462 0.6421204927884615 0.72680771875 0.6692263149038461 0.7017687932692307 0.6817073149038462 0.675186076923077 0.675339233173077 0.6385391033653847
10 0.6844293846153846 0.677631875 0.665625579326923 0.6463474687499999 0.6516559399038461 0.6217689903846153 0.6458585336538462 0.6275124903846153 0.6537997692307692 0.6498956394230769 0.6738234759615385 0.6775515192307692 0.678638045673077 0.7063598822115384 0.6687764543269231 0.7318600913461538 0.6325351634615385 0.7390264687499999 0.5865998149038462 0.7318988461538461 0.5500761947115385 0.7293622427884615 0.4974768533653846 0.7209714783653846 0.4687087908653846 0.7116589086538462 0.4385411153846154 0.6998003269230769 0.41048564182692304 0.6922018725961538 0.4185687956730769 0.6739086634615384 0.43567863221153846 0.6469751250000001 0.43058910576923076 0.6348456346153846 0.4098696538461538 0.6710316923076923 0.4006436514423077 0.69559971875 0.4194414471153846 0.7038997451923077 0.4502959903846154 0.7165902980769231 0.4883474519230769 0.7260834374999999 0.5317660600961539 0.7378219423076923 0.5716730072115385 0.7427543052884615 0.6373949999999999 0.7466145408653847 0.6757997716346154 0.7454724447115384 0.6841335216346154 0.7130156995192307 0.6844293846153846 0.677631875
10 0.4691949951923077 0.819474391826923 0.48943756490384616 0.8091001514423077 0.49929915384615386 0.7835998750000001 0.5012512403846153 0.7595830312499999 0.48258177884615383 0.7556934519230769 0.44854923317307693 0.7476638918269232 0.4429058774038461 0.7586999134615385 0.46879786778846155 0.7602740889423077 0.4941569903846154 0.7663088221153846 0.4915179807692308 0.7894936947115384 0.47806773317307694 0.8055415288461538 0.44205738701923075 0.8206466682692307 0.40152091346153845 0.839631 0.3820422668269231 0.8534835072115385 0.3977903918269231 0.8708549110576923 0.43238152644230765 0.8753060600961539 0.48372928846153845 0.8634588293269231 0.5440267403846154 0.8403250360576924 0.5763713774038461 0.8131210961538462 0.5755757259615385 0.7857763125 0.5704848918269231 0.7702494110576924 0.5943613870192308 0.7481073894230769 0.5950388413461538 0.7339614182692308 0.56234434375 0.7637940240384615 0.5655797379807692 0.7838816298076924 0.5701889783653846 0.8056332403846154 0.5507873293269231 0.8221320480769231 0.5259415841346153 0.8337391177884614 0.4596670649038461 0.8564418028846154 0.4200167283653846 0.8603303509615384 0.3959545576923077 0.8533133197115385 0.4090515432692308 0.8479007139423077 0.4397716923076923 0.833196375 0.4691949951923077 0.819474391826923
10 0.5314566586538462 0.8182925721153846 0.5632743918269231 0.818533701923077 0.5899756225961539 0.8023658557692308 0.6183270120192308 0.7745804831730769 0.6197513990384615 0.7574974471153847 0.5973718533653846 0.7832406778846154 0.5798256370192308 0.7951786442307692 0.5490028245192308 0.806354610576923 0.5150729447115384 0.8018533533653845 0.4990228918269231 0.7968813341346154 0.4671024471153846 0.7931119038461538 0.4452550360576923 0.7938833125 0.4442148533653846 0.8036865721153846 0.46074644951923077 0.8024338822115384 0.4979570408653846 0.8058024519230769 0.5314566586538462 0.8182925721153846
10 0.4736540336538461 0.9271696923076923 0.4682552091346154 0.901057735576923 0.45123590384615386 0.8855507019230769 0.4439302596153846 0.8622353677884615 0.44875229567307695 0.8229724158653846 0.4441491201923077 0.8242052451923076 0.4377478076923077 0.854747514423077 0.43991740625 0.8837562331730768 0.4619505456730769 0.9121438701923077 0.46859493509615385 0.9355093774038461 0.48976148798076924 0.9568903725961538 0.5316522043269231 0.9616724134615384 0.5812214759615385 0.9570321899038461 0.6197741826923077 0.93819825 0.6391245 0.9199352884615385 0.6566389807692308 0.884130735576923 0.6514394182692308 0.8420910865384615 0.6311137836538462 0.8268345913461539 0.6125922572115384 0.8052531682692308 0.6038905504807692 0.7818984927884615 0.6016013509615384 0.7919413942307691 0.6156223221153846 0.8182840913461539 0.6428686081730769 0.8436245673076923 0.6476318461538462 0.8706687067307691 0.6385085120192309 0.8987651081730769 0.6186509326923078 0.9223707019230769 0.5814464567307692 0.9419865721153846 0.5446465240384616 0.9527314326923076 0.5180932259615385 0.9512073677884616 0.4886125745192308 0.9401807499999999 0.4736540336538461 0.9271696923076923
6 0.7755777572115385 0.5304046947115384 0.7097530985576923 0.5230161177884616 0.6530774423076923 0.48841318269230766 0.619597423076923 0.45382066105769236 0.58957171875 0.4012856875 0.5731049399038461 0.3592157620192308 0.5664998004807692 0.2916455576923077 0.5754887379807692 0.23615423076923078 0.5893632307692308 0.1891330673076923 0.6324873774038462 0.14519968509615386 0.6868848100961539 0.12428104807692307 0.734194 0.13307264182692308 0.7982145048076923 0.14678620913461538 0.8517634951923078 0.18781428846153847 0.8948605480769231 0.23405456009615386 0.9205397403846154 0.2966432668269231 0.9319534350961539 0.3700373533653846 0.9317979831730769 0.4558005504807693 0.913930264423077 0.5022402644230769 0.9243369110576923 0.5182483774038462 0.9427889110576924 0.4691122548076923 0.941454266826923 0.4232435552884616 0.9448194254807691 0.3566859230769231 0.9309146802884616 0.28878482692307694 0.8979358822115385 0.22586524759615384 0.8496196129807692 0.15968762740384615 0.7623460745192308 0.12121502403846153 0.6871354038461538 0.11011748317307692 0.6240902163461539 0.12992335817307693 0.5794955745192307 0.1916488533653846 0.5570110721153847 0.28440825721153845 0.5721417548076922 0.37166522115384615 0.600851014423077 0.4472848846153846 0.6354029495192308 0.49594072596153843 0.7154795721153846 0.5376107596153846 0.7962566538461539 0.5350260625 0.8578253293269231 0.510027798076923 0.8990109783653846 0.4450244735576923 0.9122437908653847 0.3759510384615385 0.8969651754807693 0.30638597115384614 0.8594345096153847 0.24646341105769232 0.8152262884615384 0.2303644951923077 0.7619143605769231 0.22025968028846155 0.7242222259615385 0.22311581971153846 0.6767651033653846 0.2320161201923077 0.6353106610576924 0.24222962499999998 0.6007512091346153 0.2616450817307692 0.5793444230769231 0.28000473317307695 0.5881675456730769 0.2846994927884615 0.6292113269230769 0.2603725072115385 0.6697991322115384 0.2431524158653846 0.73709428125 0.23274884615384617 0.7960752860576924 0.23269970913461538 0.8491109014423077 0.2560860360576923 0.8897939254807692 0.31046552884615386 0.9004950048076924 0.3821455048076923 0.8895479182692309 0.4386692668269231 0.8475726826923077 0.4993122451923077 0.7755777572115385 0.5304046947115384
0 0.8776998100961539 0.47652945192307694 0.8772257211538462 0.47112791105769236 0.8582238581730769 0.4781723125 0.8209106538461538 0.4712753653846154 0.7812286346153846 0.4512973870192308 0.7397621129807692 0.41554197355769235 0.7205279951923077 0.39224646875 0.6637044062499999 0.3753354471153846 0.6349620120192309 0.3669049879807692 0.6124472307692308 0.34474213221153843 0.5978601802884616 0.31837172596153845 0.5949719975961538 0.33634191826923077 0.6305641153846153 0.3751945697115385 0.6735011322115384 0.3931578533653846 0.7211183173076924 0.4125345384615385 0.7552595913461538 0.44707695192307695 0.8113253221153846 0.4834941466346154 0.8697733774038461 0.4879055721153846 0.8776998100961539 0.47652945192307694
0 0.9135196057692307 0.4881268341346154 0.9480654735576923 0.5137982355769231 0.9651935072115384 0.5558180528846154 0.9641140721153847 0.6098259759615384 0.9369433557692308 0.6781874879807692 0.8980630552884615 0.7085388052884615 0.8949501802884616 0.6730721346153847 0.8970741778846154 0.7201061538461538 0.9242826971153846 0.6985956682692307 0.956775266826923 0.6536998149038461 0.9804147259615384 0.6006345264423077 0.9841135408653846 0.5455440264423077 0.9530475985576923 0.5028122860576923 0.9180201418269232 0.4833656274038462 0.9135196057692307 0.4881268341346154