9 0.44211234134615385 0.7518204110576924 0.44377469230769234 0.7405505360576924 0.4419558365384615 0.7253475264423077 0.44034168509615385 0.7196123990384616 0.4367330360576923 0.7129904927884615 0.4291165745192308 0.7061289038461538 0.4220914302884615 0.7033755649038462 0.41239991586538466 0.7087313365384615 0.4086658076923077 0.7123353100961538 0.4059294423076923 0.7196113341346154 0.4067307403846154 0.7262188557692307 0.41163692548076924 0.7447686153846154 0.4179139278846154 0.7561960552884616 0.42522531971153843 0.7617704591346153 0.43252317548076924 0.7619101298076922 0.43590830528846153 0.760598033653846 0.44211234134615385 0.7518204110576924
4 0.49582439663461536 0.6955868677884616 0.4929011610576923 0.6854038004807692 0.48965502644230774 0.6819247548076923 0.48701275721153847 0.6815313677884615 0.4814617788461538 0.6828469735576923 0.47935337740384615 0.6847061610576923 0.46286552163461536 0.688273983173077 0.4612209951923077 0.6915526514423077 0.4688612355769231 0.7291669759615385 0.4728188605769231 0.7334970072115384 0.47812222115384617 0.7327498942307693 0.49598816826923076 0.72800578125 0.5001224278846154 0.7244769086538461 0.5004014110576923 0.7213519423076923 0.49582439663461536 0.6955868677884616
4 0.5419573149038461 0.6686792067307692 0.5338330649038462 0.6639771923076924 0.5313056899038462 0.6672951658653846 0.5272665144230769 0.669611951923077 0.5235825889423077 0.6691255745192308 0.5192258028846154 0.6711777644230769 0.5111213629807693 0.6713991947115385 0.5097944519230769 0.6749424567307692 0.5185526129807692 0.7129715721153846 0.5221163629807692 0.7167152115384615 0.5288678004807692 0.7156248990384615 0.5449680504807692 0.710959391826923 0.5490960408653847 0.7079418100961538 0.5504992211538462 0.7047203437499999 0.5419573149038461 0.6686792067307692
15 0.36825948557692306 0.5993881105769231 0.38259173317307693 0.6211417980769232 0.38745730288461544 0.6233873485576923 0.38981959615384615 0.6204483749999999 0.38788782932692306 0.6144486538461538 0.36810496875 0.5858298725961538 0.36564659374999997 0.5835236081730769 0.3613911634615385 0.5838524230769231 0.3606357596153846 0.5865804903846153 0.3629614086538462 0.5931666033653846 0.36825948557692306 0.5993881105769231
15 0.4218117740384616 0.6607879711538461 0.44845501923076925 0.6532838533653845 0.4501632668269231 0.6513495721153847 0.44981956971153847 0.646672829326923 0.44887927403846156 0.6448564543269231 0.44640835576923077 0.6435727788461538 0.4167101394230769 0.6516310024038462 0.41545949519230774 0.6554960576923077 0.4169211129807693 0.6605875913461539 0.4218117740384616 0.6607879711538461
15 0.52336665625 0.6278823629807693 0.5211370841346153 0.626541485576923 0.4822039663461538 0.6354289350961538 0.4806357067307693 0.6390293990384616 0.4825037524038462 0.6436847379807692 0.48569871153846156 0.6447968100961539 0.5233425576923076 0.6363848629807692 0.52429440625 0.6307213245192307 0.52336665625 0.6278823629807693
10 0.40690801682692307 0.6398494807692308 0.408509625 0.6466071923076923 0.41199710576923076 0.6500290360576924 0.4341822043269231 0.6463004927884615 0.4535850432692307 0.6405123894230769 0.47939661298076924 0.6354145456730769 0.49301340144230765 0.6304879495192307 0.503187608173077 0.6250177764423076 0.5037653918269231 0.6236912908653847 0.5028627307692308 0.6188071538461538 0.5012109399038461 0.6161397884615384 0.4979397139423077 0.6147059182692307 0.4918809495192308 0.6181811009615384 0.48326872836538465 0.6205621057692308 0.48002986057692304 0.6230290913461538 0.46418977884615387 0.6261035168269231 0.4604295841346154 0.6252953413461538 0.4543833653846154 0.6277479375 0.4333987331730769 0.6317017692307693 0.42880059375 0.6338111634615384 0.4103182379807692 0.6364922067307692 0.40690801682692307 0.6398494807692308
14 0.516202485576923 0.505697141826923 0.5147230408653847 0.5085968125 0.5149904711538462 0.5129517620192308 0.517887625 0.5187226802884616 0.5152975240384615 0.5271535913461538 0.5196321971153846 0.5465185432692308 0.5212473413461539 0.5587109927884616 0.5269142115384615 0.5675640649038461 0.5312459086538461 0.5675570480769231 0.5346614110576924 0.5572311586538462 0.5293342716346154 0.5272255360576923 0.5242138197115385 0.5196024447115385 0.5192198197115384 0.5082108004807693 0.516202485576923 0.505697141826923
3 0.6887508317307692 0.8294219639423077 0.5992968028846154 0.48209524519230773 0.17108215865384618 0.5837535769230769 0.2645185 0.9707632980769231 0.6887508317307692 0.8294219639423077
1 0.5998009951923077 0.46701702884615387 0.5180687475961538 0.11786024038461539 0.16587213221153846 0.15844964423076924 0.24891267548076923 0.5393000528846155 0.5998009951923077 0.46701702884615387
0 0.10721036538461538 0.1091647764423077 0.10411568509615385 0.12621681971153847 0.10407249038461538 0.15614440625 0.32754825721153846 0.13631697115384614 0.31901969711538464 0.12967884855769232 0.3121235576923077 0.10659590384615385 0.34634455048076923 0.09872487259615384 0.34748006971153844 0.1020821826923077 0.34557838221153847 0.08258790384615386 0.34980034375 0.08270617067307692 0.34348539903846154 0.043647399038461536 0.3360343052884615 0.02941400721153846 0.11885814663461539 0.08088570432692309 0.10721036538461538 0.1091647764423077
0 0.3992330865384615 0.10250863701923077 0.3609722620192307 0.08301912019230769 0.34980034375 0.08270617067307692 0.35004961778846155 0.08424794951923077 0.3514543341346154 0.11383258413461537 0.37018997115384616 0.16922678365384616 0.4025166826923077 0.22819931009615385 0.4333674519230769 0.2766426875 0.4741258990384616 0.32817739182692307 0.51347121875 0.4167637524038461 0.5604821057692309 0.4817753197115385 0.6032704567307692 0.5246696153846154 0.6173939711538462 0.5240420480769231 0.6289463076923076 0.4990287836538462 0.5999502307692308 0.45474276442307693 0.5735641442307693 0.3821232548076923 0.522941204326923 0.2975695985576923 0.4944819543269231 0.26351814182692307 0.4620059278846154 0.21681987259615385 0.44498008894230767 0.19229762259615385 0.4365418870192308 0.1738993004807692 0.4300340384615385 0.15504347836538462 0.4150382331730769 0.12188070432692308 0.3992330865384615 0.10250863701923077
6 0.50667846875 0.07840349759615385 0.5433140216346154 0.09963807692307693 0.5839164639423077 0.13761094471153845 0.60719475 0.17561008653846155 0.6375413125 0.23913162980769231 0.6413159254807692 0.29807175 0.6413481899038461 0.3008792403846154 0.6602289495192307 0.3520641947115385 0.6594760312500001 0.38759951923076924 0.6646098653846154 0.40720307211538465 0.6723291682692308 0.3859131298076923 0.6745946153846153 0.30514327403846153 0.6729560889423076 0.2552160144230769 0.6423474903846155 0.16047933173076923 0.621255266826923 0.12740162740384614 0.6051448822115385 0.10674198798076924 0.5551388052884616 0.050599610576923075 0.5299866105769231 0.034802692307692305 0.4974175769230769 0.022123485576923077 0.46312386298076924 0.019372194711538462 0.42273357692307695 0.016705973557692308 0.36578514663461537 0.030203 0.3415052283653846 0.048196341346153845 0.3178919278846154 0.09050957451923078 0.31921866826923073 0.11331311538461539 0.34786249759615384 0.12394786538461539 0.3488985625 0.12309149759615384 0.3725052139423077 0.08436539182692308 0.42091588701923077 0.06065293028846153 0.4518031346153846 0.053332516826923075 0.50667846875 0.07840349759615385
6 0.5805729975961539 0.17512015625000002 0.5467271153846154 0.13554594951923077 0.519999170673077 0.11740271875 0.47630197355769227 0.09648189663461539 0.4362665793269231 0.09101176682692308 0.37972286538461536 0.09761346875 0.3488985625 0.12309149759615384 0.3482816730769231 0.12410349519230769 0.34786249759615384 0.12394786538461539 0.34051008653846154 0.13002505048076923 0.32385238942307687 0.15437120913461538 0.3463842379807692 0.2537418653846154 0.3717554326923077 0.3306815120192308 0.39645986538461536 0.38330131971153847 0.43224287740384615 0.44825417067307693 0.4763447932692308 0.46227966586538466 0.5355354326923076 0.47544884375 0.5801912956730769 0.47030475 0.61234890625 0.4640431177884615 0.6316881057692308 0.44659927884615386 0.6342374567307693 0.43165782211538467 0.631353639423077 0.40704212740384615 0.6388015528846154 0.3992988653846154 0.6419393461538461 0.3523192259615385 0.6413481899038461 0.3008792403846154 0.6288608701923077 0.2670266346153846 0.6010052524038462 0.2097142091346154 0.5805729975961539 0.17512015625000002