3 0.30282735817307693 0.45998677403846155 0.29529687740384614 0.7565228629807692 0.6067531177884615 0.7565228629807692 0.6216316754807691 0.4905726129807692 0.30282735817307693 0.45998677403846155
1 0.38467259615384614 0.1673280432692308 0.3696892884615384 0.45220171634615386 0.6186559495192309 0.4733718629807692 0.6355181971153846 0.21006796874999997 0.38467259615384614 0.1673280432692308
5 0.35679464903846153 0.11083276201923077 0.2873617331730769 0.08040065865384616 0.16734191826923078 0.09230887259615385 0.10881994951923077 0.11612530048076922 0.06319254326923077 0.21139106009615385 0.03839507451923077 0.3278269663461538 0.050297903846153846 0.4270621225961539 0.10088472836538462 0.49718829086538463 0.18321235817307693 0.44293975961538457 0.2199125841346154 0.28284039182692305 0.24173432932692307 0.17963581490384614 0.33199718028846154 0.16772760096153846 0.3706811730769231 0.26167019471153846 0.3488594278846154 0.40456881009615386 0.3657216778846154 0.5051271322115385 0.3696892884615384 0.5818690793269231 0.4053976298076923 0.5924540504807692 0.4342757716346154 0.5740740745192308 0.42721944951923074 0.4164770504807693 0.4430898149038462 0.2854866225961538 0.4470574254807692 0.19551342548076922 0.35679464903846153 0.11083276201923077
2 0.6861050961538461 1 0.7148701009615385 0.9841021153846155 0.7376838052884616 0.9232379062499999 0.7694245360576922 0.854434903846154 0.8180275168269231 0.7750467788461539 0.8091004879807693 0.6956586538461539 0.7793435240384615 0.6506720288461539 0.7267728581730769 0.6586108221153846 0.6543642139423077 0.7432915096153846 0.639485733173077 0.7313832692307692 0.5928665192307693 0.6916892067307692 0.580963764423077 0.7102131225961539 0.5958422451923077 0.7843086875 0.6543642139423077 0.8359109879807692 0.5730285432692308 0.8279721971153846 0.5283930961538462 0.8451728966346154 0.4999999783653846 0.980820108173077 0.5928665192307693 1 0.6861050961538461 1
13 0.5362103173076923 0.5758928581730769 0.5333581346153846 0.5701058197115384 0.5241815480769231 0.5638227524038462 0.5174851201923076 0.5631613750000001 0.5125248004807692 0.5641534399038461 0.5100446418269231 0.5628306875 0.5059523798076924 0.5669642860576923 0.5019841274038461 0.5752314807692308 0.49975198317307695 0.5808531754807692 0.49975198317307695 0.5858134927884615 0.5040922620192307 0.5922619038461538 0.5132688485576924 0.5978835985576922 0.5223214278846154 0.6013558197115384 0.5313740072115385 0.5978835985576922 0.5354662692307692 0.5920965600961539 0.5369543653846154 0.5858134927884615 0.5362103173076923 0.5758928581730769
7 0.4376240072115385 0.5995370360576924 0.4324156754807692 0.5982142860576923 0.36458333413461536 0.5960648149038461 0.36259920673076923 0.6264880961538462 0.36284722115384616 0.6311177259615385 0.36396329326923077 0.6329365072115384 0.36966765865384615 0.6316137572115385 0.43278769951923074 0.6331018509615384 0.4353918653846154 0.6326058197115384 0.43625992067307695 0.628472221153846 0.4394841274038462 0.6016865072115385 0.4376240072115385 0.5995370360576924
10 0.29340277884615384 0.643022485576923 0.2896825408653846 0.6327711634615384 0.2869543653846154 0.6168981490384616 0.2862103173076923 0.6043320096153846 0.2881944447115385 0.5884589951923077 0.29737103125000003 0.56233465625 0.3105158725961538 0.5348875673076923 0.32787698317307695 0.5021494711538461 0.32837301682692305 0.4968584663461538 0.3262648798076923 0.49570105769230766 0.32378472115384616 0.4963624326923077 0.31994047596153846 0.5018187836538461 0.3072916658653846 0.5252976201923076 0.3035714278846154 0.5352182548076923 0.2901785721153846 0.5610119038461538 0.2834821418269231 0.5778769831730769 0.2790178581730769 0.6003637572115385 0.2795138894230769 0.6175595240384616 0.28397817548076926 0.6400462956730769 0.3038194447115385 0.705522485576923 0.3132440480769231 0.7418981490384616 0.31411210336538464 0.7433862427884615 0.31795634855769234 0.7448743389423077 0.32068452403846154 0.7418981490384616 0.3162202379807692 0.722056877403846 0.29538690384615385 0.6532738100961539 0.29340277884615384 0.643022485576923
10 0.34027777884615384 0.7088293653846154 0.3365575408653846 0.6959325408653847 0.3303571418269231 0.6542658725961539 0.3291170625 0.6324404759615384 0.3301091274038462 0.6086309519230769 0.3320932548076923 0.5977182548076923 0.3381696418269231 0.5816798942307693 0.3408978173076923 0.579365079326923 0.3485863100961539 0.5783730168269231 0.36569940384615385 0.579695766826923 0.3673115072115385 0.5752314807692308 0.36470734134615385 0.5720899471153846 0.3614831346153846 0.5710978846153846 0.34412202403846154 0.5704365072115385 0.33742559615384615 0.5727513221153846 0.3337053581730769 0.5757275144230769 0.33060515865384615 0.5805224855769231 0.3271329375 0.5897817451923077 0.32341269951923074 0.6092923269230769 0.3224206346153846 0.62483465625 0.3231646826923077 0.6479828052884616 0.32862103125 0.6896494711538461 0.33159722115384616 0.7025462956730769 0.33854166586538464 0.7200727524038462 0.34126984134615385 0.7296626995192308 0.34226190384615385 0.7296626995192308 0.34511408653846154 0.7294973533653846 0.3464781754807692 0.7270171947115384 0.34523809615384615 0.7204034399038461 0.34027777884615384 0.7088293653846154
15 0.548611110576923 0.5057870360576924 0.5469990072115385 0.5026455024038461 0.5450148798076924 0.5016534399038461 0.5434027788461538 0.5038029110576923 0.5429067451923077 0.5077711634615384 0.5503472211538462 0.5385251322115384 0.5533234134615385 0.545469576923077 0.5560515865384615 0.5434854495192307 0.5567956346153846 0.5385251322115384 0.5540674591346154 0.5302579374999999 0.548611110576923 0.5057870360576924
15 0.5855654759615384 0.5130621682692308 0.5802331346153846 0.5056216923076924 0.57862103125 0.5074404759615384 0.5788690480769231 0.5124007932692307 0.5885416658653846 0.5504298942307693 0.5922619038461538 0.5444775144230769 0.5917658725961539 0.5391865072115385 0.5882936514423076 0.5282738100961539 0.5855654759615384 0.5130621682692308
15 0.41555059615384615 0.5029761899038461 0.41294642788461544 0.5061177259615385 0.4112103173076923 0.5137235456730769 0.41096230048076926 0.5335648149038461 0.4119543653846154 0.5464616394230769 0.4188988100961539 0.5130621682692308 0.41939484134615385 0.5051256610576923 0.41753472115384616 0.5029761899038461 0.41555059615384615 0.5029761899038461
4 0.592509920673077 0.6354166658653846 0.59325396875 0.6331018509615384 0.5927579374999999 0.6168981490384616 0.5939980168269231 0.6119378317307692 0.59375 0.6066468245192308 0.5926339278846154 0.6051587307692308 0.5859375 0.6031746033653846 0.5732886899038461 0.6031746033653846 0.5691964278846154 0.6049933870192308 0.5682043653846154 0.6327711634615384 0.5771329374999999 0.6364087307692308 0.5802331346153846 0.6342592596153847 0.5844494038461538 0.6359126995192308 0.5861855168269231 0.6345899471153846 0.592509920673077 0.6354166658653846
4 0.5504712307692308 0.6015211634615384 0.5332341274038461 0.6023478846153846 0.5319940480769231 0.6327711634615384 0.5375744038461538 0.6362433870192308 0.5414186514423076 0.6364087307692308 0.5570436514423076 0.6334325408653847 0.5577876995192308 0.6059854495192307 0.5569196418269231 0.6038359783653846 0.5504712307692308 0.6015211634615384
14 0.5530753966346154 0.718088625 0.5492311514423076 0.7136243389423077 0.5474950408653846 0.7136243389423077 0.545138889423077 0.7170965600961539 0.5448908725961539 0.7256944447115384 0.548115079326923 0.7369378317307693 0.5491071418269231 0.7471891538461539 0.5535714278846154 0.75049603125 0.5572916658653846 0.7468584663461539 0.5580357139423077 0.7369378317307693 0.5555555552884616 0.7316468245192307 0.5530753966346154 0.718088625
14 0.5765128966346154 0.6947751322115384 0.5726686514423076 0.6972552908653846 0.5711805552884616 0.7075066129807692 0.5726686514423076 0.7303240745192308 0.576884920673077 0.7375992067307693 0.5813492067307693 0.7299933870192308 0.5820932548076923 0.7217261899038461 0.5806051586538461 0.7032076730769231 0.5765128966346154 0.6947751322115384
15 0.48685738221153846 0.49790506730769235 0.48379628125 0.5050705480769231 0.4881799423076923 0.5358349783653846 0.49016371153846156 0.5190752475961539 0.4875186875 0.49790506730769235 0.48685738221153846 0.49790506730769235
15 0.39560272115384615 0.5384812403846154 0.4048604543269231 0.5384812403846154 0.40195104326923076 0.49955908413461536 0.39560272115384615 0.5384812403846154
10 0.46040674759615385 0.6081663533653846 0.45511664903846155 0.6240439711538461 0.4372624423076923 0.637275326923077 0.4385850024038461 0.6505066802884615 0.45181031971153846 0.6381574711538461 0.4643743822115385 0.6213977067307692 0.4729708076923077 0.5711185889423077 0.47826095432692306 0.5481842211538461 0.46701940625 0.5199573245192307 0.46305181971153847 0.48732001201923075 0.45651453605769227 0.48743386298076924 0.4597454903846154 0.5226036225961539 0.4663581490384615 0.5499484759615385 0.46172930769230774 0.5799394903846153 0.46040674759615385 0.6081663533653846
10 0.5668705913461538 0.49173046394230774 0.5926599711538462 0.5146647980769231 0.5972888125 0.5384812403846154 0.5939824831730769 0.5640618389423077 0.5761283245192308 0.5728827427884615 0.5549677860576924 0.5622976850961539 0.5364523221153846 0.5428916923076923 0.5311622259615384 0.5543589278846154 0.5569516033653846 0.5720007331730769 0.582740983173077 0.5799394903846153 0.6012564471153846 0.5684722908653846 0.6091916177884615 0.5367170552884615 0.5913374591346154 0.5040797067307692 0.5635642620192308 0.4758528125 0.5318234807692307 0.4511542908653846 0.5060341009615384 0.4379229350961538 0.4756158822115385 0.4229273942307692 0.45908423557692307 0.4255736923076923 0.4412300769230769 0.4246915817307692 0.42757935096153843 0.4235008822115385 0.44916524759615384 0.4352766730769231 0.4762771370192308 0.4370408581730769 0.5166143461538462 0.4529184783653846 0.5668705913461538 0.49173046394230774
10 0.5609191899038461 0.4467438389423077 0.5992726298076924 0.4520364014423077 0.6296907980769231 0.46085730288461535 0.6627540913461538 0.48114537259615386 0.6792857379807693 0.5137827211538462 0.6825920673076923 0.5534767836538461 0.6508513870192308 0.5834678317307692 0.61514296875 0.5737648533653846 0.5873698245192307 0.550830485576923 0.5701769206730769 0.5375991298076923 0.5701769206730769 0.5534767836538461 0.6052239807692308 0.5799394903846153 0.6382872764423078 0.5940529903846155 0.6746568966346154 0.5852320865384615 0.6911885456730769 0.563179829326923 0.6918498509615384 0.5102543461538461 0.660770375 0.4696782067307692 0.6415936057692307 0.4502722139423077 0.6045627764423077 0.4449796514423077 0.5615804447115385 0.4370408581730769 0.5119047475961538 0.43231922596153843 0.5185981634615385 0.4440975745192308 0.5344685528846154 0.44321549759615386 0.5609191899038461 0.4467438389423077
10 0.5238883100961538 0.5278961514423077 0.5245495673076923 0.4970229927884615 0.5410812139423077 0.4749707355769231 0.5569516033653846 0.46614983173076924 0.5714994326923077 0.4291020336538462 0.5807571658653846 0.3841154423076923 0.5820796754807692 0.3223691057692308 0.5721606875 0.2667974591346154 0.5556290408653847 0.2262212692307692 0.53050096875 0.18211675480769232 0.5106629927884615 0.15918241346153844 0.4875186875 0.1538898846153846 0.4855348701923077 0.16535704326923076 0.4597454903846154 0.17682421875 0.45577790625000003 0.18476304326923076 0.4756158822115385 0.18211675480769232 0.48288979567307694 0.16888540144230768 0.5014052620192307 0.16623913701923076 0.5126467596153846 0.18123467067307694 0.5397586514423077 0.22269291105769232 0.5589353701923077 0.2703257836538462 0.5708381778846154 0.31266612740384614 0.57348325 0.37705872596153844 0.5556290408653847 0.43351248557692307 0.5324847355769231 0.4696782067307692 0.5205819807692308 0.4899662764423077 0.5139693221153846 0.5323066033653846 0.5003306730769231 0.5381393317307692 0.4947926033653846 0.5411275048076922 0.5152918341346153 0.5517125961538462 0.5238883100961538 0.5278961514423077
10 0.45577790625000003 0.6390395480769231 0.48288979567307694 0.6187514423076923 0.5000826995192308 0.5878782836538462 0.5139693221153846 0.5464200336538462 0.5258720769230769 0.5084901586538462 0.52917840625 0.4758528125 0.5192594182692308 0.4352766730769231 0.49214752884615387 0.44321549759615386 0.4934700408653846 0.4564468533653846 0.5185981634615385 0.4485080264423077 0.5219044927884615 0.4626214567307692 0.5146305769230769 0.5049618173076923 0.5000826995192308 0.5649439495192308 0.4716482980769231 0.6143409927884615 0.44585891826923074 0.6311007211538461 0.4408068629807692 0.6020723100961539 0.4313110889423077 0.6169872572115385 0.43329485576923077 0.6390395480769231 0.45577790625000003 0.6390395480769231
10 0.4987601875 0.5287782283653846 0.4934700408653846 0.4749707355769231 0.47958346634615384 0.4361587475961538 0.4597454903846154 0.41939905288461543 0.4372624423076923 0.4158706802884616 0.42668219711538463 0.43968712259615383 0.42602094230769233 0.4493901033653846 0.44321384375 0.4299841442307692 0.46239056490384617 0.4352766730769231 0.48487361298076925 0.46703190865384614 0.49016371153846156 0.5120185336538461 0.48487361298076925 0.5473021442307693 0.46701940625 0.5790573798076923 0.44916524759615384 0.594935 0.4341931057692308 0.5745149927884615 0.4412300769230769 0.6011096370192308 0.45908423557692307 0.6108126514423077 0.4875186875 0.56759028125 0.4987601875 0.5287782283653846
10 0.4121343677884616 0.44145131009615385 0.4187470264423077 0.4502722139423077 0.4088280384615385 0.4555647427884616 0.40419914903846155 0.48555582451923074 0.40353789182692307 0.5446558798076923 0.4083524134615385 0.5595074350961539 0.4170492764423077 0.563542608173077 0.4141181370192308 0.552594673076923 0.412795625 0.5261319639423078 0.4094892956730769 0.49261254086538464 0.41676320913461534 0.45997519230769235 0.4253596850961538 0.4705602836538461 0.4313110889423077 0.4696782067307692 0.4207307956730769 0.4405691995192308 0.4121343677884616 0.44145131009615385
15 0.5053728461538461 0.5367170552884615 0.5093404302884615 0.5367170552884615 0.5127314663461539 0.50947971875 0.5053728461538461 0.5367170552884615
6 0.6052239807692308 0.11048693028846154 0.5681931033653846 0.11313321153846154 0.5338072980769231 0.13606756009615384 0.5080179182692308 0.16517653365384616 0.5172756514423077 0.1695869855769231 0.5437262860576924 0.14047801201923077 0.582740983173077 0.12283618990384615 0.61778809375 0.1325391875 0.6521738990384616 0.1572377235576923 0.6819308629807692 0.19604969471153846 0.6964786923076923 0.22780493028846155 0.7037526562499999 0.28514079807692305 0.6958173846153847 0.3504154927884615 0.675318204326923 0.40422298557692304 0.65823128125 0.42218107692307694 0.6561414326923077 0.4333319927884615 0.654965673076923 0.43870936778846154 0.6819308629807692 0.41745434134615383 0.7063976802884615 0.3477692283653846 0.7130103389423077 0.2780840841346154 0.6958173846153847 0.20222433173076923 0.6733343870192308 0.16253025240384614 0.6482062620192307 0.13342131490384615 0.6052239807692308 0.11048693028846154
6 0.5648867740384615 0.15018099278846153 0.5311622259615384 0.17223325 0.5033890288461539 0.2110452355769231 0.4974376754807693 0.2798482692307692 0.4994214423076923 0.3433587764423077 0.5166143461538462 0.40245883173076924 0.5410812139423077 0.42892154086538464 0.5893536418269231 0.4580305144230769 0.6382872764423078 0.4518559423076923 0.6445868389423077 0.446890375 0.6469185072115384 0.43175354807692307 0.6534964110576923 0.42715735336538463 0.65823128125 0.42218107692307694 0.6700280576923077 0.3592363966346154 0.6667217283653847 0.2948438125 0.6515125913461539 0.2666169158653846 0.6012564471153846 0.17928998076923078 0.5648867740384615 0.15018099278846153
0 0.3519591850961538 0.13518546875 0.3601447548076923 0.13705064903846154 0.3843611730769231 0.09990185576923076 0.43329485576923077 0.07343914903846153 0.47826095432692306 0.08667050240384616 0.502066516826923 0.11489738221153846 0.5179369086538462 0.14224221634615383 0.5209597692307693 0.17369430048076923 0.52295725 0.17414945192307693 0.5285171514423077 0.16605862740384614 0.5212432379807692 0.12018992548076923 0.49016371153846156 0.08226005048076922 0.46106805288461533 0.06814660336538461 0.4299885264423077 0.06108987019230769 0.3975864903846154 0.07343914903846153 0.3704745985576923 0.09637348076923077 0.3519591850961538 0.13518546875
0 0.5721606875 0.1828183389423077 0.5523227115384615 0.16076608173076926 0.5377748846153846 0.17752582692307695 0.52295725 0.17414945192307693 0.5212432379807692 0.1766437019230769 0.5209597692307693 0.17369430048076923 0.3601447548076923 0.13705064903846154 0.3579105360576923 0.14047801201923077 0.5421354615384616 0.18262850240384615 0.5443875432692308 0.17311537740384614 0.5591093846153846 0.18475274759615384 0.5721606875 0.1828183389423077
0 0.5357910649038462 0.2375079423076923 0.5443875432692308 0.28249453365384614 0.5562902980769231 0.3336557644230769 0.5655480288461538 0.3530617572115385 0.5794346538461539 0.3936379302884615 0.5807571658653846 0.43068569471153845 0.5933211754807692 0.47302605528846153 0.6058852884615384 0.5038991802884616 0.6164654807692307 0.49684249999999996 0.5959663004807692 0.47037975721153846 0.5926599711538462 0.41569018750000003 0.586708516826923 0.3751140144230769 0.5662092860576923 0.3239527836538461 0.5443875432692308 0.25426763942307695 0.5404199567307693 0.18987505528846155 0.5409970625 0.18743727644230768 0.53050096875 0.18899296153846154 0.5357910649038462 0.2375079423076923