9 0.577397579326923 0.2629662403846154 0.5785738774038461 0.2687824158653846 0.5816721298076923 0.27558929086538464 0.5887489639423077 0.2828456177884615 0.5955465600961538 0.2859652283653846 0.6056158990384616 0.2811203197115385 0.6096119807692307 0.2777141201923077 0.6128905697115384 0.2705858485576923 0.6125907932692308 0.2639403894230769 0.6090999375 0.24514496875 0.6037038677884615 0.23339572836538464 0.5968339879807693 0.22744177884615385 0.5895669350961539 0.2269199639423077 0.5860920456730769 0.22805396153846152 0.5792419399038462 0.23650129326923078 0.5767325889423077 0.24767723076923076 0.577397579326923 0.2629662403846154
4 0.5265494663461538 0.3038642644230769 0.5291546826923077 0.30439580048076925 0.534789673076923 0.3033717331730769 0.5370327163461538 0.30162411057692307 0.5537444350961539 0.2989220288461538 0.5556321514423077 0.2957314903846154 0.5508554423076923 0.25773992788461536 0.5472359951923077 0.25320525 0.5418908918269231 0.2536741394230769 0.5237160216346154 0.2574796153846154 0.5193265721153846 0.2607898052884615 0.5188122211538462 0.2638982524038461 0.52142959375 0.28988735096153845 0.5235752355769231 0.3002173173076923 0.5265494663461538 0.3038642644230769
4 0.48390886538461536 0.3163034495192308 0.48811190625 0.3141996298076923 0.4917488557692308 0.3148786610576923 0.4962486322115385 0.3130559110576923 0.5043473197115385 0.31325908894230764 0.5059382980769231 0.30978748557692304 0.5000781129807692 0.2713228341346154 0.4968071418269231 0.2673948173076923 0.4899920408653846 0.26813085576923074 0.47358390625 0.2719502548076923 0.46923934375 0.2747497908653846 0.4675966298076923 0.27789580048076923 0.4733913798076923 0.31436236298076925 0.48113777884615383 0.3194870240384615 0.48390886538461536 0.3163034495192308
15 0.6240402764423076 0.36771868750000003 0.6214624495192307 0.37053214182692307 0.6229354879807693 0.3766293846153846 0.6405008822115386 0.4062668677884615 0.6427781610576923 0.4087004855769231 0.6470466298076923 0.4085947548076923 0.6480060889423077 0.4059079110576923 0.6461845721153847 0.39920400480769236 0.6413713221153846 0.3927088004807692 0.6287226586538461 0.37021770673076926 0.6240402764423076 0.36771868750000003
15 0.5636212451923077 0.3364892259615385 0.5636105913461539 0.3411811201923077 0.5644110216346154 0.3430456370192308 0.5667780841346154 0.34445794711538463 0.5970028293269231 0.3379601057692308 0.5985420697115384 0.33416290624999995 0.5974692500000001 0.32899792307692305 0.5926073004807693 0.32854151442307694 0.5654709182692308 0.33464559375 0.5636212451923077 0.3364892259615385
15 0.530466391826923 0.35072200240384616 0.5323023677884615 0.3472058701923077 0.5307912860576923 0.3424555288461538 0.5276892259615384 0.34117679567307696 0.4895141634615384 0.3476119879807692 0.4881369879807692 0.35322222115384616 0.48884763701923073 0.35610804567307697 0.49096969951923075 0.35756487980769236 0.530466391826923 0.35072200240384616
10 0.6015817355769231 0.33980794230769235 0.5791764375 0.34237225 0.5593900504807693 0.3471405865384615 0.5332648653846154 0.35088341826923075 0.5193135769230769 0.35509382211538465 0.5087542403846154 0.36002778125 0.5080778245192308 0.36132319471153845 0.5086089086538462 0.3662516346153846 0.5100545576923077 0.36900388701923076 0.5132083557692307 0.3706082163461539 0.5195129158653846 0.36745248557692306 0.5282811658653845 0.36552400240384614 0.5316974663461539 0.3632281610576923 0.547725923076923 0.3609852451923077 0.5514146177884616 0.36198987259615384 0.5576293918269231 0.3598554471153846 0.5788545817307692 0.3570031105769231 0.583599358173077 0.35513583413461536 0.60223303125 0.3534244567307692 0.6058874855769231 0.35024784134615383 0.60480096875 0.3434103581730769 0.6015817355769231 0.33980794230769235
14 0.48851582692307693 0.4714073125 0.4860627884615385 0.4654881682692308 0.4892827908653846 0.4571980552884615 0.4864234591346154 0.43761787259615387 0.48573412019230766 0.4253482596153846 0.48075195673076926 0.4162037764423077 0.4764317451923077 0.4159839110576923 0.47224543990384615 0.42612461778846156 0.47529041826923074 0.45639096875 0.479820625 0.4642776009615384 0.48393995913461535 0.4759238701923077 0.4867589759615385 0.4785940288461538 0.4884534326923077 0.4757736129807692 0.48851582692307693 0.4714073125
3 0.8368201995192308 0.41866113221153844 0.7728875625 0.026993466346153846 0.33915167307692307 0.1460291346153846 0.40211170192307694 0.4978294086538462 0.8368201995192308 0.41866113221153844
1 0.8098775745192307 0.8439787451923078 0.7558464639423076 0.459011125 0.4004695192307692 0.5128720288461538 0.4555909038461538 0.8660968173076923 0.8098775745192307 0.8439787451923078
0 0.8646523774038462 0.8963060336538462 0.8690270096153847 0.87942646875 0.8713315697115385 0.8495193870192307 0.6469775216346154 0.8576300072115385 0.6549808100961538 0.8647107716346153 0.6601135480769231 0.8881408389423077 0.6253927211538461 0.8942147235576924 0.6245140456730769 0.8907999879807692 0.6249373677884615 0.9103819855769231 0.6207360552884615 0.9100426634615384 0.6240819951923077 0.9494083774038462 0.6304368701923077 0.9640233509615384 0.8508999951923077 0.9239578100961539 0.8646523774038462 0.8963060336538462
0 0.6207360552884615 0.9100426634615384 0.6206039783653845 0.9084887692307693 0.6214387307692307 0.8788485913461539 0.6069409447115385 0.8225068533653845 0.5791601899038462 0.7618771298076923 0.5520556490384615 0.7118474423076923 0.5153045072115384 0.6582093894230769 0.4827623942307693 0.5676162692307692 0.4407945408653846 0.5001820889423076 0.4013662139423077 0.45507286298076927 0.3872344615384616 0.45496031490384614 0.37382404086538457 0.4793532692307692 0.3993931899038462 0.5251309951923078 0.4202185625 0.5990882379807693 0.46431174519230767 0.6862417836538461 0.49011893028846154 0.7217630625000001 0.5189760961538462 0.7701338341346153 0.5341016706730769 0.7955328798076924 0.5411261899038462 0.8143619471153846 0.546191139423077 0.8335471322115384 0.5586393870192308 0.8674751129807692 0.5729368317307693 0.8876631826923076 0.6096187788461539 0.909144764423077 0.6207360552884615 0.9100426634615384
6 0.39141833173076923 0.8429093173076924 0.3710760384615384 0.8037141201923077 0.3456136875 0.738641860576923 0.3463033701923077 0.6795399639423076 0.34648334375 0.6767324951923077 0.3315227692307693 0.6245898365384615 0.33495883653846154 0.5891156033653846 0.3313205913461538 0.569255110576923 0.32201392548076924 0.5901277740384615 0.31365136778846153 0.67072975 0.31151258173076923 0.7207123990384615 0.33487746394230766 0.8169944975961538 0.3534116442307692 0.8511567644230769 0.36791618509615387 0.872647608173077 0.4135411201923077 0.9313748798076923 0.4374298365384615 0.9484795384615385 0.46895040625 0.9628568485576923 0.5029410793269231 0.967402625 0.5430178365384616 0.9721826971153846 0.6008281826923076 0.9616766177884616 0.6264004134615385 0.9449659230769231 0.6531456177884615 0.9039152451923077 0.6535457115384615 0.8810561129807692 0.6257849639423078 0.8689275961538462 0.6246870600961538 0.8697291778846155 0.5982195528846154 0.907195264423077 0.5481513485576923 0.9283577259615385 0.5167966225961538 0.9340559326923077 0.46396802163461537 0.9061260865384615 0.42903870432692304 0.8829856322115385 0.39141833173076923 0.8429093173076924
6 0.4536312596153846 0.8664529519230769 0.49562634375 0.8896497019230769 0.5351373173076923 0.8972133846153846 0.5920230240384615 0.893577233173077 0.6246870600961538 0.8697291778846155 0.6253787139423077 0.868750110576923 0.6257849639423078 0.8689275961538462 0.633576201923077 0.863239204326923 0.6520274110576924 0.83978034375 0.6370670384615384 0.739290125 0.6175801947115385 0.66106853125 0.5969205240384615 0.6071868798076923 0.5661449639423076 0.5403994495192308 0.5232252403846154 0.524072625 0.46519394471153847 0.5078113149038461 0.4202732548076923 0.5106133822115384 0.38773169471153845 0.5151869182692308 0.367128 0.5316072211538462 0.36345666826923073 0.5464060456730769 0.3644723918269231 0.5711577788461539 0.35646002163461543 0.5785062331730769 0.34978090384615385 0.6252928966346154 0.34648334375 0.6767324951923077 0.35637793990384614 0.7112185024038461 0.37982545432692305 0.7699549591346154 0.39758691346153846 0.8055980865384615 0.4283484639423077 0.8469208822115385 0.4536312596153846 0.8664529519230769