3 0.5526981177884616 0.18743618990384617 0.5455282788461538 0.9629763774038461 0.9742846490384616 0.9577598197115385 0.9255298341346154 0.18569733653846152 0.5526981177884616 0.18743618990384617
1 0.1545356418269231 0.18079096153846155 0.09956434134615384 0.8047383774038461 0.5240187644230769 0.8186494663461539 0.5268866562500001 0.18221956490384614 0.1545356418269231 0.18079096153846155
0 0.5785095817307693 0.19265281490384614 0.5684717403846153 0.15787525961538462 0.5125469783653845 0.17352516826923076 0.45949021634615383 0.19439173317307692 0.3447727980769231 0.23786371875 0.296017875 0.27090238701923075 0.2128478125 0.3387187115384615 0.1196565528846154 0.39909230048076927 0.11542334134615384 0.4448394206730769 0.12537569471153848 0.4430514759615385 0.16122488701923077 0.4343570793269231 0.22288554326923077 0.40131834375 0.2443950576923077 0.3926239471153846 0.3519426370192308 0.3456742548076923 0.39782956009615383 0.3126355192307692 0.46522610817307697 0.28481347596153844 0.5340564951923077 0.23612480048076925 0.5785095817307693 0.19265281490384614
0 0.08149463221153846 0.811497266826923 0.05224336298076923 0.8099550697115384 0.013526278846153846 0.7925662764423076 0.013526278846153846 0.5091288798076923 0.02929990144230769 0.5056511081730769 0.04363957692307693 0.5056511081730769 0.059413201923076926 0.5056511081730769 0.09813039423076922 0.48478460817307695 0.10791276682692308 0.49071583173076927 0.10804454807692307 0.48885147115384614 0.08706088942307691 0.44993475 0.08665861057692308 0.45000701923076925 0.060847146634615386 0.45000701923076925 0.055855139423076926 0.4310897764423077 0.0006205456730769231 0.4343570793269231 0.0020544927884615385 0.8516882019230769 0.020696115384615386 0.8725547019230769 0.07375287740384616 0.8951601875 0.08149463221153846 0.811497266826923
6 0.2071119206730769 0 0.17413061778846156 0.008331624999999999 0.09526239423076924 0.06049800721153846 0.026432009615384614 0.13526980769230768 0.0006205456730769231 0.2083027548076923 0 0.2778579326923077 0 0.35262973317307694 0.006356439903846154 0.4430514759615385 0.010658276442307693 0.4656568942307692 0.03646974038461538 0.5126066514423078 0.06801698557692307 0.5265176730769231 0.08092271634615383 0.5352120697115385 0.09070192548076922 0.5032851201923078 0.06945104086538462 0.4517458725961539 0.06945104086538462 0.38566846875 0.060847146634615386 0.3369798581730769 0.06509175 0.32411197596153846 0.06371514903846154 0.30741889423076924 0.06371514903846154 0.2587302860576923 0.07375287740384616 0.22395269711538462 0.10243223317307693 0.17178634855769231 0.13684748076923078 0.11614212740384616 0.18703635096153848 0.07788680048076922 0.2386591658653846 0.048325836538461536 0.3089236057692308 0.03441481490384615 0.35050869230769227 0.02745930528846154 0.3949616682692308 0.05354249519230769 0.39982801682692304 0.05725175721153846 0.44084859134615384 0.058759187500000004 0.5016488581730769 0.058759187500000004 0.4982073004807692 0.05354249519230769 0.4637921634615385 0.020503759615384618 0.4035654543269231 0 0.3447727980769231 0 0.26160262740384616 0 0.2071119206730769 0
6 0.449452485576923 0.4673958125 0.5139810336538462 0.4152294326923077 0.5598679567307692 0.31785214423076924 0.5699056875 0.19613058653846152 0.5585924639423077 0.15223040865384616 0.5154149783653846 0.13353092067307692 0.46438395673076927 0.12050321634615384 0.44515053846153846 0.09179782211538462 0.39982801682692304 0.05725175721153846 0.39352772355769233 0.057020233173076924 0.3289991754807692 0.057020233173076924 0.2730744134615385 0.05354249519230769 0.20424391826923077 0.07788680048076922 0.1769986201923077 0.10570887740384616 0.12824369471153846 0.16830850961538463 0.11247007211538462 0.20134721153846155 0.08952650240384616 0.25003588701923074 0.06509175 0.32411197596153846 0.06945104086538462 0.3769740721153846 0.08379071874999999 0.4239238293269231 0.09956434134615384 0.47435129086538463 0.09070192548076922 0.5032851201923078 0.09382844711538461 0.5108677980769231 0.18560240384615384 0.5352120697115385 0.28024425240384615 0.5352120697115385 0.3705842620192307 0.5178232764423076 0.449452485576923 0.4673958125
4 0.7719612764423077 0.3904823990384615 0.7712441730769231 0.3683181225961538 0.7690928653846154 0.35701868750000004 0.7656866250000001 0.35462842307692305 0.7344926490384616 0.353324641826923 0.7255288629807691 0.35462842307692305 0.7224811754807692 0.36484137259615385 0.7239153822115385 0.4087353317307692 0.7294729302884615 0.41112559855769226 0.7590534230769231 0.4113428942307692 0.767837935096154 0.4093872235576923 0.7708856225961539 0.4043893966346154 0.7705270697115385 0.39439374278846157 0.7719612764423077 0.3904823990384615
4 0.7769809975961538 0.4513255096153846 0.7751882403846154 0.44741416826923075 0.77285765625 0.4454584951923077 0.7459662956730769 0.4445893100961538 0.7330584447115385 0.4450239038461538 0.73019003125 0.4467622764423077 0.72714234375 0.45523685336538466 0.7289351033653847 0.49956540625 0.7416636778846153 0.5028248581730769 0.7733954831730769 0.50304215625 0.7769809975961538 0.50043459375 0.7776980985576922 0.49695784375 0.7773395480769231 0.4574098221153846 0.7769809975961538 0.4513255096153846
9 0.7974184302884615 0.5803998269230769 0.7970598774038462 0.573011733173077 0.7916816057692307 0.5599739254807692 0.7850484038461538 0.5536723173076923 0.777877375 0.5506301610576924 0.7563642884615385 0.5480225985576923 0.7459662956730769 0.5528031298076923 0.7386159903846153 0.561277704326923 0.7343133749999999 0.572577139423077 0.7353890288461538 0.5847457620192308 0.7386159903846153 0.5960451971153846 0.7452491923076923 0.6053889615384616 0.7481176057692308 0.6071273365384615 0.7612047331730769 0.6077792259615384 0.7764431706730769 0.6066927427884615 0.7875582644230769 0.6006084302884616 0.7949085697115384 0.5916992620192307 0.7974184302884615 0.5803998269230769
15 0.6326640384615385 0.5940895264423077 0.5939404807692308 0.6179921778846154 0.5930441009615385 0.6277705336538462 0.6005736826923077 0.6295089086538461 0.6369666538461539 0.6071273365384615 0.6407314447115385 0.5990873533653847 0.6369666538461539 0.5940895264423077 0.6326640384615385 0.5940895264423077
15 0.6864467548076922 0.3698391995192308 0.6821441370192307 0.36897001201923074 0.6780207956730769 0.3709256850961538 0.6765865913461538 0.43394176442307697 0.6780207956730769 0.44567579326923074 0.6826819639423077 0.4461103870192308 0.6864467548076922 0.44415471634615383 0.6873431346153847 0.4404606682692308 0.6880602355769232 0.37222946634615384 0.6864467548076922 0.3698391995192308
15 0.6853711009615384 0.503694045673077 0.6789171754807692 0.5019556706730769 0.6758694879807692 0.5086918725961538 0.6780207956730769 0.5573663629807692 0.6790964495192308 0.5630160793269231 0.6833990673076923 0.5643198605769231 0.6880602355769232 0.561277704326923 0.6887773389423076 0.5573663629807692 0.6869845817307693 0.5078226850961538 0.6853711009615384 0.503694045673077
10 0.6740767307692308 0.4382877019230769 0.6712083173076924 0.4078661442307692 0.6697741129807693 0.4026510216346154 0.6660093221153847 0.40112994230769233 0.6611688774038461 0.4043893966346154 0.6600932235576923 0.4091699254807692 0.6618859807692308 0.4148196442307693 0.6636787379807692 0.4461103870192308 0.6615274302884615 0.5704041730769231 0.6634994615384616 0.5727944375 0.6672642524038461 0.573446326923077 0.6703119399038461 0.57192525 0.6730010745192309 0.566492829326923 0.67443528125 0.45827900961538465 0.6740767307692308 0.4382877019230769
14 0.6145571899038461 0.32877010096153847 0.6089996418269231 0.32333768028846155 0.5925062740384616 0.32333768028846155 0.5767300096153846 0.3194263365384616 0.5724273942307693 0.32029552403846157 0.5650770889423077 0.32790091346153843 0.5657941923076923 0.3326814423076923 0.5727859447115384 0.34028683173076923 0.5960917884615384 0.34115601923076927 0.6055934038461538 0.3444154711538462 0.6107923990384616 0.34289439423076923 0.6168877740384615 0.33767926923076924 0.6177841514423077 0.33485441105769226 0.6145571899038461 0.32877010096153847