7 0.3930224855769231 0.3635912692307692 0.3688822740384615 0.36259920673076923 0.3664021153846154 0.3644593245192308 0.36739418028846155 0.38529265865384615 0.36607142788461544 0.4346478173076923 0.3708664014423077 0.4365079375 0.3978174591346154 0.43911210336538464 0.39980158653846154 0.43712797596153846 0.40079365144230766 0.4319196418269231 0.4031084663461538 0.3649553581730769 0.3930224855769231 0.3635912692307692
13 0.4355158725961538 0.5097966274038461 0.4317129639423077 0.5057043653846154 0.4247685192307692 0.5019841274038461 0.4131944447115385 0.498263889423077 0.40674603125 0.5021081346153846 0.40079365144230766 0.5097966274038461 0.39847883653846156 0.5152529759615384 0.3978174591346154 0.5224454374999999 0.4011243389423077 0.5318700408653846 0.40856481490384616 0.5359623004807692 0.41534391586538466 0.5370783725961539 0.4247685192307692 0.5359623004807692 0.4322089951923077 0.5306299591346154 0.4355158725961538 0.5241815480769231 0.4355158725961538 0.5097966274038461
14 0.28472222115384616 0.5474950408653846 0.28125 0.545138889423077 0.2752976201923077 0.5443948413461539 0.2620701057692308 0.548115079326923 0.2538029110576923 0.5488591274038461 0.2509920625 0.5502232139423077 0.249338625 0.5531994038461538 0.25181878365384613 0.5570436514423076 0.26256613701923076 0.5579117067307693 0.26835317548076926 0.5550595240384616 0.280588625 0.5528273798076924 0.2850529110576923 0.5492311514423076 0.28472222115384616 0.5474950408653846
14 0.29414682451923074 0.5714285721153846 0.2743055552884615 0.5721726201923076 0.2680224855769231 0.5734126995192308 0.26455026442307694 0.5760168653846154 0.26835317548076926 0.5806051586538461 0.2771164014423077 0.5812251995192308 0.29546957692307696 0.5803571418269231 0.3025793653846154 0.5765128966346154 0.3022486778846154 0.5730406754807692 0.29414682451923074 0.5714285721153846
4 0.39748677163461543 0.5333581346153846 0.3718584663461538 0.5314980168269231 0.36623677163461543 0.5319940480769231 0.3621031754807692 0.5375744038461538 0.3637566129807693 0.5442708341346154 0.3630952379807692 0.5497271826923077 0.36541005288461537 0.5566716274038461 0.3931878317307692 0.5574156754807692 0.3945105817307692 0.5569196418269231 0.39682539663461536 0.5499751995192308 0.3964947091346154 0.5358382932692307 0.39748677163461543 0.5333581346153846
4 0.39384920673076923 0.5693204374999999 0.36557539663461536 0.5679563485576924 0.36078042307692304 0.5765128966346154 0.3637566129807693 0.5804811514423076 0.361111110576923 0.5844494038461538 0.3630952379807692 0.5866815480769231 0.36408730048076926 0.5921378966346154 0.3925264543269231 0.5933779759615384 0.39384920673076923 0.5921378966346154 0.39517195673076927 0.5861855168269231 0.39517195673076927 0.5737847211538462 0.39384920673076923 0.5693204374999999
10 0.4239417980769231 0.3339533725961538 0.4184854495192308 0.3303571418269231 0.4032738100961539 0.3253968245192308 0.3807870360576923 0.32266865144230766 0.35003306971153847 0.3231646826923077 0.31266534375 0.328125 0.2974537043269231 0.3311011899038461 0.2691798942307692 0.34139384855769234 0.2691798942307692 0.34511408653846154 0.2743055552884615 0.3459821418269231 0.27959656009615386 0.34499007932692305 0.2901785721153846 0.34027777884615384 0.3017526466346154 0.3368055552884615 0.34507275240384616 0.3303571418269231 0.36061507932692305 0.3291170625 0.37714947115384617 0.3291170625 0.3976521153846154 0.3308531754807692 0.4148478846153846 0.3365575408653846 0.4183201057692308 0.33916170673076923 0.42063492067307695 0.34685019951923074 0.4189814807692308 0.365451389423077 0.42046957692307696 0.3670634927884615 0.4239417980769231 0.36768353125 0.42691799038461536 0.3644593245192308 0.4289021153846154 0.3493303581730769 0.4262566129807693 0.337673610576923 0.4239417980769231 0.3339533725961538
10 0.4141865072115385 0.28125 0.39368386298076924 0.27876984134615385 0.3718584663461538 0.28075396874999997 0.35631613701923076 0.28472222115384616 0.29216269951923074 0.30431547596153846 0.2743055552884615 0.30778769951923074 0.2571097884615385 0.31374007932692305 0.2549603173076923 0.31684027884615384 0.25644841346153846 0.3194444447115385 0.2673611105769231 0.31795634855769234 0.3073743389423077 0.3072916658653846 0.32820767307692306 0.30034722115384616 0.3477182548076923 0.2961309519230769 0.3678902115384615 0.28943452403846154 0.3811177259615385 0.2872023798076923 0.3979828052884615 0.2867063485576923 0.4141865072115385 0.28943452403846154 0.4393187836538462 0.2988591274038461 0.4627976201923077 0.3097718245192308 0.4968584663461538 0.32787698317307695 0.5019841274038461 0.32775297596153846 0.5033068774038462 0.32477678605769233 0.50049603125 0.32142857211538456 0.4393187836538462 0.29042658653846154 0.4141865072115385 0.28125
15 0.4862764543269231 0.578125 0.45006613701923076 0.5884176586538461 0.45221560817307693 0.5910218245192308 0.4556878317307692 0.5921378966346154 0.4862764543269231 0.5858134927884615 0.49371693028846153 0.5802331346153846 0.49123677163461543 0.5783730168269231 0.4862764543269231 0.578125
15 0.4958664014423077 0.5436507932692307 0.4915674591346154 0.5431547620192307 0.4604828052884615 0.5500992067307693 0.4537037043269231 0.552951389423077 0.4551917980769231 0.5558035721153846 0.46097883653846156 0.556423610576923 0.4928902115384615 0.5488591274038461 0.49669312259615384 0.5467509927884615 0.49735449759615386 0.5450148798076924 0.4958664014423077 0.5436507932692307
15 0.4882605817307692 0.41170634855769234 0.47833994711538463 0.41096230048076926 0.4556878317307692 0.4118303581730769 0.4677579375 0.4159226201923077 0.49371693028846153 0.41927083413461536 0.4953703701923077 0.4180307548076923 0.49570105769230766 0.415798610576923 0.4918981490384615 0.41269841346153846 0.4882605817307692 0.41170634855769234
15 0.4614748533653846 0.39880952403846154 0.4607376730769231 0.4049206826923077 0.4977685528846154 0.4054168413461538 0.4918171490384615 0.4024398028846154 0.4614748533653846 0.39880952403846154
15 0.4580926009615384 0.4857973221153846 0.47594681009615386 0.4922476033653846 0.48792987980769226 0.4849950408653846 0.4580926009615384 0.4857973221153846
15 0.46602782211538457 0.5066367091346154 0.45941516346153843 0.5106061105769231 0.5017361370192307 0.5175525600961538 0.5017361370192307 0.5106061105769231 0.46602782211538457 0.5066367091346154
10 0.42965819951923073 0.6033909663461539 0.4607376730769231 0.6108336033653846 0.4904946394230769 0.5949559951923077 0.5314931009615385 0.5577428100961538 0.5625726274038462 0.5115984663461538 0.5771204567307693 0.46495793509615385 0.5837331153846154 0.43270650961538465 0.5698465432692308 0.42327916105769237 0.5645563966346153 0.4307217980769231 0.5665402139423077 0.45404206490384613 0.55463740625 0.5006825961538461 0.5301705913461539 0.5378957788461538 0.5023974447115385 0.5646892596153846 0.47131791826923075 0.5929712836538461 0.44486728365384615 0.5974368725961539 0.42965819951923073 0.5795745528846153 0.4329645288461539 0.5612160456730769 0.4587538557692307 0.5359110697115385 0.4283356370192308 0.5463307716346154 0.4131265528846154 0.5721319158653846 0.42965819951923073 0.6033909663461539
10 0.4977685528846154 0.702626125 0.5407508341346154 0.660947389423077 0.5638951394230769 0.6014062956730769 0.56720146875 0.5443460985576923 0.5645563966346153 0.4962170048076923 0.5493473100961539 0.5031634735576923 0.5519923846153846 0.5567504927884616 0.5433959086538461 0.6023986298076923 0.5295093341346153 0.6411003581730769 0.49578478605769233 0.666901483173077 0.4369321129807692 0.6753364567307693 0.41907790384615384 0.6420926947115385 0.4323032211538462 0.6118259783653847 0.46272149278846153 0.5701472043269231 0.44824733894230767 0.5699404759615384 0.4223842331730769 0.6009100889423077 0.4025462572115384 0.6425888629807692 0.42502930769230773 0.68277909375 0.4977685528846154 0.702626125
10 0.557943735576923 0.5731242524038461 0.649859701923077 0.583047766826923 0.7278890937500001 0.5795745528846153 0.7887255336538461 0.5562542860576923 0.8462556442307693 0.5230105048076923 0.8515457908653846 0.48331644230769233 0.8284014855769232 0.44858413942307696 0.8112086346153846 0.4535458966346154 0.8065796923076923 0.4773623293269231 0.8217888269230769 0.4967131923076923 0.7907093533653846 0.5269799471153847 0.7616136947115385 0.5448422283653847 0.6855681201923077 0.5691548677884616 0.5936521033653845 0.5641931298076923 0.55463740625 0.5334301899038462 0.5136389447115385 0.5140793461538462 0.4666890769230769 0.501178764423077 0.4490740576923077 0.4961557548076923 0.4587538557692307 0.5284684326923077 0.4858657980769231 0.5279722644230769 0.5149614543269231 0.5373995913461539 0.557943735576923 0.5731242524038461
10 0.4898333822115385 0.5259875528846154 0.5407508341346154 0.5329340216346155 0.5724916153846153 0.5269799471153847 0.5586050432692308 0.4862934903846154 0.5387670673076923 0.4887743701923077 0.5427346514423077 0.5066367091346154 0.5248804423076924 0.5135831586538462 0.4514799423076923 0.4996902403846154 0.39725616105769235 0.4694235240384615 0.3800632596153846 0.4436223798076923 0.3985786730769231 0.44114150240384614 0.36144178365384616 0.43415178605769233 0.3450161466346154 0.4560267764423077 0.3688217091346154 0.48083556490384616 0.427013125 0.5111022788461539 0.4898333822115385 0.5259875528846154
10 0.5804267860576923 0.48678967788461536 0.6009260673076923 0.44908030769230767 0.5890232620192308 0.4287371081730769 0.5625726274038462 0.41831740384615385 0.5420733966346154 0.42526387259615384 0.557943735576923 0.4406453149038461 0.5427346514423077 0.46892733894230765 0.4904946394230769 0.4828202572115385 0.4349482956730769 0.46892733894230765 0.42040046634615386 0.44560707211538464 0.4342870408653846 0.42824092067307695 0.4085648004807692 0.427951389423077 0.38270828125 0.4515611850961539 0.4323032211538462 0.49026289182692306 0.4911558942307692 0.5006825961538461 0.5804267860576923 0.48678967788461536
10 0.5222354206730769 0.42526387259615384 0.5407508341346154 0.4322103413461538 0.5539761514423077 0.4222868245192308 0.5513310769230769 0.4059130192307692 0.5109938701923077 0.4014474302884615 0.47528550240384615 0.39747804567307693 0.4356095504807692 0.39896655048076923 0.42040046634615386 0.4163327115384616 0.4416335817307692 0.4217509927884615 0.44486728365384615 0.4143480024038461 0.49975237019230767 0.4133556466346154 0.5295093341346153 0.41583652644230773 0.5222354206730769 0.42526387259615384
3 0.23991400480769232 0.29340277884615384 0.24648752403846153 0.6088489302884615 0.5143001995192308 0.6232379975961538 0.5427346514423077 0.3076702091346154 0.23991400480769232 0.29340277884615384
1 0.5566212259615384 0.37677258413461534 0.52554175 0.6248604951923077 0.7907093533653846 0.6347840120192308 0.8369979639423076 0.36932995673076924 0.5566212259615384 0.37677258413461534
6 0.5287653918269231 0.5760077716346154 0.5375805360576923 0.6324845456730769 0.5702046923076923 0.6467954951923077 0.5734724543269231 0.6474021610576923 0.5737314591346154 0.6487802187499999 0.602796045673077 0.6664995432692307 0.6513200144230769 0.6732582043269232 0.7421338870192307 0.6699503653846153 0.8435279855769231 0.5978394759615384 0.8523448653846154 0.5402831057692308 0.7862182764423077 0.49529650480769233 0.6530833629807693 0.4886808293269231 0.5825483365384615 0.50918946875 0.5287653918269231 0.5760077716346154
6 0.8911390745192308 0.53829840625 0.832947625 0.4972812043269231 0.8144322620192308 0.5032352980769231 0.8532264711538461 0.5369752668269231 0.87174196875 0.5872544014423077 0.8532264711538461 0.6401798197115384 0.800325201923077 0.6752429278846154 0.7262634783653846 0.6937667932692307 0.6301594254807692 0.6831817211538461 0.602796045673077 0.6664995432692307 0.5519145528846153 0.6594125144230769 0.60459053125 0.7043519158653846 0.7403704038461538 0.7255220625000001 0.8585166514423077 0.68847428125 0.9105361802884615 0.5978394759615384 0.8911390745192308 0.53829840625
0 0.8585166514423077 0.3411512211538461 0.8330751586538461 0.49768784134615385 0.8638066995192308 0.3643060793269231 0.9017193004807692 0.394076625 0.9114179206730769 0.4298012932692308 0.8911390745192308 0.4873576875 0.8310392716346153 0.5102142692307692 0.8295468990384616 0.519396548076923 0.8364744567307691 0.53829840625 0.8620433485576923 0.53829840625 0.9175897091346154 0.5085278605769231 0.9405136466346153 0.47346475 0.9546205721153846 0.4304628485576923 0.9096545721153846 0.3643060793269231 0.8585166514423077 0.3411512211538461
0 0.7500690216346153 0.552852875 0.7888632331730769 0.5429293605769231 0.8064969903846154 0.5363136826923077 0.8188406995192307 0.5594685793269231 0.825559858173077 0.5303059302884615 0.8153138677884615 0.5224208221153847 0.7386070552884616 0.5303595889423077 0.6380946971153846 0.5634379735576923 0.5270019759615384 0.5773308870192307 0.4928124134615385 0.6045042427884615 0.5243569543269231 0.6123939951923076 0.5834300120192307 0.6051167596153847 0.6486749230769231 0.5813002836538461 0.69981284375 0.5621148605769231 0.7500690216346153 0.552852875
2 0.020913185096153846 0.6952253533653846 0.07469616346153846 0.7236727355769231 0.13024245673076923 0.7203648966346154 0.1575747644230769 0.7005178653846154 0.16639164423076924 0.7322731346153847 0.1637466201923077 0.7600589591346154 0.2148844735576923 0.7937989014423077 0.24045343509615383 0.8070302548076923 0.29335470432692307 0.8076918629807692 0.33303065625 0.79842990625 0.3506644110576923 0.7560895624999999 0.3303856322115385 0.7097798221153847 0.2818928028846154 0.6614853605769231 0.2616139543269231 0.6343610937499999 0.3004082331730769 0.5887129375 0.26778574278846157 0.5873897956730769 0.22634644230769232 0.5986364519230769 0.1752085216346154 0.6363457908653847 0.16991840865384616 0.5728353028846154 0.14787621153846153 0.5093248125 0.08703974038461539 0.49873971394230765 0.0013227307692307692 0.49454365144230766 0 0.6019442908653846 0.003279430288461539 0.6581775456730768 0.020913185096153846 0.6952253533653846
5 0.6971677548076923 0.19864338701923076 0.7394887956730769 0.21187474278846155 0.79944359375 0.21187474278846155 0.8373560625 0.22973707451923076 0.8541082139423076 0.28464718990384613 0.8338293653846154 0.3336032115384615 0.8117871706730769 0.36006591826923073 0.7624125985576923 0.3660200384615384 0.7289085697115384 0.36932787740384615 0.6081172283653846 0.3719741586538462 0.49085278846153846 0.37263571634615383 0.4273712932692308 0.37263571634615383 0.4009206586538462 0.40042153846153844 0.40797412019230767 0.42357640865384616 0.5322920913461539 0.4156376153846154 0.6134074110576923 0.4182838966346154 0.7394887956730769 0.40306781971153843 0.8038520336538462 0.3898364663461538 0.8823221971153846 0.3633737572115385 0.9193530576923077 0.32235660576923075 0.9211164062499999 0.23172177403846156 0.9061277403846154 0.15365678846153846 0.8752686658653845 0.09610039182692308 0.8382378052884616 0.07691493028846154 0.7659394302884616 0.05706789903846154 0.6874691346153846 0.04780595432692308 0.6081172283653846 0.051113793269230774 0.5657962548076922 0.062360437500000004 0.5675596033653846 0.09080785576923077 0.5679012139423076 0.0894510576923077 0.560506141826923 0.11991685817307693 0.5975370024038461 0.14439482932692307 0.62751446875 0.18739673076923077 0.6971677548076923 0.19864338701923076
10 0.37094325961538466 0.4325829423076923 0.344492625 0.4286135336538462 0.3489010625 0.4557378125 0.40003891586538465 0.46698446875 0.48997111538461535 0.4815389639423077 0.5128949855769231 0.46830760817307693 0.5105819903846154 0.4490740745192308 0.4785091466346154 0.4590456514423077 0.44235995913461534 0.4610303485576923 0.3832869014423077 0.45772250961538463 0.37094325961538466 0.4325829423076923