3 0.7190437259615384 0.8232128605769231 0.7671611610576924 0.5466729326923077 0.19181787740384618 0.41191917067307693 0.13840368269230768 0.6898192932692309 0.7190437259615384 0.8232128605769231
1 0.7702964038461538 0.530204326923077 0.8162078701923078 0.26525179807692306 0.3631443173076923 0.16636971634615383 0.3087158533653846 0.42331775961538465 0.7702964038461538 0.530204326923077
0 0.5567386706730769 0.18639199278846152 0.5761174014423077 0.18514673557692307 0.5732162788461539 0.17274916346153846 0.5720655048076924 0.17250128605769233 0.5004096754807692 0.19201347355769233 0.45640866826923077 0.2328047764423077 0.42296414182692305 0.28952105048076926 0.4247913701923077 0.3370232644230769 0.46498210096153847 0.37334649759615385 0.5258438605769231 0.40577438701923074 0.6222596514423077 0.4465390168269231 0.7431828269230769 0.4822904326923077 0.7769574134615385 0.4864724855769231 0.7829947139423077 0.48003094951923075 0.7198730817307692 0.4667375216346154 0.6207518197115385 0.43542575 0.52570275 0.39699903125 0.4640963870192308 0.3637240504807692 0.4339347524038461 0.3270625 0.4431263341346154 0.27878156490384615 0.4716315024038461 0.22897692067307693 0.513671641826923 0.1984855528846154 0.5567386706730769 0.18639199278846152
6 0.40162100480769236 0.23984662980769228 0.44107822115384615 0.21816437980769232 0.48004515865384617 0.19905708173076922 0.5053508221153846 0.18154421634615386 0.4917487692307692 0.1765543557692308 0.4996676274038461 0.17046584615384616 0.4500060745192308 0.16175179807692308 0.38300731971153845 0.156801625 0.3024253870192308 0.1708584110576923 0.27524041826923074 0.19945317067307694 0.29709800240384615 0.23215011538461539 0.3442929567307692 0.2411989591346154 0.40162100480769236 0.23984662980769228
6 0.5209145576923077 0.34125782692307693 0.46486960096153845 0.3025620625 0.41291538942307693 0.2661704639423077 0.34365492307692314 0.24455037500000001 0.29489465625 0.25799891586538465 0.2825834855769231 0.29411617307692306 0.30867292307692307 0.3378926682692308 0.3549338966346154 0.3756392548076923 0.41530543990384616 0.41064213461538457 0.4834443629807692 0.4286368076923077 0.5423748966346154 0.42362534855769235 0.5909939831730769 0.4014014326923077 0.5958605216346153 0.3972073125 0.5879793653846154 0.39344463221153847 0.5841079663461538 0.3909813870192308 0.5973706322115384 0.38136208653846154 0.5884686057692308 0.3765999230769231 0.5209145576923077 0.34125782692307693
12 0.6583275721153845 0.5938714831730769 0.6546688990384616 0.5988120745192307 0.64974975 0.6005578725961539 0.6436656442307692 0.6003918076923077 0.630790110576923 0.5948516730769231 0.6289250913461538 0.5912630144230769 0.6204064783653845 0.58157628125 0.6036074951923077 0.5877215625 0.5947008004807692 0.5925660841346153 0.5766685793269231 0.608758610576923 0.5714091081730769 0.625677125 0.5712580120192308 0.6425329182692308 0.5745745480769231 0.6518822427884616 0.5793226298076923 0.65728140625 0.5844987379807692 0.6675709783653846 0.6006503125 0.6853501826923077 0.6155341442307692 0.6964033846153845 0.6238103269230769 0.7011171658653846 0.6361732115384615 0.7057807716346154 0.6551310336538462 0.7106041706730769 0.6706453798076922 0.7120990625 0.6876849783653847 0.7100439254807692 0.7027694807692307 0.7057656033653846 0.714924983173077 0.6999181081730769 0.7241974182692308 0.692260110576923 0.7335049086538461 0.6790639591346154 0.7371490528846153 0.6670609447115384 0.738466920673077 0.6529998173076923 0.7360451201923077 0.649658766826923 0.7328591562500001 0.6360542259615385 0.7272659158653846 0.6261710600961539 0.7144659278846154 0.6122030264423077 0.6972558125 0.5990917163461538 0.6867029278846153 0.5938440889423077 0.6741562692307692 0.5901458221153846 0.6610086971153847 0.587819298076923 0.6589212211538461 0.5889685264423077 0.6583275721153845 0.5938714831730769
15 0.6888151177884616 0.559548485576923 0.6867276346153847 0.5606977115384615 0.6856249663461539 0.5664897427884615 0.6857144879807693 0.5874356778846154 0.6872597115384615 0.5935964807692308 0.6882372572115384 0.5947080721153847 0.6935348533653846 0.5963284158653847 0.69641246875 0.5954905144230769 0.6972431057692308 0.5929120961538461 0.6955382620192307 0.5768816634615385 0.6957461947115384 0.5650813557692308 0.6945776081730769 0.5614038918269231 0.6888151177884616 0.559548485576923
15 0.49419205528846155 0.5422753485576923 0.49629042788461536 0.5464229374999999 0.49963656490384617 0.5475857019230769 0.5032565552884616 0.5464176562499999 0.5056988846153846 0.5371581298076923 0.5169747235576924 0.5100533774038462 0.5170097740384615 0.5045152259615384 0.5127338485576923 0.5028823341346154 0.5106905 0.5029074254807692 0.5080939975961538 0.5049457307692308 0.49419205528846155 0.5422753485576923
15 0.38817248798076925 0.5673331899038462 0.38682920192307696 0.569035076923077 0.38702024278846153 0.5716009519230769 0.39018260336538463 0.5737290528846154 0.4284216778846154 0.5825693076923076 0.4443567932692308 0.5854233990384615 0.44857950961538456 0.5837664134615385 0.4489434326923077 0.5800701274038461 0.4456891826923077 0.5784246947115385 0.39880818509615384 0.5676841346153846 0.39123569711538464 0.56641275 0.38817248798076925 0.5673331899038462
15 0.3494926754807692 0.5474229038461538 0.37611487740384614 0.5530350144230769 0.3805709471153846 0.5519369615384615 0.3819565504807692 0.5482281322115384 0.3781896466346154 0.5457061682692308 0.3235487524038462 0.5328939567307692 0.31913862499999995 0.5337506802884615 0.3180782668269231 0.5375357692307692 0.32086943990384614 0.5398289447115384 0.3494926754807692 0.5474229038461538
15 0.2936753798076923 0.5497134254807692 0.30119829326923075 0.5494605384615384 0.302861375 0.5451865048076923 0.29588979807692306 0.5425433774038462 0.24352560817307692 0.5302650072115385 0.24083358653846154 0.531020375 0.23930652163461538 0.5336876009615384 0.23931015384615384 0.5354532091346154 0.24214726923076924 0.5375050504807692 0.2936753798076923 0.5497134254807692
4 0.25679301442307695 0.5908565192307692 0.2601355192307692 0.5902536802884616 0.2629176153846154 0.5881328389423077 0.26576618028846155 0.5731700913461538 0.26941395673076923 0.5629326802884616 0.26852466826923077 0.5595728149038461 0.2655019591346154 0.5576035120192308 0.22828637259615384 0.5496335168269231 0.2224833846153846 0.5506678509615385 0.22095631971153845 0.553335079326923 0.21692045913461538 0.5781037403846153 0.21911072115384614 0.5817686610576923 0.22329475721153846 0.58388421875 0.23420975000000002 0.5845527620192308 0.2512179302884615 0.5898013822115384 0.25679301442307695 0.5908565192307692
4 0.3425405216346154 0.576802016826923 0.3392862716346154 0.5751565793269231 0.30508976923076925 0.5673902836538461 0.30035258173076923 0.5672879399038462 0.29715153846153847 0.5689323798076923 0.2950271923076923 0.5747369567307692 0.29145441346153844 0.5988578798076923 0.2941996394230769 0.6013923918269231 0.297731375 0.6024726201923077 0.30994915865384615 0.6043290168269231 0.3203587644230769 0.6076522403846154 0.33336668509615386 0.6098199663461539 0.3370803798076923 0.6090520504807693 0.34319827163461536 0.5804857524038461 0.3425405216346154 0.576802016826923
4 0.41012231730769233 0.626935266826923 0.4111403581730769 0.6251571153846154 0.4159258581730769 0.6035895192307692 0.41697895192307693 0.59627321875 0.41609148076923075 0.5937961538461539 0.41423009375 0.5919731033653846 0.4045646802884616 0.5892025384615385 0.37821996153846155 0.5830252211538461 0.37575948076923077 0.58345671875 0.3731629807692308 0.5854950240384615 0.36764236778846154 0.61092396875 0.36779109615384614 0.6154967836538462 0.37415994711538464 0.6186288557692308 0.39232763221153844 0.6231409230769231 0.3980864951923077 0.6232307235576923 0.4035237427884616 0.6250098701923077 0.40761589182692304 0.6276080961538462 0.41012231730769233 0.626935266826923
4 0.450424 0.5999556418269231 0.44731848076923075 0.6028830216346154 0.4424943004807692 0.6282231634615385 0.44343135096153846 0.6322244975961537 0.4614630192307692 0.6383433749999999 0.4753529639423077 0.6403397524038461 0.48028300721153844 0.6438907764423077 0.48246418990384615 0.6431416826923078 0.48519670913461543 0.6394965721153846 0.4901587235576923 0.6134324254807693 0.4893631394230769 0.6104726947115384 0.48689721153846155 0.60825578125 0.450424 0.5999556418269231
14 0.20442305528846155 0.4402956995192308 0.19899306971153846 0.44204776923076927 0.1959885144230769 0.44890649278846156 0.20378109615384615 0.46686859375 0.20138834615384615 0.4776523918269231 0.20889436298076922 0.4917656826923077 0.20876379326923075 0.4960208966346154 0.21035132932692308 0.5001747620192307 0.21830589903846154 0.5065778894230769 0.22017636538461538 0.512814954326923 0.22282062500000002 0.5114181201923077 0.22364762740384617 0.5070740961538461 0.22823245673076925 0.5008380240384616 0.22813330048076924 0.49778948076923074 0.2214615480769231 0.4828633774038461 0.21921626442307693 0.4750257740384616 0.2168422235576923 0.47232619471153847 0.20940212259615384 0.46768239903846154 0.20454399519230768 0.453937875 0.20573855528846152 0.4476631754807692 0.21069456971153844 0.44126203125 0.21227302644230767 0.44100187740384617 0.21687601201923076 0.4435938341346154 0.22017257211538463 0.4432323293269231 0.21834986778846155 0.43763672836538464 0.21291261778846152 0.4358575865384615 0.21017283653846153 0.43597148557692306 0.20442305528846155 0.4402956995192308
14 0.3043924639423077 0.45415645673076926 0.30327163701923077 0.4511204591346154 0.2975919543269231 0.4443683677884615 0.28743386298076923 0.45043210576923076 0.2822167043269231 0.4653436802884615 0.27763187500000003 0.47157975240384614 0.27763913942307694 0.47511096875000003 0.27987716346153846 0.4794173557692308 0.2846675576923077 0.4828095745192308 0.29376347596153846 0.47964812740384616 0.2967293485576923 0.4765619495192308 0.29704369951923076 0.4713413966346154 0.30389070673076923 0.4585767403846154 0.3043924639423077 0.45415645673076926
14 0.3503945144230769 0.4891453701923077 0.3462377163461538 0.5002718557692307 0.3410979230769231 0.5076383413461538 0.34064573798076925 0.5135828966346154 0.34297928125 0.51917221875 0.3412684375 0.5228047860576923 0.34252346875 0.5233511754807693 0.35162846634615386 0.5246037403846153 0.3578485913461539 0.5231629975961538 0.36194128846153845 0.5034498173076923 0.36726122836538466 0.4933523894230769 0.36538713221153846 0.48534971634615387 0.3684726802884616 0.4727115072115385 0.37028086057692305 0.47124468028846156 0.3745991009615385 0.47087063221153846 0.37593875480769234 0.46740313701923075 0.3839138485576923 0.4612056923076923 0.38427777403846153 0.45750940865384615 0.38116135817307695 0.45513996874999996 0.3760989278846154 0.45496136057692305 0.36983649519230766 0.4584090456730769 0.3652516658653846 0.46464511778846157 0.36170667067307694 0.4796966730769231 0.3589282067307692 0.4835831201923077 0.3503945144230769 0.4891453701923077
14 0.4254919591346154 0.5354945192307692 0.4289281730769231 0.5352918125 0.4294795072115385 0.532395798076923 0.4321201346153846 0.5292333533653847 0.4375924375 0.5254743461538461 0.4392355480769231 0.5114894807692308 0.4432581442307692 0.5028526057692309 0.4435301826923077 0.4996389927884615 0.43878209855769235 0.49423982932692306 0.4386351875 0.49054981971153844 0.43366646153846156 0.49077134615384616 0.43292771874999997 0.49286709375000004 0.4272220649038462 0.49606717067307693 0.42569500000000005 0.4987343966346154 0.4241897211538461 0.5119952596153846 0.4210050216346154 0.5215849254807693 0.4251098798076923 0.5303627740384615 0.42432882211538464 0.5344654639423078 0.4254919591346154 0.5354945192307692
10 0.5341489158653846 0.41538020192307695 0.5271313942307693 0.4129784086538461 0.5168650697115384 0.41157958653846155 0.5124126298076923 0.41444325 0.5001392692307692 0.43072557932692307 0.4848891418269231 0.44479726923076923 0.4845711610576923 0.44825221634615386 0.4901480600961538 0.4501901586538462 0.49511678605769227 0.44996863701923073 0.4992385360576923 0.44438030288461533 0.50994978125 0.4363033485576923 0.5169418822115385 0.42634590384615384 0.5217655072115385 0.4233171706730769 0.5265982163461538 0.42470245192307693 0.5362708942307692 0.43100422836538466 0.5598129927884615 0.4519029591346154 0.5814145240384615 0.4776409254807692 0.585692264423077 0.4801566177884615 0.5912304807692308 0.48586710576923076 0.5934225576923077 0.4904148293269231 0.6090632932692308 0.5082003052884615 0.6136735408653846 0.5143234735576923 0.6201083076923077 0.5269250408653846 0.6249942235576923 0.5316001995192308 0.6312379495192307 0.5416358894230769 0.6364176874999999 0.5536910697115385 0.6391187860576923 0.5573497187500001 0.642951608173077 0.5693411802884616 0.6445222500000001 0.5878612235576923 0.6424347716346154 0.589010454326923 0.638948985576923 0.5876888870192307 0.631825045673077 0.5787073413461539 0.6270346538461538 0.5753151177884616 0.6216892908653846 0.5730533052884615 0.6179332860576923 0.5758281586538462 0.6240778605769232 0.5828153100961538 0.6249193870192309 0.5855337091346153 0.6284088052884615 0.5886208774038462 0.6326956274038462 0.5955505865384615 0.6438971850961538 0.6000679375 0.6490992644230769 0.6004053461538461 0.6536012788461538 0.599065954326923 0.6576770865384615 0.5937189567307692 0.6577544471153847 0.5861738653846154 0.6540872475961539 0.5643890336538462 0.6460540504807692 0.5423367908653847 0.6424231658653846 0.5382080192307692 0.6343585504807692 0.52345953125 0.6251380552884616 0.5112131971153846 0.6114838317307693 0.48834714663461537 0.6032022019230769 0.48098494951923076 0.597006235576923 0.4715907259615385 0.5917932620192308 0.4659565024038462 0.5842135120192308 0.46115390624999997 0.5684349423076923 0.4440924302884615 0.5504788197115384 0.42954566105769226 0.5390311995192307 0.41828975480769226 0.5341489158653846 0.41538020192307695