9 0.7510257259615384 0.3519814975961539 0.7585263173076923 0.34971212259615386 0.7747647067307692 0.3512885240384615 0.7915754134615385 0.3447467932692308 0.7966738870192308 0.3410538100961539 0.7979607836538462 0.3369983798076923 0.796619516826923 0.33235925 0.7917626706730769 0.3278918966346154 0.7866803677884615 0.32662259615384615 0.7771603774038461 0.32677256250000003 0.7601577259615385 0.3313040480769231 0.7575648365384615 0.33258647836538463 0.754747076923077 0.33942510576923074 0.7524501899038462 0.3412417548076923 0.7237173798076924 0.3465098413461538 0.7162694038461539 0.35039934855769234 0.7209169615384615 0.3531024591346154 0.7407235456730769 0.3561272139423077 0.7457879206730769 0.35528437500000004 0.7510257259615384 0.3519814975961539
14 0.7258825504807693 0.3749589326923077 0.7213749062500001 0.3750040745192308 0.7189739639423076 0.37829674759615384 0.7207846610576923 0.3810100600961538 0.7214657235576923 0.3902810528846154 0.7232590793269231 0.39324037019230773 0.728794641826923 0.3975461418269231 0.7335450865384616 0.39405694711538464 0.7343093485576924 0.3879490625 0.7315933028846153 0.38387909375 0.7300600913461538 0.37722971875 0.7258825504807693 0.3749589326923077
14 0.7406762019230769 0.3757303653846154 0.73843134375 0.3768090072115384 0.737805826923077 0.38094886057692307 0.7408722475961539 0.39424760576923074 0.7444583725961539 0.39780810096153846 0.7493493197115384 0.3994253004807692 0.7522196923076923 0.3942068076923077 0.7520797764423077 0.3914585528846154 0.749292014423077 0.37894002403846155 0.7461585673076924 0.3760578629807692 0.7406762019230769 0.3757303653846154
14 0.7663663822115385 0.3828570985576923 0.765131516826923 0.38617451442307693 0.7660727211538462 0.3917554471153846 0.7651697187500001 0.3998313629807692 0.7706705961538461 0.40462914423076923 0.7762570192307692 0.4034806201923077 0.7777185120192307 0.4016814375 0.7780480264423077 0.3970073653846154 0.7775230528846154 0.3855223413461539 0.7721441610576923 0.38136067307692306 0.7663663822115385 0.3828570985576923
14 0.5769668557692308 0.4189970889423077 0.5739900817307693 0.41625903846153844 0.5696038389423077 0.4145821514423077 0.5634086538461538 0.4172663798076923 0.563479201923077 0.4209986514423077 0.5596520336538462 0.4279566418269231 0.560018579326923 0.4322231346153846 0.5623345649038461 0.43723490625 0.5654153990384615 0.43849693509615384 0.5673995264423077 0.4387502115384615 0.5728460336538461 0.43485343269230764 0.5751423317307692 0.4306786370192308 0.5767760841346153 0.4217031322115385 0.5769668557692308 0.4189970889423077
11 0.6431347764423077 0.33945027644230774 0.6393925697115385 0.33810382211538464 0.6318913918269231 0.33801505528846154 0.6250874495192308 0.34223499278846153 0.6196438725961539 0.3579224855769231 0.6204278197115385 0.3610011682692308 0.6243793149038462 0.36411186298076925 0.6418005408653846 0.3631088581730769 0.6517194182692307 0.3573008028846154 0.6546077211538462 0.35419444951923074 0.6548852115384616 0.3502583870192308 0.6524998533653845 0.34623062980769226 0.6431347764423077 0.33945027644230774
11 0.5579001947115384 0.3407697403846154 0.5582984038461538 0.3619647980769231 0.5739148052884615 0.36598772115384615 0.5938207836538462 0.36124556971153843 0.5940493822115385 0.3453841947115385 0.5830037644230769 0.33801525480769234 0.5579001947115384 0.3407697403846154
11 0.5972496081730769 0.3378474543269231 0.5911267235576922 0.3489837427884615 0.5937452067307692 0.36400741586538465 0.6157241947115384 0.3660278846153846 0.6280651274038462 0.35502318269230765 0.6259289110576923 0.34746734134615387 0.6178984783653847 0.33518642067307697 0.5972496081730769 0.3378474543269231
14 0.599353108173077 0.40896128846153845 0.5926724471153846 0.41539162980769234 0.5903076322115385 0.42369718509615384 0.593706920673077 0.4434321850961539 0.5960195865384615 0.44362740384615384 0.6047874903846154 0.43282872596153843 0.6047385216346154 0.42090454567307695 0.599353108173077 0.40896128846153845
14 0.6275208990384615 0.4132190120192308 0.6181488822115385 0.41996797355769233 0.6122573100961538 0.4278232355769231 0.6094280721153846 0.4413020336538462 0.6236757235576923 0.44252291826923074 0.6296134951923077 0.4340114326923077 0.6358751658653846 0.42090646875000004 0.6275208990384615 0.4132190120192308
10 0.5359205817307692 0.4127820384615385 0.5561994254807693 0.41537063701923077 0.5836732307692307 0.4294713605769231 0.6033506826923077 0.4405905649038461 0.6278583389423077 0.47152743269230774 0.6425749254807692 0.5025386875 0.664021139423077 0.5390436971153846 0.6864933004807692 0.59885340625 0.6817201899038461 0.628700985576923 0.6738829975961539 0.651536358173077 0.6489671802884616 0.6642464158653846 0.6409906634615384 0.6877569374999999 0.6738884134615385 0.6766970985576923 0.6979226225961538 0.6638745288461538 0.7071504326923077 0.6339334759615384 0.6977702259615385 0.6029413173076923 0.6963687740384615 0.55972553125 0.6746884735576923 0.5139211466346154 0.648599733173077 0.4675540192307693 0.6249274879807692 0.43738591346153843 0.5747121514423077 0.4051537668269231 0.5448735360576923 0.3993585192307692 0.5359205817307692 0.4127820384615385
10 0.6935604447115384 0.6626555889423076 0.7213498822115384 0.6344218197115384 0.7294157427884616 0.5957250697115385 0.7156679350961539 0.5383532692307692 0.6782996322115384 0.4753178701923077 0.6453424110576923 0.42542549759615383 0.5822282259615384 0.39949213701923075 0.5749023245192307 0.4104182596153846 0.605342625 0.4249543125 0.6308217740384615 0.44211094711538457 0.6547742956730769 0.4809222283653846 0.6769634711538461 0.5195083918269231 0.7021704711538461 0.5657629639423077 0.7054768317307692 0.619815625 0.686504141826923 0.6491748389423078 0.6509183509615385 0.6744270721153847 0.6524530360576922 0.6905135168269231 0.6695752764423077 0.6874023052884616 0.6935604447115384 0.6626555889423076
10 0.6840550649038462 0.6965338509615384 0.7118010192307692 0.6815366538461538 0.7519776514423077 0.6416419951923077 0.796051201923077 0.5969479519230769 0.8283852211538462 0.5547279759615384 0.8156169639423076 0.5213170216346155 0.7763955673076922 0.4719492427884615 0.6870592788461539 0.4267780913461538 0.6236344471153846 0.4133293581730769 0.6363404855769231 0.42692488221153846 0.6724461177884616 0.44477589663461536 0.7093409735576923 0.4640518485576923 0.7626640192307692 0.49005958653846154 0.7882411033653847 0.5310646033653846 0.78217003125 0.5667054615384616 0.7466303701923077 0.5913014639423078 0.7201444447115384 0.6389026947115385 0.6913344831730769 0.6689925024038461 0.6592752572115385 0.6946949038461538 0.6840550649038462 0.6965338509615384
10 0.7102634254807693 0.4383474831730769 0.7192190841346153 0.43750436057692305 0.7332771057692308 0.42738096634615386 0.7476617379807693 0.42524449278846155 0.7707733629807693 0.4381262644230769 0.7780173533653846 0.4615626274038461 0.7811332524038461 0.4930793341346154 0.7783547932692307 0.5198710240384615 0.7484754038461539 0.53989271875 0.7266210312499999 0.5470345913461538 0.7241555697115385 0.5189114158653847 0.7217852692307692 0.5020561971153846 0.7069844254807692 0.5100984567307693 0.7157168413461539 0.5502774182692307 0.7320090168269231 0.5715582019230769 0.7651404495192308 0.5685042548076923 0.7848097043269231 0.5418823918269231 0.7980268269230769 0.505829514423077 0.8053986322115385 0.47697575961538463 0.7920727331730769 0.43885887259615386 0.7716496826923076 0.4130781538461538 0.7575398485576923 0.3986970048076923 0.71577671875 0.39800065144230773 0.6973592908653846 0.4194855168269231 0.7102634254807693 0.4383474831730769
10 0.7298020913461538 0.45143528125 0.7569956826923078 0.4568928653846154 0.7735109735576924 0.4371515528846154 0.8253890745192307 0.43318012259615385 0.8755527307692308 0.44090771875 0.8853492932692307 0.4659940360576923 0.859184420673077 0.49642152884615387 0.8268912427884616 0.5128245985576924 0.7845265841346154 0.5206588557692308 0.7439195024038461 0.5056312596153846 0.7240140048076923 0.5082996610576923 0.7320934807692308 0.5325047163461538 0.76675959375 0.5455372307692308 0.8140903413461539 0.5429716394230769 0.8536220913461539 0.5248441706730769 0.8879561802884616 0.5047289975961539 0.9081343100961539 0.4708889110576923 0.8990318028846154 0.4359595793269231 0.8543895 0.4256262019230769 0.7778241105769231 0.4264463485576923 0.7298020913461538 0.45143528125
10 0.8718109807692307 0.5192207115384615 0.8822443629807692 0.4847988269230769 0.877316079326923 0.44113281249999997 0.8558236033653847 0.4052839903846154 0.804916985576923 0.3954752163461538 0.7497434951923078 0.39571545913461537 0.7205606658653847 0.4184745048076923 0.7151807403846154 0.43169199759615384 0.7344391923076923 0.43613668028846153 0.7311966562500001 0.43367884375000004 0.7677990216346154 0.41722133653846155 0.8093771033653846 0.42054250480769234 0.8394497355769232 0.4356370673076923 0.8633070985576924 0.46318034375 0.8563052451923077 0.48678453125 0.8344997764423077 0.5058505504807692 0.7811386682692307 0.5182400745192308 0.7556622980769231 0.5136637908653846 0.7461977620192308 0.5217251081730769 0.7863389711538461 0.5328081105769231 0.8429956009615385 0.5241497932692307 0.8718109807692307 0.5192207115384615
10 0.7455146826923078 0.36736721875 0.7715461899038462 0.3640690889423077 0.7878383653846155 0.38534987499999995 0.7810216971153847 0.40632919230769227 0.7706319350961538 0.42751455048076925 0.7536512524038461 0.4412375168269231 0.7434002740384614 0.4604542764423077 0.7250570985576924 0.4734373485576923 0.7351929903846154 0.4885392620192308 0.753659454326923 0.4789785600961538 0.7809862692307692 0.4573068629807692 0.8010746538461538 0.43735953365384617 0.8097445552884615 0.40271251682692305 0.8012923485576924 0.37117672355769227 0.7673664134615384 0.34764498317307696 0.7544213052884616 0.3545999375 0.7296933100961538 0.3772655456730769 0.7440343197115384 0.38836562259615387 0.7455146826923078 0.36736721875
10 0.8767256538461539 0.4999848918269231 0.9019190384615385 0.4833376514423077 0.9179689375 0.45757796634615383 0.9192616129807691 0.4266239903846154 0.9174438076923077 0.38931402163461537 0.9009638076923078 0.3580776706730769 0.8489990264423077 0.3403279639423077 0.8140931201923076 0.3410296394230769 0.8317757764423077 0.3552047620192308 0.8640745096153846 0.36396242788461536 0.8850064302884615 0.38252494711538465 0.8934558581730769 0.40148041346153845 0.8924897908653846 0.4404213076923077 0.8801978942307692 0.4633501923076923 0.87119875 0.4774298341346154 0.8270244759615385 0.4856952427884615 0.8232692451923077 0.5011064423076923 0.8767256538461539 0.4999848918269231
3 0.5175602620192308 0.26940973557692305 0.5108115360576924 0.46760103846153844 0.8738981586538461 0.5148523918269231 0.8733947043269231 0.33270900000000003 0.5175602620192308 0.26940973557692305
1 0.5703690048076923 0.4919973605769231 0.5662120913461538 0.6914497067307692 0.8715742548076922 0.7118633413461539 0.8729729326923077 0.52797640625 0.5703690048076923 0.4919973605769231
0 0.7580733052884615 0.7192244206730769 0.7391904927884615 0.734690875 0.7111207115384615 0.7542814663461539 0.6839789326923077 0.7733284230769232 0.6892717548076923 0.7865840721153846 0.7559534783653846 0.787150735576923 0.8254135240384616 0.76092571875 0.8809925336538461 0.7044581923076922 0.9131387259615384 0.6522826634615384 0.9328025600961538 0.6005000841346153 0.9360871153846154 0.5539098149038462 0.9381542692307693 0.5271158149038462 0.9329223149038461 0.5104689375 0.8994644110576923 0.5055359302884616 0.9085642740384615 0.5278849302884615 0.9094950552884615 0.5399216466346154 0.8801762163461538 0.5772296658653846 0.8549392139423078 0.6071134591346155 0.8445004134615384 0.6163746274038462 0.8155952884615385 0.6351964927884615 0.7866491826923077 0.6798352475961539 0.76442471875 0.6922267211538462 0.7580733052884615 0.7192244206730769
6 0.5693349302884616 0.6454739591346154 0.5732454014423077 0.7035763509615385 0.5923704254807692 0.7351503317307693 0.6253166730769231 0.7347211899038462 0.666516608173077 0.7055508557692308 0.6706447043269231 0.6974704350961538 0.7213989206730769 0.6463459975961539 0.8049660240384615 0.6219217355769231 0.8365217932692308 0.6285982716346153 0.8441385192307693 0.6593653197115384 0.8407995096153846 0.6688706875 0.8118453461538462 0.6757683533653847 0.7747247331730769 0.6849341490384616 0.7235894615384615 0.6909867019230769 0.7150094399038461 0.7117409783653846 0.7428070697115385 0.7212483197115385 0.7823414639423076 0.7157011947115385 0.8363067427884616 0.7073614350961539 0.8888325024038461 0.6942031826923076 0.893836920673077 0.6610745913461538 0.8889604495192308 0.641913141826923 0.8735009735576923 0.6088207475961538 0.7830598341346153 0.6045590913461538 0.7171238485576924 0.6186539350961537 0.6705876081730769 0.6478051706730769 0.6240540048076924 0.6895368052884615 0.6199693966346154 0.6843806322115384 0.6144425576923077 0.6618256610576924 0.6106762932692308 0.6269153533653846 0.6048664014423077 0.5831368389423077 0.60796590625 0.5391714110576923 0.6246635336538462 0.5042249158653846 0.6696678028846154 0.47156753124999995 0.7492510120192308 0.47841581971153846 0.8281403028846154 0.49510712259615386 0.861785891826923 0.5099957259615384 0.9099983774038461 0.5075426899038461 0.9522242548076923 0.5016770288461538 0.9572803509615385 0.49305297115384616 0.9172568004807692 0.47645949759615386 0.8877194567307692 0.48284923798076923 0.8474883653846154 0.48565905288461536 0.8163490817307693 0.47307674278846157 0.7792691850961538 0.4564255576923077 0.7252059663461539 0.4409169951923077 0.6697058629807693 0.4331702980769231 0.6133757716346154 0.4498155480769231 0.5761217331730769 0.4861106394230769 0.5787777283653847 0.5367697211538461 0.5676042307692307 0.58169084375 0.5693349302884616 0.6454739591346154
15 0.5424061177884615 0.29395161057692304 0.5393293846153846 0.30919657932692307 0.5392958701923077 0.31440487019230773 0.5440128028846154 0.31612397115384616 0.5473884663461539 0.3132039326923077 0.5505866009615384 0.29623693990384614 0.5502726682692308 0.29359058173076924 0.5465131153846154 0.29249012740384617 0.5436589134615384 0.29274633413461537 0.5424061177884615 0.29395161057692304
15 0.5647541490384616 0.2987900841346154 0.5609640096153846 0.3146886394230769 0.5613652403846154 0.31846312259615384 0.5650554206730769 0.32054759134615385 0.5684484302884616 0.3173815504807692 0.5718385072115384 0.30242480048076925 0.5722027091346154 0.29725871875 0.5686171706730769 0.2960563701923077 0.5662850120192308 0.2960068894230769 0.5647541490384616 0.2987900841346154
15 0.5904263966346154 0.3038046778846154 0.5884296129807692 0.32266255048076925 0.5910757019230769 0.3253583894230769 0.595113326923077 0.32488092307692307 0.5971488990384615 0.3220380432692308 0.5984496225961539 0.30358775721153847 0.5977356298076922 0.30188319951923076 0.595298826923077 0.3009515985576923 0.5923052932692308 0.30081768990384616 0.5904263966346154 0.3038046778846154