9 0.3033710793269231 0.6904175288461538 0.29635988701923077 0.6941824711538461 0.2802388918269231 0.6959015360576923 0.26473635096153847 0.7057822788461539 0.26028273076923075 0.7104727692307692 0.25961203365384616 0.714752235576923 0.2615981971153846 0.7190791177884616 0.26700003846153847 0.7225253221153847 0.2721582451923077 0.7227563125 0.28145346634615387 0.7206838725961539 0.29743569951923077 0.7127567331730769 0.2997871201923077 0.7109617163461538 0.30155198317307697 0.7036144134615385 0.30353615624999997 0.7013497427884615 0.3308914879807692 0.6903221033653846 0.3376159807692308 0.6849620528846153 0.3326750889423077 0.6832221274038462 0.31285171874999995 0.6842267644230768 0.30801769230769227 0.6860855288461539 0.3033710793269231 0.6904175288461538
14 0.32464231730769233 0.6625632235576924 0.3290472884615384 0.6616075745192307 0.33091901682692304 0.6578589615384616 0.3287530168269231 0.6555356538461539 0.32674053605769227 0.6464846298076924 0.3245557956730769 0.643914 0.3185131658653846 0.6407650985576924 0.3143705673076923 0.6451832788461539 0.3145093293269231 0.6513913557692308 0.31775832692307693 0.6548763173076922 0.3202241850961538 0.6611568052884615 0.32464231730769233 0.6625632235576924
14 0.31005211778846153 0.6647881514423077 0.31209251201923077 0.6632654495192308 0.3121036802884615 0.6590359567307692 0.30717196394230767 0.6464749879807693 0.30314540625 0.6436708052884617 0.29812396875 0.6430563341346154 0.29607240625000003 0.6488085240384615 0.29660832451923075 0.6515040961538462 0.3011540480769231 0.6633480865384616 0.30463910817307693 0.6655714399038462 0.31005211778846153 0.6647881514423077
14 0.28387509134615385 0.6629161971153846 0.2846020096153846 0.659378704326923 0.28287064663461536 0.6540375384615384 0.28258195673076925 0.6458508701923077 0.27650184375 0.6422073221153847 0.27120128125 0.6444745504807692 0.27003215384615387 0.64655309375 0.2703882331730769 0.6512522427884615 0.2725693798076923 0.6625291754807693 0.27843775721153846 0.6655669086538462 0.28387509134615385 0.6629161971153846
14 0.4639893173076923 0.5888232331730769 0.46730012259615383 0.5909354182692308 0.47183628365384617 0.5917110360576923 0.4775096754807692 0.5877987211538461 0.47689879326923074 0.5841138557692308 0.47963421153846153 0.576444264423077 0.4786560817307692 0.5722897379807692 0.47566188461538467 0.5677904951923077 0.47246352403846154 0.56716225 0.47048493509615386 0.5673121778846154 0.46572029086538463 0.5722749807692308 0.4640790384615385 0.5768767355769231 0.4637831658653846 0.586102670673077 0.4639893173076923 0.5888232331730769
11 0.41078070913461534 0.6810347956730769 0.41463859615384613 0.6816130625000001 0.4219927115384615 0.6801851995192307 0.4280389326923077 0.6746277980769231 0.43108896634615385 0.6579795913461539 0.42987478125 0.6550866706730769 0.42555593750000004 0.6528021274038461 0.4086518004807692 0.6573167139423077 0.39978762500000004 0.6650775985576923 0.3974118798076923 0.66874003125 0.3977117355769231 0.6726972115384615 0.40063097115384616 0.6762071610576924 0.41078070913461534 0.6810347956730769
11 0.49400626923076923 0.6625028004807691 0.4905395048076923 0.6415764567307692 0.4746720576923077 0.6407450360576923 0.4558789879807692 0.6494676802884616 0.4579579807692308 0.665234375 0.46983787499999996 0.6703057644230769 0.49400626923076923 0.6625028004807691
11 0.45592015865384616 0.6733508822115385 0.4602957451923077 0.6610761850961538 0.4555519975961539 0.6467150889423077 0.43374834375 0.6491540913461538 0.4232681899038461 0.6625549182692307 0.4264557932692308 0.6696119639423077 0.4360979086538462 0.6801610168269231 0.45592015865384616 0.6733508822115385
14 0.44353738221153843 0.6032937259615385 0.4491420504807693 0.5955704639423077 0.4502506610576923 0.5868607908653846 0.44405877644230773 0.5679879975961538 0.44176708653846153 0.568261858173077 0.43475386538461536 0.5807364519230769 0.4365329110576923 0.5925448293269231 0.44353738221153843 0.6032937259615385
14 0.41535209134615386 0.6047659807692308 0.42354446875 0.5961830576923076 0.4281700096153846 0.5872069903846154 0.4289821009615385 0.5732761706730769 0.41486100721153846 0.5749453004807692 0.4102855240384615 0.5845810985576922 0.40605991826923077 0.59883503125 0.41535209134615386 0.6047659807692308
10 0.5050626466346154 0.5866884302884615 0.4848403990384615 0.58822078125 0.45590531490384617 0.5797972163461538 0.43503318990384615 0.5727531947115385 0.4065567764423077 0.5470436153846154 0.3876518605769231 0.5192817283653846 0.36136323798076925 0.4874348004807692 0.3306872307692308 0.43269747836538464 0.33102536538461536 0.40215043990384614 0.33538026442307695 0.37793413701923073 0.35791958413461533 0.3603019639423077 0.3623128221153846 0.33538835096153846 0.3317221923076923 0.3529979567307692 0.3100620144230769 0.3705634855769231 0.30537773557692305 0.40210337740384616 0.31905729326923077 0.4309247211538461 0.32670282211538465 0.4734734783653846 0.35457059375 0.5144898822115385 0.3868345024038462 0.5551731706730769 0.41438171153846154 0.5802896370192308 0.46820568509615385 0.6020879735576923 0.49824938461538465 0.6018019447115385 0.5050626466346154 0.5866884302884615
10 0.31450814182692305 0.3708900889423077 0.2914101658653846 0.4044888028846154 0.28913419230769233 0.44447181971153843 0.3109179471153846 0.49855590625 0.3566407620192308 0.553480045673077 0.3961384807692308 0.5962692860576924 0.4616718173076923 0.6092181706730769 0.46725528125 0.5969086658653846 0.4353537548076923 0.5886531081730769 0.4079271442307692 0.5767976899038462 0.37885083894230764 0.543171454326923 0.3515329639423077 0.5094119927884615 0.32014833413461535 0.46866207692307693 0.3090652451923077 0.4157576394230769 0.32337108413461535 0.38282516826923074 0.3545320192307692 0.35060601923076923 0.3506946682692308 0.3349725769230769 0.3343892043269231 0.34151622596153847 0.31450814182692305 0.3708900889423077
10 0.31889247596153847 0.3353918677884616 0.29391540865384613 0.35586278365384616 0.2603872716346154 0.40352203124999997 0.2237420721153846 0.4567255288461538 0.19822690384615382 0.5051045985576923 0.21557342067307694 0.5356385985576924 0.2611255841346154 0.5766420360576923 0.35511478365384613 0.6033588725961538 0.41913965384615387 0.603871235576923 0.4047307836538462 0.5929641033653846 0.3668034663461538 0.5825678798076923 0.32789689182692305 0.5709188581730769 0.2719351201923077 0.5559176610576924 0.24095041346153845 0.5204454615384615 0.24171778365384616 0.4838943028846154 0.27292884375 0.4523348798076923 0.2919393774038462 0.3998041298076923 0.3157666586538461 0.36415963221153846 0.3434108725961539 0.33220696394230764 0.31889247596153847 0.3353918677884616
10 0.3307258052884615 0.5965813413461538 0.3220835096153846 0.5992267403846154 0.30979493750000003 0.6121010721153847 0.2960271995192308 0.6171254254807692 0.2715382427884615 0.6090284759615385 0.2610462860576923 0.5872641346153846 0.2534213100961539 0.5566570024038462 0.25225097115384615 0.5295417932692308 0.2785865408653846 0.5036598798076923 0.29893807451923077 0.4921650961538461 0.30543381490384613 0.5195402716346154 0.3102005697115385 0.5357667980769231 0.3235182620192308 0.5248050048076923 0.30913896875 0.48674754807692305 0.2901046995192308 0.4689480985576923 0.25812309855769233 0.4786701394230769 0.24273814663461538 0.5090303317307693 0.2350369206730769 0.5474339278846154 0.23201121875 0.5775211177884615 0.25058668509615384 0.6126065600961538 0.27431702884615383 0.6340312067307692 0.2902138173076923 0.6454333052884615 0.3311875216346154 0.6376839591346154 0.3460931153846154 0.6126681081730769 0.3307258052884615 0.5965813413461538
10 0.30970371153846155 0.5875581634615384 0.28229764903846155 0.5876443485576923 0.26900051201923075 0.6105477451923077 0.21880517548076922 0.6249674567307693 0.1685892908653846 0.62744559375 0.1553596514423077 0.6045617740384616 0.17654922355769231 0.5691171153846154 0.20577245192307692 0.5463339086538461 0.24609640865384613 0.53000815625 0.28801928846153846 0.5366963846153846 0.3071129471153846 0.5300291706730769 0.2956917235576923 0.5076717980769231 0.25987277163461536 0.5017603774038462 0.21392373076923077 0.5138678076923078 0.1778666201923077 0.5398228701923077 0.14718490865384615 0.5666976418269231 0.13234985817307693 0.60431478125 0.14632922355769232 0.6370944495192308 0.1915197860576923 0.6383147067307693 0.2663334975961539 0.6220294735576922 0.30970371153846155 0.5875581634615384
10 0.16088197115384617 0.5490720072115385 0.15566834375 0.5852965576923077 0.1668308653846154 0.6275788389423076 0.19306949519230768 0.6587660552884615 0.24431463701923078 0.6582004759615384 0.29827678125 0.6468128774038462 0.3235332427884616 0.6183586875 0.3268795697115384 0.6041714110576923 0.30738649759615383 0.6036579591346154 0.3109167139423077 0.6054387115384615 0.2774840841346154 0.6291466754807692 0.23631041586538462 0.6342571274038461 0.2046876370192308 0.6253737235576923 0.1773403221153846 0.6028961802884616 0.18076607932692307 0.5780866947115384 0.1993386346153846 0.5547835528846154 0.24976323557692306 0.5317208245192308 0.2753607427884615 0.5311081850961539 0.2834531442307692 0.5212058653846154 0.24255887019230768 0.5183330528846154 0.18836732692307695 0.5383636778846154 0.16088197115384617 0.5490720072115385
10 0.30653094711538464 0.6740547836538462 0.2815333269230769 0.682584079326923 0.2624990625 0.6647846346153846 0.2661246514423077 0.6426141274038462 0.27321723557692307 0.6195173629807692 0.2878435721153846 0.6024848100961538 0.29508612740384615 0.5813671995192308 0.3111533197115385 0.5647926394230769 0.29904110096153846 0.5518731201923077 0.28235639903846155 0.5650806225961539 0.2587585120192308 0.5920820576923077 0.2419943798076923 0.6159116947115385 0.23853931490384614 0.6520030120192307 0.2513895793269231 0.6815506923076923 0.28800838701923076 0.6980176634615384 0.2996677644230769 0.6885085264423078 0.32057794711538457 0.6610471778846154 0.30493125 0.6529437259615385 0.30653094711538464 0.6740547836538462
10 0.15886470432692307 0.5691301418269231 0.13662532451923076 0.5907206225961539 0.12465738701923076 0.6194948918269231 0.12788609134615386 0.6504351730769231 0.13508170432692307 0.6870464302884615 0.15574511538461538 0.7146750649038461 0.20917870192307692 0.7217660552884616 0.24323843990384614 0.7140168125 0.22387492067307693 0.70354090625 0.1909934879807692 0.7013879663461539 0.16781303365384614 0.6872202451923077 0.1567918701923077 0.6701405985576923 0.1520839951923077 0.6313503341346153 0.1607850360576923 0.6061411394230769 0.16754824278846153 0.5903679951923076 0.2095806346153846 0.5732492379807692 0.2110184302884615 0.5572160528846154 0.15886470432692307 0.5691301418269231
3 0.5438458942307692 0.7250771009615384 0.5216778052884615 0.5272822572115385 0.1594734807692308 0.5538233076923077 0.18640931730769233 0.7342472475961539 0.5438458942307692 0.7250771009615384
1 0.45984848798076927 0.5151380192307692 0.4349607764423077 0.31661708653846155 0.13314627884615385 0.3580925 0.1584736658653846 0.5406288822115385 0.45984848798076927 0.5151380192307692
0 0.24315837259615383 0.3278604711538462 0.25939316586538463 0.30871552884615383 0.2840202980769231 0.2836265793269231 0.3078181418269231 0.25926396394230766 0.3007137572115385 0.24719562259615382 0.2353716298076923 0.2601090673076923 0.17119996875000001 0.30013768990384615 0.1250038894230769 0.36733513461538464 0.10111786298076922 0.4255433822115385 0.08939098798076922 0.48083973076923076 0.09294032692307692 0.5276799495192308 0.09480713701923077 0.5546537091346153 0.10234428125 0.5700954615384616 0.13580492067307692 0.5682234639423077 0.12365452403846154 0.5479118629807692 0.12099612980769231 0.536170141826923 0.14427351442307693 0.4932687115384615 0.1646339326923077 0.4585504278846154 0.1735056346153846 0.44726203365384615 0.1990619014423077 0.4227661730769231 0.22091024278846155 0.3726744326923077 0.24086185096153848 0.35590188221153846 0.24315837259615383 0.3278604711538462
6 0.43857916586538465 0.3628155625 0.42631692307692304 0.3060194423076923 0.40301587259615385 0.2785906778846154 0.37083444230769236 0.2856738076923077 0.33474789182692305 0.3229107668269231 0.33188091586538465 0.3317536274038462 0.2896310528846154 0.39268043990384616 0.21139171153846154 0.43377506009615385 0.1795395264423077 0.4335346298076923 0.16761853125 0.40458003125 0.1695063798076923 0.39448433894230767 0.1968417644230769 0.3817968629807692 0.23184018028846154 0.3652111201923077 0.28100639903846153 0.3488788798076923 0.2863904134615385 0.3265750769230769 0.25780526201923076 0.3227695360576923 0.21991918269230767 0.3362565264423077 0.16831535576923076 0.35542755048076924 0.11881988942307692 0.3790833677884615 0.11873170432692308 0.41292902163461537 0.1262860048076923 0.4309348461538462 0.14622010576923078 0.4606092692307693 0.23535145913461536 0.44655668509615387 0.2978352307692308 0.41926264423076925 0.33914707211538464 0.3809662524038462 0.37862993990384614 0.3302017235576923 0.3833760096153846 0.3344866826923077 0.39205947596153845 0.35572446153846154 0.4008136225961539 0.38956362259615385 0.4128552836538461 0.43177925 0.4162046586538462 0.475980548076923 0.4049365216346154 0.5139909302884615 0.365633 0.5554527548076923 0.2867525336538461 0.5647475048076923 0.20712220432692308 0.5641464350961539 0.17203255769230769 0.5561891826923077 0.12520423557692306 0.5683632355769231 0.08473030769230769 0.5827098317307692 0.08103403846153846 0.59227903125 0.12261316105769231 0.6006371490384615 0.15059303125 0.5883352379807693 0.18955834855769232 0.5774204567307692 0.22186031490384617 0.583598375 0.2605669326923077 0.5926085504807692 0.31572885096153847 0.5970542451923077 0.37117016346153847 0.5935166514423077 0.4238826081730769 0.5656360192307692 0.4550730456730769 0.5221349711538461 0.4451191274038461 0.47246254326923076 0.44953283653846154 0.4256824447115385 0.43857916586538465 0.3628155625
15 0.5159669014423077 0.7057740625 0.5167648052884615 0.6900427451923077 0.5160414759615384 0.6848739375 0.5111755528846154 0.6841233076923078 0.5082957884615384 0.6876995625 0.5076290745192308 0.7051621466346153 0.5083205072115384 0.7077215625 0.5121596514423077 0.7080525072115385 0.5149158004807692 0.7072217980769231 0.5159669014423077 0.7057740625
15 0.4933929639423077 0.7054946634615384 0.4947941706730769 0.6889713990384615 0.49385352644230773 0.6853115192307692 0.48993941826923076 0.6839912788461538 0.48707839423076926 0.687814858173077 0.4859319855769231 0.7033238389423077 0.4863255480769231 0.7085176370192308 0.4900091875 0.7089847379807692 0.49229879807692306 0.7085624975961539 0.4933929639423077 0.7054946634615384
15 0.46754012259615385 0.70571246875 0.46675658894230765 0.6866185721153847 0.4637755480769231 0.6844813990384615 0.4598933341346154 0.6857705480769231 0.45831388942307694 0.6889995288461539 0.45971947115384615 0.7075488004807693 0.46066570192307693 0.7090939326923077 0.4631857884615385 0.7095248317307692 0.4661349326923077 0.7090526153846154 0.46754012259615385 0.70571246875