4 0.8117474278846154 0.5519014807692307 0.8106088581730769 0.5507027379807693 0.8056107596153846 0.5490392644230769 0.7943633317307692 0.5490013966346153 0.7699549254807692 0.54950209375 0.7638549591346154 0.5509970504807693 0.7615581899038462 0.5552006442307692 0.7644669254807692 0.5789920360576923 0.7658781899038462 0.5824212211538462 0.7734478870192307 0.5834813245192307 0.8090149567307693 0.5836447956730769 0.813052014423077 0.5828569254807692 0.81448290625 0.5796850336538462 0.8108900889423077 0.5584123052884615 0.8117474278846154 0.5519014807692307
4 0.8212221634615384 0.6429213149038462 0.8240621850961538 0.6418088293269231 0.8244778413461538 0.6397992836538461 0.8224648581730769 0.6341531177884616 0.8219412307692308 0.6244609399038462 0.8202875745192307 0.6190491346153847 0.82126184375 0.6107900600961538 0.8203029326923077 0.6097085 0.8162031442307692 0.6086309350961538 0.7749235985576923 0.609074829326923 0.7674793653846154 0.6117455961538462 0.7672715384615384 0.6127503653846154 0.7713452956730769 0.6163196658653847 0.7714229687499999 0.6277735649038461 0.7732541562499999 0.631932766826923 0.7735656850961538 0.6398901610576923 0.7773991826923077 0.642846625 0.7814686754807691 0.6436763581730769 0.8212221634615384 0.6429213149038462
4 0.776541423076923 0.6682865480769231 0.7756776802884615 0.67068803125 0.7774525360576923 0.677091139423077 0.7798201538461539 0.6991612091346154 0.7822184927884616 0.7025500024038462 0.7862598173076923 0.7045016923076923 0.8145580504807692 0.7047135480769231 0.8271497403846154 0.7035756105769231 0.8299270336538461 0.7005976875000001 0.8253906682692308 0.6689027596153847 0.8237737115384616 0.667848125 0.8147688533653846 0.6672203533653847 0.776541423076923 0.6682865480769231
4 0.786468514423077 0.7616540096153847 0.7928736105769231 0.7640071033653846 0.831072875 0.7640628605769231 0.835259295673077 0.7631443461538462 0.8360906033653847 0.7591252548076923 0.8318009014423077 0.7321525048076923 0.8300303125 0.7284889543269231 0.8250322139423076 0.7268254855769231 0.7835145384615385 0.7280263245192308 0.7819321490384615 0.729959079326923 0.786468514423077 0.7616540096153847
15 0.741070358173077 0.6337479182692308 0.7430769399038462 0.6352847379807692 0.7469061706730769 0.6355016394230769 0.7506726682692307 0.6338531081730768 0.7512658485576923 0.6305909639423077 0.7475219567307693 0.5891499975961538 0.7459028677884615 0.5867255817307693 0.7443768076923077 0.5864144326923078 0.7381556418269231 0.5869180793269231 0.7369671442307693 0.5920725841346154 0.741070358173077 0.6337479182692308
15 0.7277002932692308 0.6920785649038461 0.7305770192307691 0.6953232500000001 0.7340772235576923 0.6955536153846154 0.7375752956730769 0.6944142019230769 0.7380472788461538 0.69016075 0.7326279663461539 0.6485392740384615 0.7304698894230769 0.6457633173076923 0.7261016706730768 0.6451948701923077 0.7234413125000001 0.6464245408653846 0.7224585072115384 0.6492044951923077 0.7277002932692308 0.6920785649038461
15 0.757557889423077 0.7523762692307692 0.7596553677884615 0.7546565745192308 0.7664155192307691 0.75450446875 0.7679091442307692 0.753198014423077 0.7682339014423077 0.7504449903846153 0.7623946634615385 0.7080934951923077 0.7600850913461539 0.7040784038461538 0.7547298004807692 0.7035503533653846 0.7521603389423077 0.7055235024038461 0.7516277572115384 0.7092812980769231 0.757557889423077 0.7523762692307692
14 0.7366966418269231 0.7832425120192308 0.7408420913461539 0.7752272668269231 0.7400628461538462 0.7742628846153846 0.7349435480769231 0.7716081057692308 0.7242329711538461 0.7705519999999999 0.7210033269230769 0.7711822956730768 0.7164315528846154 0.7743581826923077 0.7097947307692307 0.7768713774038462 0.6943651514423077 0.7804915841346154 0.6891374615384614 0.7850641802884616 0.6894447235576924 0.7902820120192308 0.6983953846153846 0.7945234711538463 0.7035407139423077 0.7946865192307692 0.7146605432692308 0.7896237379807692 0.7253365528846154 0.7876924567307693 0.7366966418269231 0.7832425120192308
14 0.6734257836538462 0.722817733173077 0.6600830072115385 0.7218693413461538 0.6362332139423077 0.7161205072115385 0.6304925721153847 0.7178498245192307 0.6260701610576922 0.7208950673076924 0.6252085528846153 0.7246663317307692 0.6297888653846153 0.7269695649038461 0.6326049903846154 0.7297185937499999 0.6540867427884615 0.7323264591346154 0.6617191730769231 0.7352519999999999 0.671263016826923 0.7362313173076923 0.677482045673077 0.7343578894230769 0.6798394158653847 0.7306499519230769 0.6783372524038461 0.7264772860576922 0.6734257836538462 0.722817733173077
14 0.679998576923077 0.6792111201923077 0.6858322524038462 0.6795950649038461 0.6895402836538461 0.67882065625 0.6938133341346154 0.6759060600961538 0.6989565264423077 0.6746993245192308 0.7048226370192308 0.6767008774038461 0.7060154038461538 0.6742859302884615 0.6988959302884615 0.674203670673077 0.6917051850961538 0.6667768533653846 0.6858996754807692 0.6652709567307693 0.6651365673076923 0.6631318149038462 0.6552009663461539 0.6603005264423077 0.6443734615384616 0.6609926754807692 0.6399813509615384 0.6642857427884615 0.6418428341346154 0.6686927716346154 0.6465161778846155 0.6731092692307693 0.6526810120192308 0.6748495288461539 0.6626123461538461 0.6749412548076923 0.6713790721153846 0.6763259735576923 0.679998576923077 0.6792111201923077
14 0.6741038533653847 0.6012453317307692 0.6616615216346153 0.6022526274038461 0.6397641153846153 0.6016543028846153 0.6330363990384615 0.6034240144230769 0.6299300817307691 0.6064153990384615 0.6310426225961538 0.6101058774038461 0.6373307884615385 0.6142072259615385 0.6404132067307693 0.6150773557692307 0.6776556995192308 0.6154213317307692 0.6839353269230769 0.6140435576923077 0.6883231730769231 0.6080109254807693 0.6854507139423076 0.6075058052884615 0.6799093605769231 0.6027512283653846 0.6741038533653847 0.6012453317307692
15 0.6052848149038461 0.5508857379807692 0.6096248653846155 0.5525761370192307 0.6196167956730769 0.5531635168269231 0.6439125432692308 0.5571506322115385 0.6804406538461538 0.5597654447115384 0.6872268341346154 0.5571216057692308 0.6891945793269231 0.5529314783653846 0.6496446466346154 0.5499421899038461 0.6102095096153847 0.5438348701923077 0.6063521177884615 0.544739920673077 0.6041419783653846 0.5469474302884616 0.6052848149038461 0.5508857379807692
15 0.631873875 0.4140561971153846 0.6621419879807693 0.4114477091346154 0.6650123076923078 0.4105830480769231 0.6671315480769231 0.4076320576923077 0.6635664783653846 0.4041664783653846 0.66054465625 0.40379199759615386 0.6277634134615385 0.4061297307692308 0.6196005360576924 0.40833177163461537 0.6205073798076923 0.41439680048076927 0.631873875 0.4140561971153846
10 0.672682733173077 0.4570937427884615 0.6664312668269231 0.45734956490384615 0.6572531514423077 0.4607139495192308 0.64678496875 0.4616404591346154 0.6394598004807693 0.4639327524038462 0.6060418509615384 0.47999522115384613 0.5990196754807692 0.48476578365384615 0.5809361394230769 0.49372500240384615 0.5652466682692308 0.5033334495192308 0.5623200144230769 0.506442016826923 0.5465396490384615 0.5153069831730769 0.5259557836538462 0.532214125 0.5187040192307693 0.5432207572115385 0.5206909711538461 0.55135865625 0.53658315625 0.5758640793269231 0.5403863581730769 0.5785727163461538 0.5461918677884615 0.5800786129807692 0.5497851033653846 0.5824222427884616 0.5526272596153846 0.5826795360576923 0.557023639423077 0.5821260264423077 0.5616257139423078 0.5791979663461538 0.5635674278846154 0.5774995721153846 0.5637406899038462 0.5735074134615384 0.5599677884615384 0.5710466033653846 0.5489887836538462 0.5704996153846154 0.5453673798076923 0.5692779423076924 0.5325315817307692 0.5481343822115384 0.5341378701923077 0.5423401105769231 0.5569340072115385 0.5245952403846154 0.5696059254807693 0.517351875 0.5964088221153846 0.4985713076923077 0.6411219975961538 0.4748236754807692 0.6534085625 0.46983768750000005 0.6733838846153847 0.4655333269230769 0.6765204975961538 0.46278976923076925 0.6753776610576924 0.4588514639423077 0.672682733173077 0.4570937427884615
10 0.6831744759615385 0.7592807043269231 0.6758254110576923 0.7654345120192307 0.6734095793269231 0.7700165769230769 0.6758335264423077 0.7898427379807693 0.6714456802884615 0.7958753677884616 0.6571849735576923 0.8009421442307693 0.6419632163461538 0.8035575817307692 0.5889036562500001 0.8077214014423078 0.49331758413461535 0.8183577524038461 0.426677125 0.8223301274038461 0.39793080288461535 0.8225102091346154 0.35661668509615385 0.8199667139423077 0.32538112500000005 0.8160145192307693 0.30192095913461536 0.8107478774038461 0.2918381298076923 0.8094170168269231 0.2648150264423077 0.8020545721153846 0.24449360336538462 0.7954141514423078 0.23500395673076924 0.7908211442307693 0.22572640625 0.7879629302884615 0.20252399278846156 0.7753382668269231 0.19548047836538462 0.7664110192307692 0.19370988942307693 0.7627474735576923 0.19282693990384617 0.7528209278846153 0.19619143028846153 0.723542420673077 0.1953042139423077 0.7108763124999999 0.19775034375 0.7065420745192307 0.19815746153846153 0.6990534086538461 0.1965298341346154 0.6911498701923077 0.19446052163461539 0.6877476153846154 0.1924910625 0.671638858173077 0.19463846875000002 0.6675659110576924 0.19805460096153846 0.6522330360576922 0.19807636538461537 0.6470017403846153 0.19968691586538462 0.64394703125 0.19761974038461538 0.6419145552884615 0.19229475 0.641634329326923 0.18859098557692308 0.6451482956730769 0.1865169831730769 0.6579355817307693 0.18362489903846152 0.6640315360576923 0.18169812259615387 0.6753183918269231 0.1865507067307692 0.6987811754807692 0.1801639783653846 0.7466143100961538 0.1799732235576923 0.758577326923077 0.18247526442307693 0.7709282884615385 0.18700351442307694 0.7782149879807693 0.19635020192307692 0.787047983173077 0.21820621634615384 0.7994786802884615 0.22263502884615385 0.8005427788461539 0.23077827884615384 0.8049418149038462 0.2348477716346154 0.8057715528846153 0.23928085336538463 0.8095752115384616 0.24442404807692306 0.8083684783653846 0.24661028846153846 0.8100224807692308 0.2723778966346154 0.8179344375 0.33045903125 0.8305016730769231 0.3528672596153846 0.8325734903846154 0.3987271201923077 0.8344328317307692 0.4536157355769231 0.8330584302884615 0.4947416538461538 0.8300056201923076 0.6164072860576923 0.8163095168269231 0.6413222427884615 0.8145427524038461 0.6480542259615384 0.8155126033653846 0.6523272764423077 0.8125980072115385 0.6630032884615384 0.8106667259615384 0.6747226995192308 0.8064511442307692 0.6843446370192308 0.7999552596153846 0.688726079326923 0.7898132860576923 0.6873365769230768 0.7811528052884615 0.6855962860576923 0.7777370817307693 0.6863063966346155 0.7727266850961538 0.6931446442307692 0.7650993798076923 0.7020521995192308 0.7608743293269231 0.7038705817307692 0.7568148485576922 0.699171204326923 0.7548900841346153 0.6916339423076923 0.7554475889423077 0.6831744759615385 0.7592807043269231
12 0.6784466538461539 0.39851697115384616 0.6692127956730769 0.40952476682692307 0.6643079807692308 0.43430724759615386 0.6723193509615384 0.45656800721153845 0.7023429975961538 0.47859238221153844 0.73466328125 0.49055720913461537 0.7733431754807693 0.48963874759615383 0.8028229639423077 0.47115871875 0.8277548461538462 0.45153607211538466 0.8364801778846154 0.4219466826923077 0.8244747836538462 0.3958631105769231 0.8071368605769231 0.37664146875 0.7623733149038461 0.36385709615384615 0.7315886442307692 0.36445248076923076 0.69850734375 0.3751074182692308 0.6779815817307693 0.3990103581730769 0.6784466538461539 0.39851697115384616
3 1 0.6751790961538462 0.9522075480769231 0.3530876394230769 0.5746400072115384 0.35973558413461537 0.6100764134615384 0.8105560649038461 1 0.8088250937500001 1 0.6751790961538462
1 0.5763282548076923 0.7292229158653847 0.5520590216346154 0.36846584855769227 0.19595893028846156 0.3727411875 0.2008001514423077 0.7296418076923078 0.5763282548076923 0.7292229158653847
6 0.17267163701923077 0.42385330288461537 0.2432442019230769 0.4169791105769231 0.30794707211538463 0.40536237019230764 0.3896932403846154 0.3922026201923077 0.30952309375 0.4182531081730769 0.24655277884615384 0.4656750216346154 0.23933437740384617 0.5148016802884615 0.2527028004807692 0.5700618341346154 0.3165419014423077 0.6162806995192308 0.4170690288461539 0.6380774615384616 0.5570194423076923 0.6253746225961538 0.6670153774038461 0.5840007115384616 0.7276999735576923 0.5286998870192308 0.7467436057692307 0.4681271706730769 0.7363706057692307 0.4157341394230769 0.7073681057692307 0.38403460096153846 0.6651034759615384 0.36284329807692306 0.6129178413461539 0.3470408076923077 0.5277493894230769 0.3535157091346154 0.42800275721153846 0.37055277884615384 0.3233561802884616 0.3907799903846154 0.23676834134615385 0.4072785432692308 0.14765220913461538 0.4139149903846154 0.07695851682692309 0.4197975985576923 0.030360151442307692 0.43417040625000003 0.034428853365384614 0.49235555288461536 0.04000924519230769 0.5468757860576923 0.08858160576923077 0.5797676899038462 0.1255828846153846 0.6011742620192307 0.19267500721153846 0.5874666274038461 0.18846726682692308 0.5746835817307692 0.14743246634615384 0.5743696754807692 0.13477630048076922 0.5898359375 0.09394866826923076 0.5695824134615385 0.05646255048076923 0.5442093653846154 0.03680773317307692 0.4483476418269231 0.08930397596153847 0.43424075480769225 0.17267163701923077 0.42385330288461537
6 0.3824747908653846 0.6255413028846154 0.46598138221153845 0.627106858173077 0.5257844134615385 0.6186802908653846 0.583422954326923 0.6033663918269231 0.6562281514423076 0.5714869879807692 0.7042565769230769 0.5316523509615385 0.7332387139423078 0.4766522620192308 0.7293416754807692 0.4339597932692308 0.7004428100961538 0.39229044471153846 0.6360328437499999 0.36303637740384614 0.594149514423077 0.3557812884615385 0.5339827908653846 0.3612331129807692 0.4562423653846154 0.37437995192307694 0.4223877836538461 0.38351629326923076 0.49308692307692303 0.3728722115384615 0.5649753461538461 0.36594417067307694 0.6139054038461539 0.36593499278846153 0.6325436177884616 0.37355542067307695 0.609975420673077 0.3770579230769231 0.5593658125000001 0.37414617067307687 0.4954939711538462 0.3817426971153846 0.4142908004807693 0.39901748317307695 0.3237729759615385 0.42663897115384614 0.2707235745192308 0.4686721177884615 0.2551249903846154 0.5141555 0.26764478365384614 0.5624744759615384 0.31891355528846155 0.6032284110576923 0.3824747908653846 0.6255413028846154
0 0.51874534375 0.33395303125000003 0.48333787980769227 0.33639854086538457 0.44270217548076923 0.3609822283653846 0.38483886778846155 0.3852743533653846 0.3208633966346154 0.40284068990384614 0.2339294519230769 0.4273258533653846 0.15679518990384617 0.4454306730769231 0.06518627403846154 0.46412781971153844 0.03287366826923077 0.4701153557692308 0.03371904807692308 0.4822048365384616 0.059940439903846156 0.47530463701923076 0.14294440384615384 0.4619424038461538 0.23611163942307692 0.44517457692307694 0.3126397403846154 0.4221117764423077 0.38570519471153847 0.40317691826923074 0.47286380528846156 0.3697135288461538 0.5076298076923077 0.34038725961538463 0.5587420480769231 0.35822679807692304 0.6103214206730769 0.36907131971153845 0.6066548100961539 0.36465215865384615 0.5696150264423077 0.3498094110576923 0.51874534375 0.33395303125000003
0 0.17417186778846153 0.7606281923076923 0.1517311610576923 0.7176979783653846 0.1282171610576923 0.6768047764423077 0.10113678365384615 0.6500093629807692 0.08603499759615385 0.6350831947115385 0.07809978846153845 0.6454515745192307 0.09145833894230769 0.6573813293269232 0.12454734855769231 0.7008723317307692 0.16485711778846154 0.7709749350961539 0.1982061826923077 0.8274104927884616 0.19876191346153846 0.8752225144230769 0.18306134375 0.9086741346153846 0.20655363701923074 0.8848692331730769 0.21200654326923077 0.8537528389423077 0.20545998557692308 0.8002066490384615 0.17417186778846153 0.7606281923076923