9 0.5006613750000001 0.7325148798076923 0.5006613750000001 0.728794641826923 0.4943783076923077 0.71044146875 0.48892195673076927 0.7061011899038461 0.4816468245192308 0.7038690480769231 0.47040343990384614 0.704861110576923 0.4637896826923077 0.7073412692307692 0.4573412692307692 0.7129216274038461 0.45469576682692303 0.7206101201923077 0.4550264543269231 0.7255704375 0.4570105817307692 0.7297867067307693 0.4649470889423077 0.7411954375 0.4743716923076923 0.7452876995192308 0.4801587307692308 0.7454117067307693 0.4879298942307692 0.7445436514423077 0.49454365144230766 0.7415674591346153 0.49768518509615384 0.7389632932692307 0.5006613750000001 0.7325148798076923
15 0.25033068750000004 0.7124255961538462 0.2458664014423077 0.7100694447115384 0.2414021153846154 0.7124255961538462 0.2404100528846154 0.7176339278846153 0.2430555552884615 0.72606646875 0.2457010576923077 0.7441716274038461 0.24785052884615383 0.7455357139423077 0.2519841274038461 0.7459077379807693 0.25562169230769227 0.744419641826923 0.25661375721153845 0.7411954375 0.25132275240384616 0.7141617067307693 0.25033068750000004 0.7124255961538462
15 0.20866402163461537 0.7171378966346154 0.2056878317307692 0.7139136899038461 0.20419973557692309 0.7070932548076924 0.20205026442307691 0.713169641826923 0.19808200961538464 0.7166418653846154 0.19841269951923077 0.7223462307692308 0.2056878317307692 0.7464037692307692 0.20750661298076922 0.7480158725961539 0.21263227403846155 0.7481398798076923 0.2146164014423077 0.7476438485576923 0.21560846634615385 0.7451636899038461 0.2103174591346154 0.7297867067307693 0.20866402163461537 0.7171378966346154
15 0.17427248557692307 0.7178819447115384 0.17245370432692309 0.7157738100961539 0.16749338701923078 0.7145337307692308 0.16335978846153848 0.7186259927884616 0.16865079326923077 0.7374751995192308 0.17261904807692308 0.7473958341346154 0.17923280528846153 0.7483878966346154 0.18220899519230768 0.7466517860576923 0.1825396826923077 0.744419641826923 0.17724867788461537 0.7307787692307692 0.17427248557692307 0.7178819447115384
11 0.15046296394230768 0.6591021826923077 0.14980158653846154 0.6546378966346154 0.14682539663461538 0.6494295625 0.14318783173076924 0.6469494038461538 0.13938492067307692 0.641865079326923 0.12318121634615385 0.641865079326923 0.11524470913461539 0.6431051586538461 0.10962301682692308 0.6455853173076923 0.09937169230769231 0.6525297620192307 0.09424603125 0.6563740072115384 0.09193121634615385 0.6595982139423077 0.09027777884615386 0.6667906754807693 0.09391534375 0.6752232139423077 0.10201719471153846 0.6803075408653847 0.11541005288461538 0.6816716274038461 0.1340939158653846 0.6768353173076923 0.14368386298076924 0.6721230168269231 0.1478174591346154 0.6680307548076924 0.15046296394230768 0.6591021826923077
11 0.20667989423076924 0.667534721153846 0.20601851923076925 0.66455853125 0.19973544951923075 0.6556299591346153 0.19361772596153845 0.6515376995192308 0.18964947115384617 0.6507936514423077 0.1833664014423077 0.6455853173076923 0.18105158653846154 0.6498015865384615 0.16947751442307693 0.6522817451923076 0.15674603125 0.6593501995192308 0.15277777884615384 0.6700148798076923 0.15244708894230768 0.6744791658653846 0.15376984134615385 0.6781994038461538 0.16335978846153848 0.6896081346153846 0.16716269951923077 0.6912202379807693 0.17328042307692307 0.6920882932692307 0.18733465625 0.6904761899038461 0.19560185096153845 0.6847718245192307 0.20337301682692305 0.677951389423077 0.20667989423076924 0.667534721153846
11 0.24057539663461538 0.6180555552884616 0.23809523798076923 0.6248759927884616 0.23544973557692309 0.6263640865384615 0.2328042331730769 0.646701389423077 0.2334656081730769 0.649677579326923 0.23544973557692309 0.650669641826923 0.23677248557692307 0.6370287692307692 0.23875661298076922 0.6295882932692307 0.2407407403846154 0.6276041658653846 0.24057539663461538 0.6180555552884616
11 0.2559523798076923 0.6715029759615384 0.25562169230769227 0.6667906754807693 0.25330687740384616 0.6630704375 0.24289021153846152 0.655009920673077 0.23726851923076925 0.654017858173077 0.2352843918269231 0.6512896826923077 0.23032407451923076 0.6520337307692308 0.2280092596153846 0.654513889423077 0.2197420625 0.65625 0.21164021153846152 0.661830358173077 0.20734126923076923 0.6667906754807693 0.2027116394230769 0.6816716274038461 0.20502645432692307 0.6873759927884616 0.21147486778846153 0.6944444447115384 0.2190806875 0.6971726201923077 0.22519841346153846 0.697544641826923 0.23759920673076923 0.6949404759615384 0.2463624326923077 0.6883680552884616 0.2529761899038462 0.6796875 0.2559523798076923 0.6715029759615384
14 0.26884920673076923 0.568576389423077 0.26421957692307696 0.5628720240384616 0.2602513221153846 0.553447420673077 0.25958994711538463 0.5487351201923076 0.2551256610576923 0.545138889423077 0.24851190384615382 0.5436507932692307 0.24239418028846152 0.5398065480769231 0.24173280528846153 0.5269097211538462 0.2402447091346154 0.5243055552884616 0.23809523798076923 0.5259176586538461 0.23644179807692306 0.5333581346153846 0.23644179807692306 0.537326389423077 0.2400793653846154 0.5450148798076924 0.23776455048076925 0.5487351201923076 0.23908730048076923 0.5531994038461538 0.24537037019230767 0.5618799591346154 0.2542989423076923 0.5782490072115385 0.26140873076923077 0.5830853173076923 0.26455026442307694 0.5829613100961539 0.2671957668269231 0.5819692451923077 0.2678571418269231 0.5762648798076924 0.2695105817307692 0.5732886899038461 0.26884920673076923 0.568576389423077
14 0.4384920625 0.636284721153846 0.4345238100961539 0.631572420673077 0.43419312259615384 0.6273561514423077 0.4365079375 0.6214037692307692 0.4394841274038462 0.6199156754807693 0.4393187836538462 0.6155753966346154 0.43766534375 0.6180555552884616 0.4338624326923077 0.6191716274038461 0.4322089951923077 0.6228918653846154 0.4289021153846154 0.6258680552884616 0.4275793653846154 0.6308283725961539 0.4226190480769231 0.634548610576923 0.42063492067307695 0.6392609134615385 0.4183201057692308 0.660590278846154 0.4237764543269231 0.6666666658653846 0.4292328052884615 0.6677827379807693 0.43485449759615386 0.66356646875 0.436838625 0.6595982139423077 0.43617724759615384 0.650669641826923 0.4384920625 0.636284721153846
14 0.47751322836538457 0.6452132932692307 0.47652116346153844 0.6355406754807693 0.4707341274038462 0.6247519831730769 0.46891534375 0.6308283725961539 0.46230158653846154 0.6357886899038461 0.46130952403846154 0.6377728173076923 0.45998677163461543 0.6524057548076924 0.4556878317307692 0.6588541658653846 0.45998677163461543 0.6665426586538461 0.46593915384615386 0.6677827379807693 0.4707341274038462 0.6654265865384615 0.4735449735576923 0.6625744038461538 0.47519841346153846 0.6511656754807693 0.47751322836538457 0.6452132932692307
14 0.5089285721153846 0.631572420673077 0.5076058197115384 0.6288442451923076 0.5 0.6236359134615385 0.5 0.6149553581730769 0.5013227524038462 0.6117311514423076 0.49983465625 0.6096230168269231 0.4968584663461538 0.6091269831730769 0.49669312259615384 0.6241319447115384 0.49107142788461544 0.631572420673077 0.4914021153846154 0.6355406754807693 0.4933862427884615 0.6387648798076923 0.4930555552884615 0.6548859134615385 0.4940476201923077 0.6583581346153846 0.5023148149038461 0.662326389423077 0.5071097884615384 0.6602182548076924 0.5112433870192308 0.6556299591346153 0.5085978846153846 0.6400049591346153 0.5089285721153846 0.631572420673077
10 0.6987433870192308 0.7062251995192308 0.7003968245192307 0.6868799591346153 0.6917989423076923 0.6057787692307692 0.6772486778846154 0.5445188485576924 0.674272485576923 0.5140128966346154 0.6668320096153846 0.5027281754807692 0.6631944447115384 0.501240079326923 0.6526124326923076 0.5007440480769231 0.6324404759615384 0.5057043653846154 0.6316137572115385 0.5097966274038461 0.6327711634615384 0.5106646826923077 0.638392858173077 0.5109126995192308 0.6450066129807692 0.5096726201923076 0.6486441802884616 0.5079365072115385 0.6532738100961539 0.5086805552884616 0.6588955024038461 0.5079365072115385 0.6607142860576923 0.5100446418269231 0.6593915336538461 0.5137648798076924 0.6615410048076923 0.514384920673077 0.6640211634615384 0.5169890865384615 0.6669973533653846 0.5452628966346154 0.6808862427884615 0.6070188485576924 0.6898148149038461 0.6856398798076923 0.6888227524038462 0.7027529759615384 0.6861772475961538 0.7094494038461538 0.6803902115384616 0.716517858173077 0.6744378317307693 0.7194940480769231 0.6688161370192307 0.720486110576923 0.6519510576923077 0.720982141826923 0.642361110576923 0.719990079326923 0.6362433870192308 0.7218501995192308 0.6369047620192307 0.7258184519230769 0.638723545673077 0.7266865072115384 0.659722221153846 0.7280505961538462 0.673776454326923 0.7274305552884616 0.6797288365384616 0.7261904759615384 0.6914682548076924 0.7198660721153847 0.6987433870192308 0.7062251995192308
3 0.13156496874999998 0.4876486153846154 0.13773675480769232 0.7767537115384615 0.7178873028846154 0.7529372836538462 0.716123954326923 0.48367922115384615 0.13156496874999998 0.4876486153846154
1 0.24052026201923077 0.19031084615384616 0.24838863701923078 0.48128833894230766 0.7103930697115385 0.4733495456730769 0.6971677548076923 0.205414625 0.24052026201923077 0.19031084615384616
14 0.20414460096153847 0.5416666682692308 0.20606759615384615 0.581591235576923 0.22810979086538463 0.5802680961538461 0.21929291346153848 0.5399124759615385 0.20414460096153847 0.5416666682692308
14 0.1575747644230769 0.5380631466346154 0.16286494711538463 0.5817266177884616 0.18314372596153847 0.573787826923077 0.17432684855769232 0.5374016009615384 0.1575747644230769 0.5380631466346154
10 0.18667049038461536 0.28824595673076925 0.1425860985576923 0.31603180528846153 0.13553256971153846 0.3537411706730769 0.12583401682692308 0.4139438221153846 0.14082275 0.45297637740384616 0.15228465144230768 0.4946550889423077 0.1540480673076923 0.5197946802884615 0.1637466201923077 0.5700738173076924 0.1558114158653846 0.5945518028846154 0.19284227884615385 0.5575040192307692 0.1910789302884615 0.5277334735576923 0.17961696153846154 0.48010059374999997 0.16639164423076924 0.43643718509615387 0.16110153124999999 0.3702803629807692 0.1875521658653846 0.32992474278846157 0.23516331971153845 0.28559970192307693 0.2977631418269231 0.24458249759615386 0.31451522596153847 0.2062115625 0.3339123293269231 0.18636453125000002 0.31216929086538464 0.18700396875 0.28101106009615384 0.21547352163461536 0.25720551682692305 0.2452440673076923 0.20165915625 0.27104520673076926 0.18667049038461536 0.28824595673076925
10 0.20783101201923077 0.3147086658653846 0.16903673317307694 0.36697252403846153 0.1637466201923077 0.41791324278846154 0.16727338461538463 0.4496685384615385 0.17080008173076924 0.5072248846153846 0.19372401923076923 0.5449342235576923 0.19372401923076923 0.5760279350961539 0.20871268509615384 0.597859639423077 0.22722811778846155 0.57338165625 0.22810979086538463 0.5310413125 0.19725071634615385 0.4754696394230769 0.19284227884615385 0.41989794230769234 0.21576621634615384 0.3663109663461538 0.24838863701923078 0.3127239663461538 0.2889462644230769 0.27633774278846157 0.3365574206730769 0.23068959855769233 0.35683626682692304 0.18636453125000002 0.3309082692307692 0.1944444447115385 0.3030532572115385 0.22208919951923076 0.2871829158653846 0.24722879086538463 0.2475069639423077 0.2796455817307692 0.20783101201923077 0.3147086658653846
10 0.38945868990384613 0.40203560817307693 0.3824051610576923 0.4490069302884615 0.35507285096153846 0.5012707644230769 0.33303065625 0.5330260360576923 0.2977631418269231 0.5594887427884616 0.26073228125000003 0.5740432139423077 0.21576621634615384 0.5899208485576923 0.28365615144230766 0.5945518028846154 0.3436109495192308 0.5588271850961538 0.38416857692307693 0.5078864423076923 0.42031776442307694 0.42783675961538464 0.4476500721153846 0.3696188052884616 0.4062107716346154 0.3107392692307692 0.37270660817307694 0.25913698076923075 0.37535169711538463 0.2101809735576923 0.3700615841346154 0.18305669471153846 0.34854495432692306 0.19527116586538462 0.33743909375 0.25649071153846154 0.35154608653846153 0.3001541971153846 0.37182493269230765 0.3484486346153846 0.38945868990384613 0.40203560817307693
10 0.39474880288461534 0.44437595192307694 0.3982755673076923 0.4926704158653846 0.41061921153846154 0.5575040192307692 0.42648955048076925 0.6124141610576923 0.4476500721153846 0.6289533533653846 0.45382192788461534 0.5991828052884615 0.4494134879807692 0.5608118581730769 0.4397148677884615 0.5250871923076923 0.4379515192307692 0.48208531730769233 0.43266140625 0.46025356250000005 0.4502951634615385 0.46686923798076924 0.44334213221153845 0.44494047596153846 0.42825296634615384 0.4046818894230769 0.4132642331730769 0.3682956658653846 0.3956304783653846 0.3663109663461538 0.39474880288461534 0.44437595192307694
10 0.4767457980769231 0.45496102403846156 0.5023147572115385 0.44437595192307694 0.519948514423077 0.46819237980769235 0.5543342860576923 0.5052401610576923 0.5843116850961538 0.5297181971153846 0.5887201249999999 0.5462573894230769 0.5781398966346154 0.5740432139423077 0.5419907091346153 0.5713969326923076 0.5128949855769231 0.5561809038461538 0.5093682211538462 0.5396417115384615 0.49085278846153846 0.5376569879807692 0.4864443509615385 0.5627965817307692 0.5084865456730769 0.59058240625 0.54551740625 0.6091063221153846 0.6054722740384615 0.6084447644230769 0.6266327283653846 0.5826436129807692 0.62310603125 0.5343491514423077 0.5984186778846154 0.4992860913461538 0.5622694903846154 0.45694572355769225 0.5331738317307692 0.4212210817307692 0.4864443509615385 0.41195912500000004 0.45546735096153845 0.43501984134615385 0.4467683990384615 0.46819237980769235 0.46881059375 0.4781158942307692 0.4767457980769231 0.45496102403846156
10 0.5111315024038462 0.5498959567307693 0.4970245096153846 0.5816512259615385 0.47321896634615385 0.5922363004807693 0.4591119735576923 0.5723892692307693 0.4317795985576923 0.5737123846153847 0.43795145192307694 0.6200221225961537 0.4749823149038462 0.6378844807692308 0.5120132427884616 0.6100986081730769 0.5270019086538462 0.5743739423076923 0.5516891947115384 0.5313720408653846 0.5693229519230769 0.4638921538461539 0.550807454326923 0.43412160576923076 0.5111315024038462 0.43544474759615387 0.4555852091346154 0.4460298701923077 0.4696922019230769 0.46653840865384616 0.48280544951923077 0.4677587548076923 0.5217117956730769 0.4658769014423077 0.5349371129807692 0.4844007427884615 0.5261202355769231 0.5121866177884615 0.5111315024038462 0.5498959567307693
6 0.24161057451923076 0.27176308173076924 0.24161057451923076 0.23868469471153847 0.23942405048076923 0.2168091466346154 0.27070633173076925 0.23074588942307692 0.2853634639423077 0.23435456490384615 0.2852541610576923 0.23074588942307692 0.27070633173076925 0.1384571826923077 0.22706274519230768 0.1047172139423077 0.1701938389423077 0.10372487740384616 0.11464754807692307 0.1533424543269231 0.1278728653846154 0.21387590384615385 0.19532196153846154 0.2555546778846154 0.24161057451923076 0.27176308173076924
6 0.20193462019230768 0.47784140625 0.21912757451923076 0.5215048894230769 0.26541618509615383 0.5363901634615384 0.38047640625 0.5155507956730769 0.46908609134615387 0.5066196153846154 0.5629858245192307 0.49768843749999997 0.6780460456730769 0.49074200721153843 0.6899489519230768 0.5145584591346154 0.7587205625 0.5244819735576923 0.7587878653846154 0.5244819735576923 0.7031742692307692 0.48677258413461544 0.6304349230769231 0.46990267548076925 0.4836339206730769 0.45799437499999995 0.4201523581730769 0.46990267548076925 0.2839316490384615 0.48677258413461544 0.2561584014423077 0.43814734375 0.2852541610576923 0.3746368653846154 0.2878991850961538 0.3180728197115385 0.28688637019230767 0.28463419471153845 0.27467386778846153 0.2833405144230769 0.24161057451923076 0.27176308173076924 0.24161057451923076 0.28730989663461537 0.2310303798076923 0.3428816081730769 0.23632042548076923 0.3686827331730769 0.22441772115384614 0.40936917067307693 0.20193462019230768 0.47784140625
6 0.5233098725961539 0.23372293509615386 0.560340701923077 0.19700592067307693 0.5312450432692308 0.17616655288461538 0.48760145673076927 0.1573118581730769 0.45586077403846154 0.1424265841346154 0.43470018749999995 0.14540363221153846 0.39370172355769234 0.17815122596153848 0.41089467548076924 0.1960135841346154 0.4426354567307692 0.18013593509615383 0.4862789447115385 0.1841053581730769 0.4862789447115385 0.20196767788461537 0.46379594471153845 0.2277688028846154 0.4214748701923077 0.24662349759615385 0.38312152884615386 0.2555546778846154 0.35534828125 0.25158525721153846 0.2853634639423077 0.23435456490384615 0.28688637019230767 0.28463419471153845 0.3870890649038462 0.2952487403846154 0.4280875288461538 0.29425636538461536 0.4624734326923077 0.28631756009615383 0.5074394326923077 0.27143228846153844 0.5233098725961539 0.23372293509615386
10 0.49818175 0.5889848269230769 0.47569875 0.5482983509615384 0.47437613942307694 0.5224972259615385 0.4836339206730769 0.5046349423076923 0.43999033413461536 0.49074200721153843 0.43470018749999995 0.5254743100961539 0.44528048076923077 0.5651683725961538 0.4598283100961539 0.6128012043269231 0.4611508221153846 0.6376099927884616 0.4492481153846154 0.674327045673077 0.45337298557692307 0.6661706370192307 0.4598283100961539 0.7110440240384615 0.5114070673076923 0.6951664134615385 0.5034718966346154 0.6505105937500001 0.49818175 0.5889848269230769
0 0.6925939759615385 0.28135580288461537 0.6264672884615384 0.19502120913461538 0.5352126802884615 0.11166371875 0.48760145673076927 0.07990844230769231 0.4267650168269231 0.05311494230769231 0.33154277163461543 0.025329088942307693 0.32757513701923074 0.044183783653846155 0.3408004543269231 0.07990844230769231 0.37783138221153845 0.12952600240384615 0.40692704086538456 0.1841053581730769 0.43999033413461536 0.24066940384615385 0.46908609134615387 0.2833405144230769 0.5114070673076923 0.3349428028846154 0.5682759735576923 0.38555271874999997 0.6013392668269231 0.42028509855769236 0.6291124110576922 0.4629561322115385 0.6740784110576924 0.49173434375 0.7084643173076923 0.507611951923077 0.7296249038461539 0.46692555288461535 0.7245370072115385 0.4714781754807692 0.695239 0.42921620192307697 0.6939163870192308 0.39547631009615386 0.6873037283653846 0.3279963341346154 0.6925939759615385 0.28135580288461537