3 0.4830246706730769 0.3506944447115385 0.47762747115384613 0.8045395336538461 0.8911390745192308 0.8012316971153847 0.8541082139423076 0.34739625721153844 0.4830246706730769 0.3506944447115385
1 0.1192680576923077 0.35648148317307693 0.08792148076923077 0.7238282932692308 0.4547036033653846 0.7152278942307693 0.4679289182692308 0.3559966514423077 0.1192680576923077 0.35648148317307693
10 0.8188406995192307 0.4188455769230769 0.8311842764423076 0.3963522644230769 0.8135505192307693 0.3923828677884615 0.7350803557692308 0.4056142235576923 0.6733622091346153 0.41156832932692305 0.5622694903846154 0.3996601033653846 0.5050705264423077 0.40195105769230766 0.5508075889423076 0.4234765432692308 0.6328045144230768 0.43340006009615384 0.7130381610576924 0.43340006009615384 0.8188406995192307 0.4188455769230769
10 0.4820359110576923 0.48632547596153847 0.47762747115384613 0.4446467163461539 0.49349787980769233 0.4155377379807692 0.5463991490384615 0.39833697596153844 0.6010637668269231 0.3989985456730769 0.6134074110576923 0.4142145985576923 0.5675596033653846 0.4552318004807692 0.5499258461538461 0.4876486153846154 0.5578610504807693 0.5167576057692307 0.5825483365384615 0.5094803461538462 0.5772582235576923 0.4982336899038462 0.5860751009615385 0.47574038942307695 0.6345678653846154 0.4446467163461539 0.6557284519230768 0.41950713461538464 0.6548467115384615 0.3917212980769231 0.5746131322115384 0.37187426201923074 0.5358188557692307 0.3824593533653846 0.4547036033653846 0.4056142235576923 0.4450050504807692 0.4572165240384616 0.45734862499999995 0.5028646682692307 0.4411375456730769 0.5119047620192307 0.4458867235576923 0.5273426778846153 0.48468100240384615 0.5187423028846154 0.4820359110576923 0.48632547596153847
10 0.4555852764423077 0.5141113245192307 0.4652838293269231 0.4982336899038462 0.5261203028846154 0.4737557163461539 0.5825483365384615 0.45986276682692306 0.6310411658653846 0.4611859086538462 0.6530833629807693 0.4737557163461539 0.60459053125 0.49492585096153846 0.5516892620192307 0.5154344663461539 0.5657962548076922 0.5379277524038462 0.6063538798076923 0.5385893341346154 0.6081172283653846 0.5260195384615385 0.6530833629807693 0.5167576057692307 0.6901142235576923 0.4850023365384616 0.67688890625 0.4479545528846154 0.6107623197115385 0.43604634134615383 0.5411089687499999 0.44398517067307697 0.47762747115384613 0.46780158413461537 0.4273712932692308 0.4962489927884616 0.4113756418269231 0.5292658725961539 0.44147828365384617 0.5491744086538461 0.46087538942307693 0.5372661947115385 0.4555852764423077 0.5141113245192307
10 0.6574918004807693 0.581591235576923 0.6989311033653846 0.5835759350961538 0.6971677548076923 0.5683598822115384 0.6610185000000001 0.5452050120192308 0.6310411658653846 0.5432203149038461 0.60018209375 0.5385893341346154 0.5631511634615385 0.5280042379807692 0.5137766586538461 0.5200654447115385 0.4511768365384615 0.5121266274038462 0.4335430817307693 0.5200654447115385 0.4123825600961538 0.5458665697115385 0.44059661057692306 0.5551285288461538 0.4379515192307692 0.5524822475961538 0.45734862499999995 0.5306505168269231 0.5058414543269231 0.5399124759615385 0.5913652139423077 0.5597595072115384 0.6574918004807693 0.581591235576923
10 0.5790215721153846 0.5134497668269231 0.6037087908653846 0.49426429326923077 0.6310411658653846 0.4830176370192308 0.6777706490384615 0.4777251009615385 0.7245001298076923 0.48103293990384616 0.7615309903846155 0.4936027355769231 0.7253817379807692 0.5088187884615384 0.7077479807692307 0.5306505168269231 0.7359619639423076 0.5319736586538462 0.7685845216346153 0.5160960240384616 0.7906267163461538 0.4856639182692308 0.7535957211538461 0.46052436298076926 0.7192099495192308 0.4552318004807692 0.6345678653846154 0.46052436298076926 0.5834300120192307 0.4797097980769231 0.5569793774038462 0.5055109495192307 0.5227072115384616 0.5185185192307692 0.5040781057692307 0.5299889591346154 0.5402272932692308 0.5346199134615385 0.5790215721153846 0.5134497668269231
10 0.14787621153846153 0.6252546947115385 0.21929291346153848 0.6365014014423077 0.2704308341346154 0.6437785865384615 0.3303856322115385 0.6556868245192308 0.41061921153846154 0.6543636850961538 0.46881059375 0.6550252427884615 0.5569793774038462 0.6556868245192308 0.6319229086538461 0.6616409182692308 0.6442664831730769 0.6814879495192308 0.5940102379807692 0.7053043774038461 0.62751446875 0.7152278942307693 0.6557284519230768 0.7013349807692308 0.6742438173076923 0.6642871995192308 0.6522016201923078 0.6338550697115385 0.5552160264423077 0.6338550697115385 0.46881059375 0.6365014014423077 0.3832869014423077 0.6351782115384614 0.31451522596153847 0.6331935120192308 0.25191540384615385 0.6259162788461539 0.21400280048076922 0.621285298076923 0.17080008173076924 0.6146696225961539 0.08068781009615383 0.6044973557692308 0.0702877235576923 0.6179774615384616 0.09585661778846154 0.6245931370192307 0.14787621153846153 0.6252546947115385
10 0.2951181201923077 0.6801648100961538 0.39651221875 0.6914114663461538 0.4723373581730769 0.7033197043269231 0.5331738317307692 0.7092738245192307 0.5878384495192308 0.7277976899038462 0.6107623197115385 0.7522757259615385 0.6257509855769231 0.7297824134615385 0.6239876370192309 0.7072891009615384 0.5463991490384615 0.6881036274038461 0.5067231971153846 0.6814879495192308 0.4070924471153846 0.6722260168269231 0.3153968990384615 0.6623025024038461 0.24398019951923075 0.6464249182692308 0.16991840865384616 0.6338550697115385 0.10467349519230769 0.6239315552884614 0.07998627644230769 0.6113617836538462 0.07469616346153846 0.5961457307692307 0.05092590625 0.6044973557692308 0.06852430769230769 0.6378244927884615 0.13024245673076923 0.6563484326923077 0.1752085216346154 0.6583330817307692 0.2951181201923077 0.6801648100961538
10 0.39298545432692306 0.7357365336538462 0.4635204807692308 0.7562451225961537 0.5490441730769231 0.7774152692307692 0.6169341081730769 0.7886619495192307 0.6292778173076923 0.7674917524038462 0.5957736538461538 0.7569066802884615 0.5155400745192308 0.7370596490384614 0.4441233076923077 0.7125816634615384 0.3744700240384615 0.7013349807692308 0.3065800216346154 0.6854573725961538 0.20783101201923077 0.6682565961538462 0.16991840865384616 0.6543636850961538 0.1531663269230769 0.6484095649038462 0.12477952163461539 0.6433531754807693 0.1575747644230769 0.6801648100961538 0.22722811778846155 0.6947193052884616 0.32333210336538465 0.7244898509615385 0.39298545432692306 0.7357365336538462
14 0.6098807139423077 0.690088326923077 0.54551740625 0.6847957884615384 0.5128949855769231 0.6881036274038461 0.5171957475961538 0.7053571442307691 0.56403290625 0.7165510600961539 0.60018209375 0.7119200552884616 0.6195791971153847 0.7053043774038461 0.6098807139423077 0.690088326923077
0 0.20254089903846154 0.11048205528846154 0.14346777403846153 0.14819140865384617 0.1443494471153846 0.2050862451923077 0.1893155817307692 0.23617990865384617 0.25191540384615385 0.26661203846153847 0.2986448173076923 0.29572100240384613 0.37711504567307697 0.3261531322115384 0.40971673317307694 0.3410433028846154 0.42031776442307694 0.3410360048076923 0.44059661057692306 0.33111248798076925 0.44293394711538464 0.32561723798076925 0.4432416346153846 0.32581995192307694 0.47258832211538465 0.34591841346153845 0.4855626754807692 0.2942000769230769 0.5137766586538461 0.22936644711538462 0.4837992596153846 0.1751178894230769 0.44059661057692306 0.12616188701923076 0.36653481971153845 0.11491522115384616 0.28365615144230766 0.09923539903846154 0.20254089903846154 0.11048205528846154
0 0.02620330048076923 0.5158252836538462 0.025321625 0.548903670673077 0.06676095913461538 0.5244256346153846 0.11260869951923078 0.48010059374999997 0.15228465144230768 0.42651361778846153 0.17168182451923078 0.36101840625000003 0.17377332932692308 0.3374778701923077 0.16815506009615386 0.3358788365384615 0.1394022596153846 0.31334552644230773 0.13905933413461538 0.3352172788461539 0.13024245673076923 0.3709419206730769 0.08351304086538461 0.4271751754807692 0.06323419471153846 0.4781158942307692 0.02620330048076923 0.5158252836538462
6 0.660136891826923 0.2065447548076923 0.5649145793269231 0.17082010096153846 0.4635204807692308 0.18272831490384614 0.42648955048076925 0.21779141105769229 0.42428716346153844 0.24643558173076924 0.44853174759615383 0.2646273389423077 0.48739135336538464 0.28006393269230767 0.5067231971153846 0.3208605961538461 0.50809753125 0.32229051923076923 0.5948919783653847 0.34415083413461534 0.7200916899038461 0.3547359326923077 0.8558715625000001 0.3547359326923077 0.9078910889423076 0.35936688701923075 0.9122995288461537 0.33753515625 0.8373560625 0.2945332548076923 0.7095113293269232 0.24557727403846152 0.660136891826923 0.2065447548076923
6 0.21929291346153848 0.2527191009615385 0.2148844735576923 0.30908775 0.1822620504807692 0.35539749038461543 0.16110153124999999 0.39707624999999996 0.10114679807692308 0.4314778269230769 0.07381442307692308 0.4758028197115385 0.03502017788461538 0.5174816057692307 0.016504747596153845 0.5532062211538462 0.07205107451923078 0.5538678293269231 0.13024245673076923 0.5082196466346154 0.1857888173076923 0.44007815144230766 0.2492703125 0.37656766105769235 0.27836603846153846 0.3209959639423077 0.3030532572115385 0.2660858485576923 0.30922511057692303 0.22903807932692308 0.40532909855769234 0.26542430528846156 0.42188526682692307 0.2776745600961539 0.42428716346153844 0.24643558173076924 0.38769534134615385 0.21897915865384615 0.33126730769230767 0.18590077163461538 0.2986448173076923 0.18259293269230767 0.26337730528846154 0.2057478028846154 0.21929291346153848 0.2527191009615385
14 0.6980820096153846 0.5058283725961539 0.6951058197115384 0.5021081346153846 0.6903108461538461 0.49875992067307695 0.6843584663461539 0.498263889423077 0.670469576923077 0.50049603125 0.6539351850961539 0.5002480168269231 0.6395502644230769 0.506076389423077 0.6506283076923077 0.5119047620192307 0.6593915336538461 0.5125248004807692 0.6717923269230769 0.5109126995192308 0.68799603125 0.5114087307692308 0.6922949735576923 0.5101686514423076 0.6980820096153846 0.5058283725961539
14 0.7076719567307692 0.5256696418269231 0.701554233173077 0.5215773798076924 0.6956018509615384 0.5195932548076923 0.6820436514423077 0.5208333341346154 0.6641865072115384 0.5198412692307692 0.6585648149038461 0.5213293653846154 0.6524470889423076 0.5256696418269231 0.6524470889423076 0.5274057548076923 0.6531084663461539 0.5293898798076924 0.6588955024038461 0.5332341274038461 0.6660052908653846 0.5338541658653846 0.673445766826923 0.532986110576923 0.6972552908653846 0.5334821418269231 0.7041997355769231 0.5297619038461538 0.7076719567307692 0.5256696418269231
14 0.7213955024038461 0.5565476201923076 0.7177579375 0.5555555552884616 0.6843584663461539 0.5548115072115385 0.6790674591346153 0.5565476201923076 0.6755952379807693 0.5603918653846154 0.6787367716346153 0.5639880961538462 0.6903108461538461 0.5682043653846154 0.7218915336538461 0.5693204374999999 0.7243716923076923 0.5689484134615385 0.7281746033653846 0.5648561514423076 0.7275132283653847 0.5618799591346154 0.7213955024038461 0.5565476201923076
14 0.5259589951923077 0.71924603125 0.5229828052884615 0.717013889423077 0.5183531754807692 0.7180059519230769 0.5127314807692308 0.7177579375 0.5071097884615384 0.7147817451923076 0.49652777884615384 0.7155257932692307 0.4882605817307692 0.717509920673077 0.4862764543269231 0.7212301586538461 0.48313492067307695 0.7198660721153847 0.4819775144230769 0.7177579375 0.4785052908653846 0.7178819447115384 0.47933200961538464 0.7217261899038461 0.4862764543269231 0.7217261899038461 0.48974867788461535 0.72606646875 0.4942129639423077 0.7289186514423077 0.49785052884615383 0.7299107139423077 0.5147156081730769 0.7306547620192307 0.5231481490384615 0.7347470240384616 0.5338955024038461 0.7341269831730769 0.5419973533653846 0.7295386899038461 0.5358796298076923 0.7214781754807693 0.5259589951923077 0.71924603125
14 0.5464616394230769 0.7752976201923077 0.5282738100961539 0.7658730168269231 0.5157076730769231 0.763392858173077 0.5127314807692308 0.7606646826923077 0.5071097884615384 0.7581845240384616 0.5016534399038461 0.7575644831730769 0.499338625 0.7610367067307693 0.5009920625000001 0.7647569447115384 0.5051256610576923 0.7658730168269231 0.5132275144230769 0.771205358173077 0.5178571418269231 0.7808779759615384 0.5200066129807692 0.7827380961538462 0.5335648149038461 0.7852182548076924 0.5418320096153846 0.7886904759615384 0.5491071418269231 0.793402778846154 0.5562169302884615 0.7947668653846154 0.5658068774038462 0.7922867067307693 0.5654761899038461 0.7843501995192308 0.56266534375 0.7805059519230769 0.5464616394230769 0.7752976201923077
15 0.8368055552884616 0.7041170625 0.8308531754807693 0.7041170625 0.8037367716346153 0.7061011899038461 0.8022486778846154 0.7084573413461539 0.8022486778846154 0.7136656754807693 0.8053902115384616 0.7150297620192307 0.813161375 0.7149057548076924 0.8344907403846153 0.7127976201923077 0.8379629639423077 0.71044146875 0.8396164014423076 0.7059771826923077 0.8368055552884616 0.7041170625
15 0.830522485576923 0.7368551586538461 0.8043981490384616 0.7375992067307693 0.8002645504807693 0.7411954375 0.8015873004807692 0.7451636899038461 0.8053902115384616 0.7475198413461539 0.8128306875 0.7476438485576923 0.8354828052884616 0.7452876995192308 0.8373015865384615 0.7421875 0.8363095240384616 0.7384672620192307 0.830522485576923 0.7368551586538461
15 0.8424272475961538 0.7663690480769231 0.8397817451923076 0.7663690480769231 0.8153108461538461 0.769097221153846 0.8106812163461539 0.766865079326923 0.8047288365384616 0.7666170625 0.8000992067307693 0.7695932548076924 0.7958002644230769 0.7683531754807693 0.7895171947115384 0.7681051586538461 0.7870370360576923 0.769965278846154 0.7867063485576923 0.77294146875 0.7888558197115384 0.7743055552884616 0.8000992067307693 0.7752976201923077 0.815972221153846 0.779017858173077 0.8220899471153846 0.7788938485576923 0.8440806875 0.7752976201923077 0.8462301586538461 0.7731894831730769 0.8458994711538461 0.7684771826923077 0.8424272475961538 0.7663690480769231
11 0.78141534375 0.7478918653846154 0.7739748677884616 0.7433035721153847 0.7581018509615384 0.7373511899038461 0.7442129639423077 0.7368551586538461 0.7375992067307693 0.737847221153846 0.7290013221153846 0.7410714278846153 0.7225529110576924 0.7491319447115384 0.722222221153846 0.7531001995192308 0.7301587307692308 0.7684771826923077 0.735945766826923 0.7730654759615384 0.7425595240384616 0.7755456346153846 0.7554563485576923 0.7750496033653846 0.7691798942307693 0.7764136899038461 0.78125 0.7713293653846154 0.7853835985576924 0.7667410721153847 0.7867063485576923 0.7570684519230769 0.78141534375 0.7478918653846154
11 0.7939814807692307 0.808159721153846 0.795304233173077 0.7999751995192308 0.7913359783653846 0.7917906754807693 0.7736441802884616 0.780009920673077 0.768022485576923 0.777777778846154 0.7538029110576924 0.7755456346153846 0.7428902115384616 0.7775297620192307 0.7337962956730769 0.7838541658653846 0.7298280432692308 0.7893105168269231 0.7298280432692308 0.8002232139423077 0.732142858173077 0.8049355168269231 0.7372685192307693 0.810267858173077 0.7481812163461539 0.8157242067307693 0.7690145504807693 0.8196924591346153 0.7748015865384615 0.81981646875 0.7802579375 0.8191964278846153 0.7862103173076923 0.8162202379807693 0.7900132283653847 0.8133680552884616 0.7939814807692307 0.808159721153846
11 0.78174603125 0.7186259927884616 0.7830687836538461 0.7136656754807693 0.78141534375 0.709201389423077 0.7736441802884616 0.7028769831730769 0.7600859783653846 0.6981646826923077 0.7485119038461538 0.6961805552884616 0.732308201923077 0.6979166658653846 0.7273478846153847 0.7003968245192307 0.7242063485576923 0.7037450408653847 0.7199074062499999 0.7129216274038461 0.722222221153846 0.7196180552884616 0.7271825408653847 0.7280505961538462 0.7286706346153846 0.7296626995192308 0.7409060841346153 0.73387896875 0.7592592596153847 0.7362351201923077 0.764054233173077 0.7353670625 0.7729828052884616 0.7301587307692308 0.7764550264423077 0.7268105168269231 0.78174603125 0.7186259927884616
9 0.8740079375 0.5231894831730769 0.8779761899038461 0.5177331346153846 0.8786375673076924 0.5125248004807692 0.8763227524038462 0.5058283725961539 0.8731812163461539 0.501736110576923 0.8632605817307692 0.4972718245192308 0.8503637572115385 0.49677579326923077 0.8341600528846154 0.50049603125 0.8206018509615384 0.501736110576923 0.8125 0.506572420673077 0.8098544975961539 0.5100446418269231 0.8088624326923076 0.5177331346153846 0.8134920625 0.5269097211538462 0.8189484134615385 0.5322420625000001 0.8235780432692308 0.5342261899038461 0.829530423076923 0.5354662692307692 0.8353174591346153 0.5353422620192307 0.8447420625 0.5344742067307693 0.8540013221153846 0.53075396875 0.8635912692307692 0.5287698413461539 0.8740079375 0.5231894831730769