4 0.7800244567307693 0.5405703461538461 0.7788080192307691 0.5394859663461539 0.7737409158653846 0.5383391875 0.7626191033653846 0.5394791538461539 0.7385274879807693 0.5425382860576924 0.7326105336538462 0.544678204326923 0.7306586610576923 0.5491394735576923 0.7353377091346154 0.5727231466346153 0.7369928028846153 0.5760184927884615 0.7445563870192308 0.576290110576923 0.7797295432692307 0.5727291634615385 0.7836607572115385 0.5715152644230769 0.7848348557692308 0.5681805913461538 0.7796704735576923 0.547197485576923 0.7800244567307693 0.5405703461538461
4 0.7962908341346153 0.63096865625 0.7990140793269231 0.6295541923076923 0.7992726514423077 0.6274929254807693 0.7968546466346154 0.6220345865384616 0.7956022740384616 0.6123577620192308 0.7935572572115385 0.6070971081730769 0.7938943076923077 0.5987023461538462 0.7928643629807692 0.5977168100961538 0.7887297211538461 0.5970642427884616 0.7479553894230769 0.6018333221153847 0.7407986610576922 0.6052946346153847 0.7406693750000001 0.606325264423077 0.7449671730769231 0.6094824447115385 0.7459122355769231 0.6209748701923077 0.748037798076923 0.6249592283653846 0.748948985576923 0.6329164110576924 0.7529628125 0.6354834230769231 0.7570487139423077 0.6358903245192308 0.7962908341346153 0.63096865625
4 0.7540433581730769 0.6611168221153847 0.75337153125 0.6636185504807692 0.7556115072115385 0.6698618581730769 0.7596251274038461 0.6917738653846153 0.7622529591346154 0.6949252764423076 0.7663960673076923 0.69646165625 0.7943870913461539 0.6937105841346154 0.8067486754807691 0.6912492307692308 0.8092684951923077 0.6879683004807693 0.8023812788461538 0.6566193629807693 0.80070284375 0.6557297836538462 0.791753266826923 0.6560425673076923 0.7540433581730769 0.6611168221153847
4 0.7709348894230769 0.7538249447115385 0.7774451923076923 0.7555167980769231 0.8152123076923077 0.7515720144230769 0.8192812740384615 0.7502112956730769 0.8197984134615385 0.7460887644230769 0.8135130120192307 0.7194554086538462 0.8114849302884616 0.715962375 0.8064178245192307 0.7148155985576923 0.7654654663461538 0.7203696466346153 0.7640476682692309 0.7224760072115385 0.7709348894230769 0.7538249447115385
15 0.7163592596153846 0.6301525120192307 0.7184594182692308 0.6314854375000001 0.7222613485576923 0.6313021730769232 0.7258598461538461 0.6292524423076924 0.7261989615384615 0.6259148846153846 0.7193563485576924 0.5846972043269231 0.7175719711538461 0.5824324879807692 0.7160397548076923 0.5822798966346154 0.7099278389423076 0.5834371658653846 0.7091436634615385 0.5887371490384615 0.7163592596153846 0.6301525120192307
15 0.7075637596153845 0.6901210961538461 0.7106535889423077 0.6930777067307693 0.7141312716346153 0.692942420673077 0.7175030096153846 0.6914319975961539 0.7176471610576923 0.6871117860576923 0.7091345865384615 0.6458883365384616 0.7067907259615385 0.6433270937500001 0.7024293197115384 0.6432138317307692 0.6998925673076923 0.6447271394230769 0.6991317283653846 0.6476213509615385 0.7075637596153845 0.6901210961538461
15 0.7416512211538462 0.7475373389423077 0.7438976009615386 0.7496072548076923 0.7505689951923077 0.7487465120192307 0.751946516826923 0.7472783004807693 0.7520588677884615 0.7444800480769231 0.7430758245192308 0.7025675865384616 0.740488266826923 0.6987780288461539 0.735154125 0.6988087067307693 0.73276359375 0.7010590024038461 0.7325219591346154 0.7048878894230769 0.7416512211538462 0.7475373389423077
14 0.723368139423077 0.7807142091346153 0.7268586274038462 0.7722321394230769 0.7260151754807692 0.7713454423076923 0.7207531129807693 0.7692160120192307 0.7100848293269231 0.7692773677884616 0.706939860576923 0.770248485576923 0.7026610649038462 0.7739161298076923 0.6962905793269231 0.7771346658653846 0.6813116947115384 0.7823856225961539 0.6764903581730769 0.7875243653846155 0.6771896538461538 0.7927312740384616 0.68635959375 0.7960525721153846 0.6914585 0.7956773918269231 0.7020675096153847 0.7894293629807693 0.7124751586538461 0.7863720697115385 0.723368139423077 0.7807142091346153
14 0.6562394879807693 0.7266698798076923 0.6429772451923077 0.7271150673076924 0.6189641057692307 0.7238407019230769 0.6134201370192307 0.7261783076923076 0.60927909375 0.7296991298076924 0.6087132139423077 0.7335759975961539 0.6134158028846154 0.7354089014423076 0.6164081490384615 0.7378741850961539 0.6378421947115385 0.7382428028846154 0.6456092067307692 0.7403808846153846 0.655118264423077 0.7403646274038462 0.6611242331730769 0.7378322235576923 0.6631735841346154 0.73386228125 0.6613722644230768 0.7298299447115385 0.6562394879807693 0.7266698798076923
14 0.6594315384615383 0.6821972235576923 0.6652276778846153 0.6819717475961539 0.6688346466346153 0.680805829326923 0.6728379350961539 0.6774318245192308 0.6778308966346154 0.6756815048076923 0.6837817235576923 0.677076829326923 0.684777795673077 0.6745271225961538 0.6777334182692307 0.6751901778846154 0.6700618173076923 0.6684862211538461 0.6642084735576923 0.6675822235576923 0.6435203966346154 0.6676089759615385 0.6334836682692307 0.6658067451923078 0.6228323245192308 0.6676357235576924 0.6187400192307693 0.6714022091346153 0.6209143197115385 0.675632233173077 0.6258690745192308 0.6795772620192307 0.6320954062499999 0.6806789447115384 0.6419202403846154 0.6797308966346154 0.6506917908653846 0.6802030817307692 0.6594315384615383 0.6821972235576923
14 0.6476938533653847 0.6045311923076923 0.6354700240384615 0.6068457259615385 0.61377740625 0.6085383677884615 0.6072607019230769 0.6110199134615384 0.6044166370192308 0.6143488197115384 0.6057962307692308 0.6179378100961539 0.61232346875 0.621397283653846 0.6154366346153846 0.6219481225961538 0.6522797572115385 0.6183929447115385 0.6583832019230769 0.6163518653846154 0.6622636129807693 0.6098351033653846 0.6593856778846153 0.6096287644230769 0.6535472019230769 0.6054351875 0.6476938533653847 0.6045311923076923
15 0.5758434110576923 0.5611741370192308 0.5802620264423077 0.5624168725961538 0.5901843389423077 0.5619601514423077 0.6145047836538462 0.5634189158653846 0.6508138293269231 0.5622186394230769 0.6573220673076924 0.5588532860576924 0.6589496947115384 0.55444 0.6196249615384615 0.5555807620192308 0.5801773485576923 0.5535787620192308 0.5764326274038462 0.5548915 0.5744150817307692 0.5573394807692308 0.5758434110576923 0.5611741370192308
15 0.5917561802884616 0.4210023918269231 0.6214807788461538 0.41521317067307695 0.6242527644230769 0.41404436778846154 0.62612409375 0.4108593990384615 0.6223370336538461 0.40775308413461536 0.61932134375 0.40769356730769235 0.5870918028846154 0.4134741370192308 0.5791891009615384 0.4165400793269231 0.5805453533653846 0.4225348389423077 0.5917561802884616 0.4210023918269231
10 0.6353613677884616 0.4599411875 0.6292007091346155 0.46085279086538466 0.6203824855769231 0.4651921466346154 0.6101041225961539 0.46721880528846155 0.60303640625 0.47028763221153846 0.5712178461538462 0.48991553605769234 0.5646375336538462 0.4954409903846154 0.5474397403846154 0.5063306706730769 0.5326578846153847 0.517621485576923 0.5300003125 0.5210492355769231 0.515072235576923 0.5316030625 0.4960051850961538 0.5507349134615385 0.48967063461538457 0.562545891826923 0.4922517932692308 0.5705088413461539 0.5098200961538462 0.5934496442307693 0.5137851826923077 0.5957709903846153 0.5196385264423077 0.5966749879807692 0.5233683774038462 0.598651826923077 0.5261975697115384 0.5986125 0.5305017692307692 0.5975962884615384 0.5348293052884615 0.5941743004807692 0.5366200865384616 0.592265625 0.5364887379807692 0.5882390576923077 0.5325723942307692 0.5861633725961538 0.5216773461538462 0.5867640336538462 0.5180047019230769 0.5859166682692307 0.50371271875 0.5660313173076923 0.5048614134615385 0.5600452067307692 0.5260519615384616 0.5398405120192308 0.5380300288461538 0.5312404567307693 0.563103048076923 0.509576201923077 0.6055052139423076 0.48104883413461536 0.6172734495192308 0.4747557115384616 0.6366942836538462 0.46834171634615385 0.6395870865384615 0.46525847115384616 0.6381587572115385 0.4614238173076923 0.6353613677884616 0.4599411875
10 0.6686409399038461 0.7622603798076923 0.6618423245192309 0.769208954326923 0.6598014399038461 0.7740627067307693 0.6637006442307692 0.793715764423077 0.6598202379807692 0.8002325288461538 0.6461065312500001 0.8068135288461539 0.6312569326923078 0.8110338581730769 0.5791191514423077 0.8207717836538462 0.48543133173076924 0.8414625865384615 0.41985328125 0.852430673076923 0.391449 0.8556222067307692 0.35041403125 0.8573953461538462 0.31923569711538463 0.8566984783653846 0.29564428846153845 0.8538674591346154 0.28557575240384614 0.8535871923076923 0.2583032307692308 0.8490249951923077 0.2377105673076923 0.8444858677884616 0.22798115144230768 0.8408680360576923 0.21859291346153847 0.8389698533653847 0.19469852884615382 0.8287238413461538 0.18705873557692307 0.8204979254807692 0.18503065384615386 0.8170048942307692 0.18340529567307692 0.8071303822115384 0.18451185336538461 0.7773802211538462 0.18267460336538463 0.7647554375 0.18476422596153846 0.7601473485576923 0.1845990048076923 0.7525855360576923 0.1823908341346154 0.7448202668269231 0.18008724759615385 0.7416208798076924 0.1769191418269231 0.7256527668269231 0.17873326201923076 0.7213383197115385 0.18094803846153845 0.7055851947115385 0.18057299038461538 0.7003303100961538 0.18193357692307693 0.6970944735576924 0.17973593990384615 0.6952702211538462 0.17445053846153843 0.6955465625 0.1710554639423077 0.6994627548076923 0.1699745144230769 0.7125193533653846 0.16757757932692308 0.7189430408653846 0.16652843028846157 0.7304776802884615 0.1731042067307692 0.7535278149038462 0.17041649038461537 0.8022247259615385 0.17113478846153846 0.8142564591346153 0.17454452884615385 0.8263956826923077 0.1795734230769231 0.8332378100961539 0.18948293509615383 0.8411278725961538 0.21203160096153845 0.8513201370192308 0.21649048798076923 0.8519247259615385 0.2248741826923077 0.8554888052884616 0.22896008653846153 0.8558957115384616 0.23363086778846157 0.8592505721153846 0.23862382932692305 0.8575002524038461 0.24091048076923077 0.8589320192307692 0.26698350240384616 0.8641774615384615 0.32535381009615383 0.8707128197115386 0.34766311298076924 0.8704461754807693 0.39314003365384614 0.86751 0.44729742788461535 0.8603812908653846 0.4877221129807693 0.8530087596153847 0.6069596201923078 0.8265143197115384 0.6314560288461538 0.8221309134615384 0.6381846274038462 0.8223996466346153 0.6421879182692307 0.8190256442307693 0.6525955649038462 0.8159683509615385 0.66386153125 0.8105081730769231 0.6728811201923077 0.8029780817307692 0.6764436850961538 0.7923359038461538 0.6744135360576924 0.7837856706730769 0.6724341971153845 0.7805383004807692 0.6727563725961538 0.7754331177884615 0.6789383004807692 0.7670585432692308 0.6874238149038461 0.7618833557692307 0.6889136923076923 0.7576168918269232 0.6841220913461539 0.75617646875 0.6767131923076923 0.7575256538461539 0.6686409399038461 0.7622603798076923
12 0.6366189567307692 0.4005221009615385 0.6283250408653847 0.4125418413461538 0.6253549254807692 0.4379389831730769 0.6349622836538462 0.4594513677884615 0.6663125360576923 0.47842096634615383 0.6991706129807693 0.48704950240384615 0.7373390120192307 0.48207619711538463 0.7650811298076923 0.4604333413461538 0.7882406778846154 0.43811953846153845 0.7946232716346154 0.40749576682692307 0.7807777211538462 0.3825633052884615 0.7621807427884615 0.36507922836538464 0.7169594230769231 0.35693104086538463 0.6865715649038461 0.3607530576923077 0.6546758846153846 0.37491614423076924 0.6361965961538462 0.40106620673076926 0.6366189567307692 0.4005221009615385
3 1 0.7536126370192308 0.9038086538461538 0.3262355985576923 0.5310582908653847 0.3724548173076923 0.600264923076923 0.8214004879807693 1 0.7772334278846155 1 0.7536126370192308
1 0.5607367259615385 0.7432705793269231 0.5093970721153845 0.38358564663461536 0.15768906009615383 0.4251742163461539 0.18953030048076924 0.783021766826923 0.5607367259615385 0.7432705793269231
6 0.13854241586538463 0.47893353125 0.20778767307692309 0.4646399831730769 0.27087077403846155 0.44619932211538466 0.3506855072115385 0.4244243485576923 0.2734059927884615 0.45897751201923076 0.21474991346153846 0.5131877548076923 0.21133808413461536 0.5632705600961538 0.2287428581730769 0.6173557091346153 0.29535636057692305 0.6570767355769231 0.3963874302884615 0.6684336778846153 0.5337761370192308 0.6410215096153846 0.6393791057692308 0.5879587235576923 0.6951783052884615 0.5260768629807692 0.7094125961538461 0.46326286778846154 0.6951863677884614 0.4117428004807693 0.6641121610576923 0.38295167067307695 0.6207239158653847 0.3661005841346154 0.5679365048076923 0.3556993293269231 0.4842318317307692 0.37112064903846154 0.3869161923076923 0.39867399759615385 0.2849984182692308 0.4299436754807692 0.20065042548076925 0.45557813942307696 0.11305541586538462 0.47157511778846156 0.043615242788461545 0.4848857283653846 0.0029226346153846156 0.5023581322115385 0.0031424447115384613 0.5401404423076923 0.016721399038461537 0.6163514663461539 0.06723230048076924 0.6442901875 0.10543364182692307 0.6619086730769231 0.1707201995192308 0.6411183605769231 0.16559149038461538 0.6287239326923076 0.1250016610576923 0.6327064903846153 0.11366251923076923 0.6495612956730769 0.0717659423076923 0.6335013052884615 0.032784615384615384 0.6119509639423076 0.00608740625 0.5177572379807692 0.05691455528846154 0.4980947355769231 0.13854241586538463 0.47893353125
6 0.36123806490384613 0.6594696466346155 0.4439093798076923 0.6522955913461538 0.5023904543269231 0.6375712788461538 0.5582096586538461 0.6161582716346155 0.6277664903846154 0.5765238100961538 0.6722265336538461 0.5314966802884615 0.696708233173077 0.4732371105769231 0.6896193557692307 0.4307788701923077 0.6578918221153847 0.3919664615384616 0.5920000144230769 0.36933913701923077 0.5500451658653847 0.3664411009615384 0.4909790528846154 0.37821664182692305 0.4151233221153846 0.39955911298076924 0.3823480793269231 0.41227840384615383 0.4514326826923077 0.3941863485576923 0.5219746850961539 0.3797009158653846 0.5703450841346154 0.37456705528846157 0.5893480576923077 0.38026647115384615 0.5673031850961539 0.38614690384615385 0.5170509927884616 0.3885238389423077 0.4544846730769231 0.40284087259615387 0.3755186802884615 0.4286907716346154 0.2881287860576923 0.4659050865384616 0.23887178365384615 0.5136655552884615 0.2268993221153846 0.5609679350961538 0.2429389783653846 0.6081725072115385 0.29671147596153846 0.6437228798076924 0.36123806490384613 0.6594696466346155
0 0.4633468701923077 0.3600459206730769 0.5152275697115385 0.3726049447115385 0.5670398004807692 0.3780915240384616 0.5630800721153846 0.3740383798076923 0.5253382427884615 0.36301449519230766 0.4738476706730769 0.3524213052884615 0.43903007692307694 0.3585851466346154 0.4007221802884615 0.3875249278846154 0.34536138461538457 0.41797627644230767 0.28344838942307693 0.44231458653846156 0.1993636826923077 0.47600444951923077 0.1244830360576923 0.5022616105769231 0.035337995192307695 0.5306295048076923 0.0031430024038461538 0.5402361490384615 0.0031890120192307695 0.5481445240384615 0.00677554326923077 0.5662216225961538 0.01945163701923077 0.6301126177884615 0.02413203846153846 0.6537031177884616 0.02627723076923077 0.6645154615384615 0.004937415865384615 0.5523284639423077 0.030999360576923075 0.5424012716346154 0.11204217067307692 0.5202912596153846 0.20287398557692307 0.4936973317307692 0.27677954567307694 0.4625254783653846 0.34757493990384614 0.4358610384615385 0.43120113701923074 0.39313285096153844 0.4633468701923077 0.3600459206730769
0 0.16555517307692308 0.8169232740384615 0.14011644230769232 0.7761684759615384 0.11377109615384615 0.7375713990384616 0.08496881490384614 0.7135030625 0.06890804567307693 0.7000977572115384 0.06184947836538461 0.7113394663461539 0.0759597764423077 0.7219187211538463 0.11196767788461538 0.7621213557692308 0.1571311802884615 0.8282877403846154 0.19437744951923078 0.8814604278846154 0.19855128605769232 0.9294090264423077 0.1855659158653846 0.964641310096154 0.20698527884615384 0.938278985576923 0.21001707451923077 0.9064647235576923 0.19948616346153847 0.8533860360576924 0.16555517307692308 0.8169232740384615