3 0.44641962019230774 0.2671040745192308 0.16669404086538464 0.34898500721153847 0.2803502596153846 0.9097857572115384 0.5832046129807693 0.8430694927884615 0.44218187500000006 0.2710172451923077 0.44641962019230774 0.2671040745192308
1 0.8458046201923076 0.6439139975961539 0.7221314423076923 0.19450056009615385 0.4544502451923077 0.26618815384615385 0.5573025192307692 0.7147097379807692 0.8458046201923076 0.6439139975961539
0 0.8028048846153847 0.4133550961538462 0.8031516610576923 0.41309951923076926 0.8036318221153846 0.41425424759615387 0.8254644014423077 0.43799343269230767 0.8127561634615385 0.4361972451923077 0.8172865961538461 0.4470924158653846 0.71764709375 0.4609648846153846 0.7240425384615385 0.46262684855769226 0.8301572403846154 0.4800862451923077 0.8755920288461538 0.4848672836538462 0.8611559711538461 0.43196281490384614 0.7858123197115384 0.34337707692307695 0.7196935240384617 0.2766048269230769 0.6269575024038462 0.22822093509615385 0.5174210865384615 0.20494544230769232 0.4680531394230769 0.24062784615384616 0.48650626923076923 0.30189365384615385 0.5091902451923077 0.3239686826923077 0.5318007908653846 0.35525566586538465 0.5402796514423077 0.3599477043269231 0.5711934302884616 0.3674813846153846 0.5135716899038462 0.2942336778846154 0.5058284399038462 0.24350583894230768 0.5984840192307692 0.2607036947115385 0.6773896009615386 0.3116449014423077 0.7591215432692308 0.36585695913461536 0.8028048846153847 0.4133550961538462
6 0.8235055913461539 0.689575266826923 0.9059662908653846 0.6675943677884616 0.9676898557692308 0.6935464591346154 0.9824099326923077 0.6771682596153846 0.9532538341346153 0.6406421346153847 0.9084076033653846 0.6031288413461539 0.864374016826923 0.5382475576923077 0.8393752812499999 0.46662215625 0.8833147211538462 0.42976221634615386 0.8650754350961538 0.32094426201923076 0.8219417884615384 0.2951584951923077 0.787073201923077 0.3267373581730769 0.7945358822115385 0.4643864879807692 0.80183434375 0.5220247331730768 0.8174577307692308 0.5623810024038461 0.8764354495192308 0.6162482620192308 0.8669933557692308 0.6243481778846154 0.7854958485576924 0.6284166754807692 0.7033328317307692 0.6516702115384615 0.6170860528846155 0.7059313870192307 0.57120990625 0.7256996466346154 0.5368528581730769 0.710999048076923 0.5253834014423077 0.6179049254807693 0.50238459375 0.5063631418269231 0.490915125 0.41326896875 0.4511158629807692 0.32683567788461537 0.4202490264423077 0.28356393990384615 0.39794467067307693 0.3066045264423077 0.4267295480769231 0.34594958653846153 0.4598326081730769 0.41256750721153845 0.4787373413461538 0.5022004879807692 0.4812060889423077 0.5788453798076924 0.4845046418269231 0.7163160913461539 0.5088276442307692 0.7542101682692308 0.5690593846153846 0.7561602475961539 0.6434894567307693 0.735095266826923 0.7369542451923077 0.7072862524038462 0.8235055913461539 0.689575266826923
15 0.3392227043269231 0.8747043125 0.34220670673076925 0.8736902259615384 0.34420501442307694 0.869563826923077 0.34180613221153844 0.8648167067307693 0.33878472596153847 0.8634674879807692 0.31736625721153844 0.8644423629807693 0.3094457788461539 0.8636318461538461 0.30749371153846156 0.8652016971153846 0.30638779326923077 0.8687364014423077 0.30845207692307697 0.8742564759615384 0.3110829903846154 0.8750379591346154 0.3392227043269231 0.8747043125
15 0.33087142067307695 0.8401029447115385 0.33596553125 0.8376438389423077 0.3367646057692308 0.83334815625 0.33402188701923075 0.8298852932692308 0.3198917091346154 0.8311713533653846 0.3027493701923077 0.8305968846153846 0.30129919471153843 0.8310073100961539 0.2985014014423077 0.8350208461538462 0.299543 0.83947384375 0.30407048557692307 0.841753329326923 0.31649029567307696 0.8419687163461538 0.33087142067307695 0.8401029447115385
15 0.30802679086538465 0.8002774278846154 0.3220174158653846 0.7978439134615385 0.32645159134615387 0.7964194038461538 0.3286730985576923 0.7932472211538462 0.3282077884615384 0.7879528677884615 0.32656215624999996 0.7858751514423077 0.32353150240384615 0.7850372403846154 0.29597773317307696 0.7884267644230769 0.2919433028846154 0.7899077067307693 0.2903539879807692 0.7935792211538462 0.2915443870192308 0.7986683629807693 0.2950306923076923 0.8009033942307693 0.30802679086538465 0.8002774278846154
14 0.3135407716346154 0.5175799735576923 0.31085436778846154 0.51986634375 0.3157349447115385 0.5203502596153846 0.32029058894230766 0.5255043605769231 0.33388147115384614 0.5230144182692308 0.33970067548076927 0.5203501033653846 0.34658922115384616 0.5206048581730769 0.3504097019230769 0.5176583942307692 0.3533188870192308 0.5119176923076924 0.3523516875 0.5077827644230769 0.34761949759615385 0.5035264471153846 0.34417984855769235 0.5031434158653846 0.3352370961538461 0.5056743677884615 0.3313325528846154 0.5044055288461539 0.32720522115384615 0.5065910168269231 0.31924775 0.5078257331730769 0.3159758125 0.5114647716346153 0.3135407716346154 0.5175799735576923
14 0.3367275817307692 0.5384870552884615 0.3322286658653846 0.5434907283653846 0.3244943918269231 0.5456796610576923 0.31938178125 0.5491613822115384 0.3178853677884615 0.5521283533653846 0.31781179567307694 0.5606273701923077 0.32790795432692305 0.5652307932692308 0.3295161802884615 0.5649452043269231 0.33275071153846153 0.5589428605769231 0.3349444711538462 0.5573046033653847 0.34890693990384614 0.5519964759615384 0.3523924134615385 0.545414420673077 0.35318223798076925 0.5416300456730769 0.3570027211538462 0.538683579326923 0.35180604567307694 0.5379499975961538 0.34823609375000003 0.5359082043269231 0.3428628798076923 0.53607240625 0.3367275817307692 0.5384870552884615
14 0.33225255288461536 0.5997791754807692 0.33767242548076926 0.6014669759615384 0.35989879807692304 0.5912765600961538 0.3627617427884615 0.58809240625 0.3648806923076923 0.5817275360576923 0.3671021971153846 0.5785553533653846 0.35612290144230774 0.5740323076923077 0.3515306754807692 0.5753319855769231 0.34067326442307694 0.58179609375 0.33165611057692307 0.5840089759615384 0.32960190384615384 0.5867946826923076 0.3280037524038461 0.5953860528846154 0.33225255288461536 0.5997791754807692
14 0.45234459134615385 0.7314549879807692 0.46230161298076927 0.7393195024038461 0.47637630288461535 0.7411012956730769 0.4879785432692308 0.746634985576923 0.4928591201923077 0.7471189038461539 0.4942256466346154 0.7469017163461539 0.49671659375000005 0.7421272019230769 0.4998863846153846 0.7397040216346155 0.4981381947115385 0.7344336177884615 0.4935266466346154 0.7279388269230769 0.48972424519230773 0.7254541274038462 0.47657934855769235 0.7254439543269231 0.4677475721153846 0.7218391971153846 0.46469841826923075 0.7220239038461538 0.4589536201923077 0.725006295673077 0.45234459134615385 0.7314549879807692
14 0.5169441177884615 0.8291539086538461 0.5212294951923077 0.8270932524038461 0.5244917716346154 0.8195569831730769 0.52436146875 0.8178982211538461 0.5203728605769231 0.8124140721153845 0.5170076129807692 0.8123491129807692 0.5072098846153846 0.8178350600961538 0.5024692716346154 0.8229071394230769 0.49719861538461535 0.8262640288461539 0.4992532403846154 0.8278868629807692 0.5062069326923078 0.828971 0.5169441177884615 0.8291539086538461
11 0.3485123293269231 0.8042496394230769 0.3500188245192308 0.8095884471153846 0.3555601658653846 0.8178548581730769 0.36447559134615387 0.821266375 0.37145703125 0.8208165841346153 0.3863581225961538 0.8123602259615385 0.3924085264423077 0.7969131826923077 0.3915703894230769 0.7812113870192309 0.38718204086538466 0.7756708076923077 0.37975378605769233 0.7698036298076923 0.37419436057692307 0.7669683798076924 0.36802165625000005 0.7670197235576922 0.3573130456730769 0.7741199759615385 0.3502584471153846 0.7874773269230769 0.3483631129807692 0.7992049543269231 0.3485123293269231 0.8042496394230769
11 0.3680375360576923 0.837045110576923 0.3670535 0.8515669711538462 0.3694712908653846 0.8597000192307692 0.3740269350961538 0.8648541225961538 0.3842811442307692 0.8695823798076923 0.39083509615384615 0.8706100841346154 0.3926850168269231 0.8702560889423077 0.39848531009615384 0.8642058461538462 0.40530787259615386 0.8548141322115386 0.4077521634615385 0.848187625 0.4077324230769231 0.835984610576923 0.40670932211538463 0.8305089927884615 0.3983231153846154 0.8199955769230769 0.3908578677884615 0.8161736370192307 0.383736875 0.8154759759615384 0.3739206442307692 0.8219845432692308 0.3680375360576923 0.837045110576923
11 0.3961809855769231 0.8763883533653847 0.39317931730769234 0.8872421442307693 0.3922885913461539 0.9054680048076923 0.3934794014423077 0.9149656899038461 0.39829565865384614 0.9234373125 0.40613290384615386 0.9288496129807692 0.41052084134615385 0.9299816442307692 0.4138209375 0.9292172259615386 0.41825511298076923 0.9277927139423077 0.4232374230769231 0.9226522331730769 0.43086789182692303 0.9040449807692308 0.43168546394230767 0.8987266802884615 0.4300478341346154 0.8829120240384616 0.42772335576923076 0.8784829759615385 0.4243576923076923 0.8740094711538462 0.4185843173076923 0.8697086995192307 0.4122813076923077 0.86810128125 0.40359874759615383 0.8695412091346154 0.3961809855769231 0.8763883533653847
9 0.23473985096153843 0.5536166490384615 0.23474068028846154 0.5624337355769231 0.23760486778846154 0.5724752091346154 0.24063593990384616 0.5777216658653846 0.24521932932692309 0.5813418389423076 0.2598240673076923 0.5848388245192307 0.2754691610576923 0.5795631778846154 0.27743006009615384 0.5730734735576923 0.27820980528846156 0.5609833197115385 0.2773355048076923 0.5561438461538462 0.27309553846153845 0.5468308701923077 0.2701203701923077 0.5429251033653846 0.2664667716346154 0.5410765480769231 0.2586391875 0.5395614831730768 0.24279863942307692 0.5423489903846154 0.2373329423076923 0.5476262788461539 0.23473985096153843 0.5536166490384615
10 0.30052725721153845 0.33304711538461534 0.3430291850961539 0.32746177403846155 0.3870930985576923 0.3241473822115385 0.41548334134615383 0.31882548317307696 0.4225017764423077 0.3163304519230769 0.42043748798076924 0.3108103798076923 0.4163189927884616 0.3080760168269231 0.4040853918269231 0.31086007932692306 0.40001355048076925 0.30997771394230766 0.38560468269230774 0.31337741346153847 0.33657654807692305 0.316401125 0.2781226826923077 0.32650113942307696 0.26973771875 0.3292133557692308 0.24876565144230767 0.33209665865384613 0.22677131009615387 0.3383214302884615 0.22126820432692307 0.34123541586538464 0.21240026682692306 0.3484929831730769 0.20838474519230768 0.35335984855769226 0.20558736298076924 0.3617819278846154 0.20538431971153845 0.3774392716346154 0.2091787139423077 0.3936609086538461 0.21260069711538462 0.4038836442307692 0.21480412019230768 0.40614262259615386 0.21672843990384616 0.40610669951923073 0.21882005528846155 0.4056843004807692 0.22035346634615383 0.40067209374999996 0.21442038461538462 0.37861231490384617 0.21352717067307692 0.3703869182692308 0.21402864423076923 0.3648189447115385 0.21686343028846153 0.3587601730769231 0.22030266586538463 0.3547346610576923 0.23132737259615382 0.34788407692307693 0.2443045576923077 0.3438721826923077 0.2800015913461538 0.3378388485576923 0.30052725721153845 0.33304711538461534
14 0.5103194927884616 0.77821228125 0.5086082427884615 0.7604658389423077 0.46317563701923076 0.7793426322115384 0.4767117788461538 0.793151375 0.5103194927884616 0.77821228125
10 0.4745457980769231 0.36091175240384615 0.37876959615384614 0.35680924759615384 0.3500754639423077 0.4015666201923077 0.35380843028846154 0.47921060336538457 0.4150638317307692 0.5037688341346154 0.4306970216346154 0.48187409615384613 0.39053675721153847 0.4511761081730769 0.3745421442307692 0.4136387716346154 0.40799933413461537 0.3892438798076923 0.4986514759615384 0.4287192019230769 0.5305603942307692 0.47260774759615387 0.51078646875 0.5026283846153846 0.5237272475961539 0.5138918557692308 0.5715332019230769 0.4759376754807692 0.5436379759615385 0.42277178125000003 0.4745457980769231 0.36091175240384615
10 0.4200538701923077 0.4319669783653846 0.3693514302884615 0.4883807163461539 0.3489121394230769 0.5375863533653846 0.3657228341346154 0.5653943245192308 0.4140539471153846 0.5517157956730769 0.40093614182692305 0.5315061538461539 0.38155322355769233 0.5229207283653846 0.4101002572115385 0.4863464495192308 0.44876171634615386 0.4577647908653846 0.4883898653846154 0.42890959134615386 0.5064580504807693 0.42243910576923077 0.5111508870192307 0.4645319182692308 0.5164356778846154 0.4915312163461539 0.5396312596153846 0.46732671634615386 0.5256434158653847 0.42515072596153847 0.5144049038461538 0.3726983413461538 0.4741779711538462 0.3813694278846154 0.4200538701923077 0.4319669783653846
10 0.48417272115384613 0.5386555096153847 0.49137703125 0.49455253605769234 0.46579656249999996 0.49093701923076927 0.4528062403846154 0.4998696418269231 0.4637196442307693 0.5173059807692307 0.4070566586538461 0.512989 0.3537417668269231 0.5185796802884616 0.30972195192307694 0.5242535144230769 0.2738832860576923 0.5384672235576923 0.2794656875 0.5667391778846154 0.3124814230769231 0.5668935048076923 0.33300131490384616 0.5488739134615385 0.3524072572115384 0.5393109447115385 0.39085155769230767 0.5406427139423077 0.42959353846153847 0.5432471225961538 0.48417272115384613 0.5386555096153847
10 0.6421840288461538 0.5224306466346154 0.6004652596153846 0.507099673076923 0.5521832115384615 0.5005701225961539 0.5206032884615385 0.5093483990384615 0.5325774615384615 0.5208854375 0.5206066947115384 0.5269871875000001 0.47792472355769233 0.5295685721153846 0.41092999278846154 0.5471723389423077 0.37404774999999996 0.5481122980769231 0.3614114639423077 0.5733990408653846 0.3900423461538462 0.5856495841346153 0.4820957403846154 0.5650245432692308 0.5502812235576923 0.5525114158653847 0.6421840288461538 0.5224306466346154
10 0.7748424759615384 0.5255931899038462 0.7305248966346153 0.5299943581730769 0.6818155889423078 0.5112142403846154 0.639431295673077 0.5150682572115385 0.6131083557692307 0.5170905072115385 0.5841096466346154 0.5252976370192308 0.5166735216346153 0.5674505552884616 0.4983110721153846 0.5902872451923077 0.4587598846153846 0.6326897115384615 0.4413709302884615 0.6905303918269231 0.44474168028846156 0.74632403125 0.4570747355769231 0.7620726009615384 0.47342353846153845 0.7085970576923077 0.4906619230769231 0.6413007451923077 0.5279821081730769 0.5981726538461538 0.5655299447115385 0.5780476826923077 0.6333407043269231 0.5507146225961539 0.6961746490384615 0.5505712956730769 0.7835489423076923 0.55840871875 0.8219863197115385 0.5244627860576924 0.8043595168269231 0.5063840793269231 0.7748424759615384 0.5255931899038462
10 0.6261637403846153 0.7359279855769232 0.5849000624999999 0.766603 0.5199086971153846 0.7619293221153847 0.47997603846153847 0.7542342596153847 0.48593315625 0.7973260913461538 0.5930846850961539 0.79278159375 0.6566611899038463 0.7870005240384615 0.7188159158653846 0.7354870528846154 0.7627485384615385 0.66334953125 0.7982022908653845 0.581399670673077 0.8218391490384616 0.5326458990384615 0.7917267499999999 0.5493097355769231 0.7452655096153846 0.6194489735576922 0.7193240360576922 0.6715687572115385 0.6261637403846153 0.7359279855769232
10 0.5254980600961539 0.8254788125 0.5605941802884615 0.8169028942307693 0.6215684639423077 0.8132151802884615 0.7049991850961538 0.8085995504807693 0.7606886778846154 0.7779125408653846 0.78119825 0.7069765048076923 0.8181579350961539 0.5965542475961538 0.8213208125 0.5436478269230769 0.7977574182692307 0.588310048076923 0.7615577908653847 0.6582588942307692 0.7410448701923078 0.7115560721153845 0.6595575985576924 0.768540983173077 0.5962052331730769 0.7796862596153846 0.5567944206730769 0.7786281322115385 0.5129251081730769 0.7937576682692308 0.4669754182692308 0.8176174927884615 0.4715912115384615 0.8461630096153846 0.5254980600961539 0.8254788125