3 0.7619218125 0.7720126298076924 0.7180892091346155 0.49082452644230773 0.13806198076923076 0.5624351995192307 0.17738914182692306 0.8467693870192308 0.7619218125 0.7720126298076924
1 0.7157305360576923 0.47398512980769236 0.6735575072115385 0.20464531490384616 0.21912583653846152 0.2679514326923077 0.2507843629807692 0.5326049639423076 0.7157305360576923 0.47398512980769236
0 0.4061724134615385 0.21964461538461538 0.4238531394230769 0.21170201442307693 0.4171687331730769 0.2008584543269231 0.4160155336538462 0.20102238942307693 0.35542135817307696 0.24464583413461538 0.3274562451923077 0.29898058653846155 0.31444969471153844 0.36486447355769236 0.33139524759615385 0.4096487019230769 0.38054705528846156 0.43037722115384613 0.4477350408653846 0.4401789086538462 0.5507695432692308 0.4455643846153846 0.675060860576923 0.4376174831730769 0.7079141634615385 0.4298486153846154 0.7114802115384615 0.4215858125 0.6483229399038462 0.4308675769230769 0.5457971298076922 0.4354634110576923 0.4447878725961539 0.43183721875000003 0.37663339423076925 0.4214849879807692 0.3367301346153846 0.3969386538461538 0.3298152283653846 0.34757067548076925 0.34043093028846155 0.2900165360576923 0.3698712259615385 0.24621362259615387 0.4061724134615385 0.21964461538461538
6 0.27859895673076923 0.32480291586538457 0.30845574278846155 0.2903230769230769 0.3386812548076923 0.25847618990384613 0.3566724326923077 0.23291371153846155 0.3423808221153846 0.2328816875 0.34781562019230766 0.22430087499999998 0.2986857980769231 0.2332716298076923 0.23458806490384615 0.2518819423076923 0.16391554567307692 0.2933990336538462 0.14772653846153846 0.3302126274038461 0.17861014423076924 0.3538613533653846 0.22554606009615386 0.3460701298076923 0.27859895673076923 0.32480291586538457
6 0.4224363317307693 0.3802066538461538 0.3577313942307692 0.3627334591346154 0.29758238221153843 0.34603818028846156 0.2260260576923077 0.3494970048076923 0.18484784375000002 0.37934525240384614 0.1849495528846154 0.41816943990384614 0.22333625721153846 0.45093779567307696 0.2786082475961539 0.47091231971153846 0.34616502884615385 0.4833469759615384 0.4155117716346154 0.47681235336538463 0.4688857740384615 0.4514880024038461 0.50711675 0.4132980673076923 0.5103115504807693 0.40759212740384615 0.5017512403846154 0.40674025 0.49734893028846155 0.40573380048076924 0.5066366442307693 0.3919150216346154 0.4968031923076923 0.3904631442307692 0.4224363317307693 0.3802066538461538
12 0.6316913413461538 0.573874641826923 0.6298629735576923 0.5798735072115385 0.6258335576923078 0.5832567307692308 0.6201038389423077 0.5852177548076922 0.6063135168269231 0.5844064350961539 0.6034220673076923 0.5816248245192308 0.5923663221153845 0.5753305649038462 0.5786646249999999 0.58705965625 0.5719090528846154 0.5947951658653846 0.56028034375 0.6165609591346153 0.5608014735576923 0.634570673076923 0.5660685649038462 0.6507405600961539 0.5721625432692308 0.6585246947115385 0.5783247644230769 0.6620329711538461 0.5864553846153846 0.67006825 0.6072290600961538 0.6814409399038461 0.6246619423076923 0.6868240336538461 0.6338959639423076 0.6884477091346154 0.6469267596153846 0.6885995216346154 0.6661618677884615 0.6866063245192309 0.6811163028846153 0.682630235576923 0.6963547860576923 0.6747282403846153 0.7090558822115385 0.6653816610576923 0.7185207764423077 0.6555551802884616 0.7247148966346154 0.6450020360576924 0.7291648413461539 0.6291411875 0.7287137259615384 0.61639440625 0.725431875 0.6024902091346154 0.7221003942307692 0.6001393485576924 0.7147629807692308 0.5882409495192308 0.7063735697115384 0.5807396105769231 0.6899496995192307 0.5718433461538461 0.6696860745192308 0.5653028365384615 0.6581566177884616 0.5639619543269231 0.6452640841346154 0.5647972139423078 0.6322510144230769 0.567153485576923 0.6306721346153845 0.5689796754807692 0.6316913413461538 0.573874641826923
15 0.6491237692307692 0.5304331153846154 0.6475448870192307 0.5322593052884615 0.6483744326923078 0.5381817427884615 0.6551783149038461 0.5581787259615385 0.6585966538461538 0.563531204326923 0.65986534375 0.5642534951923077 0.6653278509615385 0.5639570625 0.6677438173076923 0.5621532620192308 0.6676915288461539 0.5593984086538462 0.6609576634615385 0.5446643629807693 0.6573656177884615 0.5333086466346153 0.6550954399038461 0.53019946875 0.6491237692307692 0.5304331153846154
15 0.46199945673076925 0.5817270384615385 0.4652879567307692 0.5849617860576923 0.4687829543269231 0.5849077500000001 0.471785625 0.5825296105769231 0.4710934471153846 0.5728248461538462 0.47291737740384615 0.5429790048076923 0.4711732019230769 0.5376712956730769 0.46665988461538466 0.5375997644230769 0.46476150000000005 0.5383356947115385 0.4629929519230769 0.5411893581730769 0.46199945673076925 0.5817270384615385
15 0.3711233677884615 0.6426261033653845 0.37041612740384616 0.6447214447115385 0.3714176105769231 0.6471083317307692 0.37505086778846153 0.6480413653846154 0.4135640673076923 0.6431710841346153 0.42934716346153845 0.6403480384615385 0.4327553028846154 0.6372923822115385 0.4319089158653846 0.6336312572115385 0.4283447908653846 0.6331917596153847 0.38115902163461535 0.6392559975961538 0.3736860120192308 0.6406787163461539 0.3711233677884615 0.6426261033653845
15 0.32864722115384615 0.6370649543269231 0.3552862067307692 0.6331555048076923 0.3590913966346154 0.6305529855769231 0.35919420192307694 0.6265238942307693 0.3548705456730769 0.625424889423077 0.29978015384615386 0.632211939903846 0.29594039903846153 0.6345676947115385 0.2961655144230769 0.6385563846153846 0.2995054110576923 0.6397765865384616 0.32864722115384615 0.6370649543269231
15 0.27730485817307693 0.6587028774038461 0.28424256009615384 0.6558399495192307 0.2844229134615385 0.6511737379807693 0.2770704375 0.6510754471153846 0.2242754783653846 0.657579704326923 0.2220061923076923 0.6592399254807693 0.2214372091346154 0.6623223413461539 0.22200707932692307 0.6640093221153845 0.22531241586538464 0.6649827548076923 0.27730485817307693 0.6587028774038461
4 0.2560942740384615 0.7108937451923077 0.2590193966346154 0.7091527283653847 0.26093462259615385 0.7061554831730769 0.25879162259615385 0.6908558461538461 0.25891037980769227 0.6797960456730769 0.2570026875 0.6768932379807692 0.2535506754807692 0.6760633870192307 0.21627160096153847 0.6814091923076924 0.21118930048076923 0.6844200745192308 0.21062032211538462 0.6875024951923077 0.21480173798076924 0.7125920625 0.21802110576923078 0.7153332764423077 0.22260355288461536 0.71589834375 0.23300168509615385 0.7127346129807692 0.2505542163461538 0.7118272980769231 0.2560942740384615 0.7108937451923077
4 0.33158698076923077 0.6675790528846155 0.3280228533653846 0.6671395552884616 0.29362592307692303 0.6716282307692307 0.2891733149038461 0.6731808918269231 0.28671436778846154 0.6758685841346155 0.28659472115384615 0.6821589879807692 0.2910003653846154 0.7064678557692308 0.2943748293269231 0.7079348269230769 0.29801650240384614 0.707737201923077 0.31001124759615384 0.7052553629807693 0.3207895889423077 0.7048060817307692 0.33362141826923075 0.702346625 0.3368398966346154 0.7003184423076922 0.3333825576923077 0.6708722139423077 0.33158698076923077 0.6675790528846155
4 0.41072536538461535 0.6919689447115385 0.4111046875 0.6899140024038461 0.40864971874999995 0.6676240528846153 0.4072848629807692 0.6602614038461538 0.4056621081730769 0.6582020865384616 0.40334052884615385 0.6571074543269231 0.39343383173076923 0.657825889423077 0.3668723942307693 0.6610982163461538 0.36471521875 0.6623680865384615 0.36294667067307695 0.6652217451923076 0.3659546682692308 0.6914599879807692 0.3675605889423077 0.6957806177884615 0.37450759855769233 0.6965564302884615 0.392905625 0.6945408485576923 0.3983074278846154 0.6926202211538462 0.4039511778846154 0.6924269735576923 0.4086027548076923 0.6934855793269231 0.41072536538461535 0.6919689447115385
4 0.43967041105769233 0.6521296129807692 0.4377122019230769 0.6560107475961539 0.44134147596153844 0.6819214206730769 0.4434995384615385 0.6854209519230768 0.4622861971153846 0.6849891610576923 0.4758859711538461 0.6820585600961538 0.48162499999999997 0.6837362716346154 0.48341968990384615 0.6822600360576924 0.48479960576923076 0.6778225793269231 0.48106663701923075 0.6511716009615385 0.47937475480769226 0.6486187475961539 0.4763627740384615 0.6473581466346154 0.43967041105769233 0.6521296129807692
14 0.15892695913461538 0.5851765120192307 0.15442294951923077 0.5887437211538461 0.15382028846153847 0.5963487668269231 0.1668537451923077 0.6108087668269231 0.1680812283653846 0.6219537403846154 0.17961245913461538 0.6328334134615384 0.18085589182692308 0.6369476778846154 0.1836697956730769 0.6403664086538462 0.19314576682692308 0.6437174615384615 0.19689202403846154 0.6490295408653846 0.19891093990384615 0.6467726009615385 0.19828877884615384 0.6423307716346154 0.2005655985576923 0.6347705 0.19949498557692308 0.631890079326923 0.1884813341346154 0.61994253125 0.1838718533653846 0.613230639423077 0.18079074759615385 0.6114765024038461 0.17235923557692306 0.6096284471153847 0.16341679567307693 0.5981788100961538 0.16251811538461539 0.5917628341346154 0.16508829326923077 0.5839153942307692 0.1664775144230769 0.5831166802884615 0.17160368990384617 0.5839913004807692 0.17456337740384614 0.5824970528846154 0.17106749278846156 0.5777816923076923 0.16542374038461538 0.5779749423076923 0.16290408173076923 0.5790384399038462 0.15892695913461538 0.5851765120192307
14 0.25664504567307694 0.5635987860576923 0.25462524278846155 0.561086329326923 0.2471597644230769 0.5566089927884615 0.23962782451923076 0.5659463076923077 0.23954451923076922 0.5820222740384615 0.23726769951923077 0.5895825456730769 0.2384074423076923 0.5929565024038461 0.24187718028846156 0.5962944375 0.2474349639423077 0.5978689663461538 0.2549070841346154 0.5916768509615384 0.2566840480769231 0.5876925336538462 0.25530235576923077 0.5825911995192308 0.257595125 0.5680002139423077 0.25664504567307694 0.5635987860576923
14 0.3107906850961539 0.5810266778846154 0.31048226682692304 0.5931139519230769 0.30805035096153843 0.6019484663461538 0.30953573557692304 0.6077901057692308 0.31350621634615383 0.6123214807692308 0.31307549278846153 0.6163909711538461 0.3144217355769231 0.6164761442307692 0.32331852884615386 0.6145014807692308 0.3286596225961539 0.6109566610576923 0.3261532475961539 0.5906812596153845 0.3278770360576923 0.5791726947115385 0.3235609110576923 0.5721736346153846 0.3223848293269231 0.5590141153846153 0.32360123317307693 0.5569815552884616 0.32751011778846156 0.5551193413461538 0.3276474855769231 0.5513370216346154 0.3330998028846154 0.5426324519230769 0.33225341346153847 0.5389713269230769 0.32858559615384614 0.5377915216346154 0.3238050697115385 0.5393845817307692 0.31906841346153847 0.5448631490384616 0.31679159134615387 0.552423423076923 0.3183133197115385 0.5680506249999999 0.3169679663461539 0.5727348485576923 0.3107906850961539 0.5810266778846154
14 0.39572703124999997 0.5991796850961538 0.3988679615384615 0.5977886225961538 0.39845318750000003 0.5948274014423076 0.39990223557692306 0.5908834807692307 0.40380181009615385 0.5853825264423077 0.40084787740384614 0.5714379302884616 0.4018298581730769 0.5617779399038462 0.4010526009615385 0.5586103509615384 0.39489038221153844 0.5551020745192308 0.39356939903846155 0.5516249326923077 0.38900467788461535 0.5535679471153846 0.3889878389423077 0.5558292572115385 0.38469121634615383 0.5608770745192307 0.3841222331730769 0.5639594927884615 0.3869724735576923 0.5771637836538461 0.3870779423076923 0.5874428822115385 0.39372406490384615 0.5944059134615385 0.39431166346153845 0.5986009759615385 0.39572703124999997 0.5991796850961538
10 0.4585655769230769 0.4464702043269231 0.4512476658653846 0.4466186802884616 0.44122043509615383 0.448858125 0.4379851153846154 0.453147625 0.4317582043269231 0.47299279567307695 0.42204471875 0.49176134375 0.4228565384615385 0.49517569951923074 0.42868153365384615 0.49508563461538463 0.43324625480769235 0.493142625 0.4352988485576923 0.4863630552884616 0.44270095192307696 0.4749080072115385 0.4460297692307692 0.46295068269230766 0.44955843990384614 0.4583740168269231 0.4545117908653846 0.4580147956730769 0.46555823317307693 0.46067031730769237 0.49422810576923076 0.4724508557692308 0.522640079326923 0.48953472596153846 0.5274383317307693 0.49044974759615384 0.5344376274038461 0.4939804086538461 0.5379419326923076 0.4975651129807692 0.5582410072115385 0.5091217884615384 0.5645069230769231 0.5133703677884616 0.5745536538461539 0.5231777980769231 0.5806121826923077 0.5259457692307692 0.5896574302884615 0.5333663125 0.5983579206730769 0.5430885697115385 0.6020518846153846 0.545645798076923 0.6094752668269231 0.5557764206730769 0.6168826971153846 0.5729377524038461 0.6153038125 0.5747639423076923 0.6116275721153847 0.5747147932692308 0.6020993076923077 0.5686088918269231 0.5965415240384615 0.567034360576923 0.5908286418269231 0.5667340721153846 0.5882145961538462 0.5706960072115385 0.596189235576923 0.5752361298076922 0.5978465552884615 0.5775422139423078 0.6020926634615384 0.5792783389423077 0.6083155961538462 0.5844108100961539 0.620215951923077 0.5848274038461538 0.6251777211538462 0.5833375264423076 0.6289483437500001 0.5804882403846153 0.6310355048076922 0.5739554375 0.6286868942307693 0.5667139855769231 0.6182759014423076 0.5471613966346154 0.60370565625 0.5288743004807692 0.5989933701923077 0.5261915 0.5867371754807692 0.5148990865384616 0.5742053461538462 0.5064019254807692 0.554129608173077 0.48929514903846155 0.54404078125 0.4851410048076923 0.5352459014423077 0.4783171826923077 0.5285745192307693 0.47474612259615384 0.5199617716346154 0.4727948798076923 0.49976638942307694 0.46197850961538467 0.4783461875 0.4543253557692308 0.46405423076923075 0.4475511971153846 0.4585655769230769 0.4464702043269231