9 0.7486772475961538 0.6863839278846153 0.7438822740384615 0.6820436514423077 0.7276785721153847 0.6733630961538462 0.7114748677884616 0.6728670625 0.7041997355769231 0.669642858173077 0.6992394182692308 0.6656746033653846 0.6942791009615384 0.6641865072115384 0.6744378317307693 0.6646825408653847 0.669642858173077 0.6667906754807693 0.6767526466346154 0.6716269831730769 0.704861110576923 0.6805555552884616 0.7070105817307692 0.6826636899038461 0.7093253966346154 0.6898561514423077 0.7118055552884616 0.6914682548076924 0.7283399471153846 0.6981646826923077 0.7377645504807693 0.6995287692307692 0.7428902115384616 0.6989087307692308 0.7480158725961539 0.6950644831730769 0.7496693125 0.6906001995192308 0.7486772475961538 0.6863839278846153
14 0.6898148149038461 0.6253720240384616 0.6853505288461539 0.6212797620192307 0.6795634927884616 0.6248759927884616 0.6775793653846154 0.6276041658653846 0.6762566129807692 0.6367807548076924 0.674272485576923 0.6392609134615385 0.6764219567307692 0.642857141826923 0.6808862427884615 0.6434771826923077 0.6851851850961539 0.6417410721153847 0.6871693125 0.6352926586538461 0.6901455024038461 0.631572420673077 0.6898148149038461 0.6253720240384616
14 0.7058531754807693 0.6220238100961539 0.700892858173077 0.6230158725961539 0.6970899471153846 0.6261160721153847 0.6931216923076923 0.6390128966346154 0.6934523798076923 0.6432291658653846 0.6956018509615384 0.6445932548076924 0.701058201923077 0.644965278846154 0.704365079326923 0.6424851201923077 0.7080026466346154 0.6303323413461539 0.7083333341346154 0.6276041658653846 0.7058531754807693 0.6220238100961539
14 0.732804233173077 0.6214037692307692 0.7273478846153847 0.6195436514423077 0.7215608461538461 0.6236359134615385 0.7218915336538461 0.6318204375 0.7205687836538461 0.6372767860576923 0.7215608461538461 0.6407490072115384 0.7271825408653847 0.6429811514423077 0.732804233173077 0.6395089278846153 0.7341269831730769 0.6281001995192308 0.7341269831730769 0.6233878966346154 0.732804233173077 0.6214037692307692
14 0.5353835985576922 0.568576389423077 0.5333994711538461 0.5641121033653846 0.5282738100961539 0.5595238100961539 0.5262896826923077 0.5595238100961539 0.5231481490384615 0.5603918653846154 0.5205026466346154 0.5651041658653846 0.5198412692307692 0.5693204374999999 0.5231481490384615 0.5767609134615385 0.5228174591346154 0.5804811514423076 0.5287698413461539 0.5839533725961539 0.5332341274038461 0.5828373004807692 0.5363756610576923 0.5804811514423076 0.5363756610576923 0.5777529759615384 0.5353835985576922 0.568576389423077
11 0.6087962956730769 0.6551339278846153 0.6061507932692307 0.6516617067307693 0.5967261899038461 0.6445932548076924 0.579530423076923 0.6413690480769231 0.5753968245192308 0.6439732139423077 0.5744047620192307 0.6469494038461538 0.5787037043269231 0.6633184519230769 0.5851521153846154 0.668402778846154 0.59259259375 0.6692708341346154 0.5963955024038461 0.668402778846154 0.6061507932692307 0.662822420673077 0.6087962956730769 0.6591021826923077 0.6087962956730769 0.6551339278846153
11 0.5490441730769231 0.6403353774038462 0.5296470673076923 0.6330581442307692 0.5138888677884615 0.6350859783653846 0.5120133100961538 0.656213014423077 0.5367005288461538 0.6621671322115384 0.5481624975961539 0.656213014423077 0.5490441730769231 0.6403353774038462
11 0.5710863677884616 0.6694443677884615 0.5799032451923076 0.6581976850961537 0.5825483365384615 0.650920451923077 0.5710863677884616 0.6383506538461539 0.5491622379807692 0.6375661370192307 0.54551740625 0.6522436177884615 0.5508075889423076 0.6641518052884615 0.5710863677884616 0.6694443677884615
14 0.56403290625 0.5821174254807693 0.5649145793269231 0.5702091850961538 0.5569793774038462 0.5583009711538461 0.554673701923077 0.5582010576923077 0.5499258461538461 0.5774864471153847 0.5516892620192307 0.5860868725961539 0.5578610504807693 0.5933640817307693 0.56403290625 0.5821174254807693
14 0.5948919783653847 0.5860868725961539 0.589601798076923 0.5721939086538461 0.5843116850961538 0.5629320024038461 0.5701058004807693 0.56233465625 0.5719680432692308 0.5761633557692307 0.5772582235576923 0.5847636802884616 0.5860751009615385 0.5927025240384615 0.5948919783653847 0.5860868725961539
10 0.6574918004807693 0.41474077403846155 0.6310411658653846 0.4716356129807692 0.6072356225961538 0.5053755552884616 0.5904835408653846 0.5344845456730769 0.56403290625 0.5622703942307692 0.5437540576923077 0.5708707692307692 0.5155400745192308 0.5814558413461538 0.4952612283653846 0.5814558413461538 0.5031964326923076 0.5960103629807693 0.5331738317307692 0.594025639423077 0.5851933605769231 0.5682244879807692 0.6107623197115385 0.5411002211538462 0.6398580456730769 0.49809831971153845 0.6645453317307692 0.45509642067307693 0.6689537692307692 0.41209451923076923 0.6804157379807693 0.38232397115384614 0.6733622091346153 0.3512302836538461 0.6504382716346153 0.33535266105769235 0.6186066826923077 0.32010581971153845 0.6248693798076924 0.3446146057692308 0.6486749230769231 0.3604922548076923 0.6548467115384615 0.3843086682692308 0.6574918004807693 0.41474077403846155
10 0.6821790865384615 0.47891284615384616 0.69981284375 0.4233411754807692 0.6945226634615385 0.3836471129807692 0.6689537692307692 0.35189185336538464 0.6469115745192308 0.32410603125000004 0.6301594254807692 0.31881346875000005 0.62751446875 0.3346910913461538 0.6610185000000001 0.36446163701923073 0.6777706490384615 0.39621688221153845 0.6707171177884615 0.44980388221153844 0.6425031346153846 0.49280578365384614 0.6178158485576923 0.5285304254807692 0.5913652139423077 0.5642550913461538 0.5649145793269231 0.5781480024038461 0.5337301394230769 0.5887896826923077 0.5402272932692308 0.6006413149038461 0.60459053125 0.5827790336538462 0.6407397860576923 0.5371308004807692 0.6821790865384615 0.47891284615384616
10 0.79503515625 0.47692814903846154 0.7659394302884616 0.43061840865384615 0.7253817379807692 0.3803392740384615 0.688350875 0.33535266105769235 0.6619002403846154 0.3168287572115384 0.637212954326923 0.31550562980769226 0.667190420673077 0.3452761778846154 0.6936410552884615 0.3790161322115385 0.7165648581730769 0.42995685096153846 0.7500690216346153 0.4590658149038462 0.7535957211538461 0.4954520408653846 0.7253817379807692 0.5331614543269231 0.6707171177884615 0.5523468774038461 0.6328045144230768 0.5669013485576924 0.5957736538461538 0.580132701923077 0.5822310216346154 0.5920965625 0.6460298341346153 0.5867483798076922 0.7377254471153846 0.5530084855769231 0.7800463557692308 0.5086833942307692 0.79503515625 0.47692814903846154
10 0.6936410552884615 0.4716356129807692 0.7148015096153847 0.48155912740384615 0.7430154927884616 0.5053755552884616 0.7438972355769231 0.5324998461538462 0.7386070552884616 0.5635935096153847 0.7297901754807692 0.5860868725961539 0.7059846322115385 0.5960103629807693 0.6918775721153847 0.5920409158653845 0.6786522548076923 0.580132701923077 0.6698353774038461 0.5781480024038461 0.6557284519230768 0.5953487548076923 0.67248046875 0.6191652307692308 0.7139197692307693 0.6237961850961539 0.7289085697115384 0.6112263894230769 0.7509507644230768 0.5880715192307693 0.7668210384615384 0.5516852956730769 0.7615309903846155 0.5219147475961539 0.7509507644230768 0.4842053846153846 0.7333170072115384 0.45509642067307693 0.700694451923077 0.44781915865384614 0.6830606947115385 0.46700463221153843 0.6715988605769231 0.5060371370192308 0.6857057860576923 0.5159606538461539 0.6892326177884616 0.49942146153846156 0.6936410552884615 0.4716356129807692
10 0.8452913341346153 0.572855516826923 0.8338293653846154 0.596671920673077 0.7835731875 0.5979950336538461 0.7324352668269231 0.5874099615384616 0.7174466009615384 0.5655782331730769 0.6901142235576923 0.5675629302884615 0.7359619639423076 0.5986565913461539 0.8117871706730769 0.6092417163461539 0.8567533028846154 0.6046107115384616 0.8682151370192308 0.5708707692307692 0.8505813798076923 0.5344845456730769 0.8179589591346154 0.5100065336538462 0.7800463557692308 0.48685166586538464 0.7333170072115384 0.47825128846153847 0.6980494951923077 0.48685166586538464 0.688350875 0.5100065336538462 0.7078923966346153 0.5152116418269231 0.74918728125 0.5053755552884616 0.7906267163461538 0.5186069086538462 0.8214857908653846 0.5391155240384615 0.8452913341346153 0.572855516826923
10 0.6786522548076923 0.5993181995192308 0.7059846322115385 0.6257809086538462 0.76064925 0.6330581442307692 0.8117871706730769 0.6297503052884615 0.8355927139423076 0.596671920673077 0.8435279855769231 0.5536699927884615 0.8355927139423076 0.5179453509615385 0.8073787307692307 0.5093449759615385 0.7518323725961539 0.49346734134615383 0.7112748125 0.49942146153846156 0.7200916899038461 0.5086833942307692 0.7456605841346153 0.5073602524038462 0.7976801105769231 0.5265457283653846 0.8179589591346154 0.5483774567307692 0.8232491394230769 0.572855516826923 0.7976801105769231 0.5973334783653846 0.7668210384615384 0.6085801081730768 0.7253817379807692 0.6065954350961539 0.6902557115384614 0.5854828052884615 0.6936410552884615 0.5834405408653847 0.6742438173076923 0.585425264423077 0.6786522548076923 0.5993181995192308
10 0.7377254471153846 0.6191652307692308 0.7430154927884616 0.6409969350961539 0.7253817379807692 0.6601824086538461 0.69981284375 0.6535667331730769 0.69981284375 0.6323965865384615 0.6848241778846155 0.6416584927884615 0.7077479807692307 0.6674596442307692 0.7200916899038461 0.6760600456730769 0.755359204326923 0.6568745721153846 0.7659394302884616 0.6264424663461539 0.759767641826923 0.5907178004807693 0.7412521442307691 0.5682244879807692 0.7156832524038462 0.5430849711538461 0.6980494951923077 0.5311767067307692 0.6869488341346154 0.5449735456730769 0.7042212836538462 0.5602856706730769 0.7130381610576924 0.5807942836538461 0.7289085697115384 0.596671920673077 0.7377254471153846 0.6191652307692308
10 0.877032014423077 0.585425264423077 0.8629250913461538 0.5576394158653846 0.8391195480769231 0.5377923822115385 0.7862182764423077 0.5298535649038462 0.7888632331730769 0.5457312019230769 0.832066016826923 0.5596241634615384 0.8400011538461538 0.5748401658653847 0.8505813798076923 0.5993181995192308 0.84881803125 0.6383506538461539 0.8391195480769231 0.656213014423077 0.8170773509615384 0.6720906490384616 0.7844547932692307 0.6767216033653847 0.7659394302884616 0.6886298413461538 0.8004849879807693 0.6937830697115385 0.8532264711538461 0.6826757211538462 0.87174196875 0.6535667331730769 0.8761504086538461 0.6165189519230769 0.877032014423077 0.585425264423077
3 0.4742063293269231 0.5234788365384616 0.46704724519230767 0.7223697836538462 0.8241307451923077 0.7045074254807692 0.8373560625 0.5225763317307692 0.4742063293269231 0.5234788365384616
1 0.5447530673076924 0.30687830769230773 0.5349371802884615 0.5066986971153846 0.8373560625 0.5093449759615385 0.84881803125 0.32542914663461536 0.5447530673076924 0.30687830769230773
0 0.8576349110576923 0.3340295456730769 0.8064969903846154 0.2705190192307692 0.7394887956730769 0.23545593509615384 0.6733622091346153 0.22751711778846154 0.667190420673077 0.24008690865384616 0.6927593149038462 0.26258021875000004 0.7192099495192308 0.2857350841346154 0.7368437067307692 0.30359740384615386 0.7412521442307691 0.33138325240384614 0.7624125985576923 0.34659930528846156 0.7879816274038463 0.39489374278846157 0.8153138677884615 0.41738705528846154 0.8250124879807692 0.42797212740384616 0.8479364254807693 0.4610505144230769 0.8743870600961539 0.5020677163461539 0.872623576923077 0.5139759302884616 0.8620433485576923 0.5351461033653846 0.895547514423077 0.5344845456730769 0.901895923076923 0.5185185192307692 0.9017193004807692 0.49148264423076926 0.9017193004807692 0.4445113221153846 0.8858488942307693 0.3902627884615385 0.8576349110576923 0.3340295456730769
6 0.8250124879807692 0.5258841706730769 0.7906267163461538 0.5364692932692308 0.7112748125 0.5430849711538461 0.6319229086538461 0.5397771322115384 0.589601798076923 0.5014061586538461 0.5754948076923078 0.46435835336538467 0.5754948076923078 0.42003333653846153 0.5843116850961538 0.3770314471153846 0.5904835408653846 0.3426298966346154 0.5975370024038461 0.3207981923076923 0.6019454423076923 0.3161671875 0.6451482259615384 0.36380009375 0.6892326177884616 0.39886316346153844 0.7535957211538461 0.42135645192307697 0.8435279855769231 0.4286337115384615 0.8611617427884616 0.39754002403846156 0.86733353125 0.3790161322115385 0.8646884399038461 0.3452761778846154 0.8135505192307693 0.32542914663461536 0.76064925 0.3102130817307692 0.7218550384615384 0.2996279951923077 0.6936410552884615 0.3055821153846154 0.700694451923077 0.3274138701923077 0.7509507644230768 0.33998362740384613 0.7870998846153847 0.35387657692307695 0.8153138677884615 0.36446163701923073 0.8179589591346154 0.37438515384615384 0.8082604735576923 0.4041557019230769 0.7765196586538461 0.4068019807692308 0.6954044038461539 0.37173888461538457 0.6486749230769231 0.3141824903846154 0.6451482259615384 0.3055821153846154 0.6063538798076923 0.2711805889423077 0.5737314591346154 0.2665496153846154 0.5525709375 0.29565859855769233 0.5446357331730769 0.3532149831730769 0.5384639447115385 0.41672549759615385 0.5463991490384615 0.46303523798076923 0.5402272932692308 0.5133143725961539 0.5746131322115384 0.5543315769230769 0.6292778173076923 0.5781480024038461 0.6848241778846155 0.5774864471153847 0.7394887956730769 0.5688860697115385 0.7774013990384615 0.5569778317307692 0.8091420793269232 0.5483774567307692 0.84881803125 0.5563163245192307 0.877645483173077 0.5664682548076923 0.9184714519230769 0.5549931346153846 0.9140630120192307 0.5457312019230769 0.872623576923077 0.5344845456730769 0.8250124879807692 0.5258841706730769
15 0.49652777884615384 0.6790674591346153 0.4917328052884615 0.68018353125 0.4914021153846154 0.6853918653846154 0.4933862427884615 0.7010168653846154 0.49454365144230766 0.7023809519230769 0.49735449759615386 0.7030009927884616 0.50115740625 0.7023809519230769 0.5016534399038461 0.6997767860576923 0.4996693125 0.6824156754807693 0.49652777884615384 0.6790674591346153
15 0.5176917980769231 0.6773313485576923 0.513888889423077 0.6789434519230769 0.5132275144230769 0.6826636899038461 0.5158730168269231 0.6990327379807693 0.517195766826923 0.7020089278846153 0.5195105817307692 0.7022569447115384 0.5231481490384615 0.7015128966346154 0.5231481490384615 0.6963045625 0.5208333341346154 0.680927579326923 0.5176917980769231 0.6773313485576923
15 0.5477843918269231 0.6768353173076923 0.5438161370192307 0.6758432548076924 0.5410052908653846 0.6781994038461538 0.5416666658653846 0.6972966274038461 0.5433201057692307 0.7005208341346154 0.5462962956730769 0.7007688485576923 0.5487764543269231 0.7001488100961539 0.5496031754807692 0.6985367067307693 0.5496031754807692 0.6799355168269231 0.5477843918269231 0.6768353173076923