15 0.2630621682692308 0.611111110576923 0.2035383605769231 0.6108630961538462 0.1972552908653846 0.6118551586538461 0.19477513221153847 0.6152033725961539 0.1960978846153846 0.6181795625 0.19957010576923076 0.6197916658653846 0.2619047620192308 0.6201636899038461 0.26570767307692306 0.6192956346153846 0.2701719567307692 0.6156994038461538 0.26868386298076924 0.6118551586538461 0.2630621682692308 0.611111110576923
15 0.3617724855769231 0.5995783725961539 0.35796957692307696 0.5962301586538461 0.35102513221153847 0.59424603125 0.31894841346153846 0.594990079326923 0.28753306971153847 0.59375 0.28373015865384615 0.5970982139423077 0.28373015865384615 0.6005704374999999 0.2872023798076923 0.6021825408653846 0.33267195673076927 0.6030505961538462 0.35102513221153847 0.6026785721153846 0.35631613701923076 0.6009424591346154 0.36094576682692303 0.6006944447115384 0.3617724855769231 0.5995783725961539
15 0.4343584663461538 0.6133432548076923 0.42972883653846156 0.6125992067307693 0.4026124326923077 0.6125992067307693 0.3708664014423077 0.6130952379807693 0.36623677163461543 0.6138392860576923 0.36474867788461535 0.6156994038461538 0.36441799038461536 0.6196676586538461 0.36623677163461543 0.621527778846154 0.3692129639423077 0.6222718245192307 0.40740740625 0.6223958341346154 0.43005952403846154 0.621527778846154 0.4345238100961539 0.6196676586538461 0.4371693125 0.6152033725961539 0.4343584663461538 0.6133432548076923
15 0.4869378317307692 0.5131448413461539 0.48544973557692306 0.5152529759615384 0.4771825408653846 0.5591517860576923 0.47784391586538466 0.5636160721153846 0.48429232692307694 0.5691964278846154 0.4864417980769231 0.56981646875 0.4950396826923077 0.5197172620192307 0.4947089951923077 0.5142609134615385 0.4915674591346154 0.5121527788461538 0.4869378317307692 0.5131448413461539
15 0.6952711634615384 0.5297619038461538 0.6903108461538461 0.53075396875 0.6884920625 0.5336061514423076 0.6901455024038461 0.5445188485576924 0.6960978846153847 0.5670882932692307 0.6985780432692308 0.5699404759615384 0.7023809519230769 0.5705605168269231 0.7056878317307693 0.5688244038461538 0.7063492067307693 0.5621279759615384 0.6990740745192308 0.5331101201923076 0.6952711634615384 0.5297619038461538
12 0.7519841274038461 0.6747271826923077 0.7619047620192307 0.6588541658653846 0.7652116394230769 0.6474454375 0.7658730168269231 0.631076389423077 0.7619047620192307 0.6149553581730769 0.7513227524038462 0.599826389423077 0.7420634927884616 0.5904017860576923 0.735615079326923 0.5855654759615384 0.7210648149038461 0.5783730168269231 0.705191798076923 0.5729166658653846 0.7022156081730769 0.5709325408653846 0.6919642860576923 0.5694444447115384 0.673445766826923 0.5689484134615385 0.6712962956730769 0.571552579326923 0.670304233173077 0.5844494038461538 0.6641865072115384 0.5890376995192308 0.6588955024038461 0.5907738100961539 0.6496362427884615 0.5905257932692307 0.642691798076923 0.5885416658653846 0.62450396875 0.5739087307692308 0.6221891538461539 0.5734126995192308 0.6066468245192308 0.5815972211538462 0.59490740625 0.5911458341346154 0.5882936514423076 0.60205853125 0.5800264543269231 0.6119791658653846 0.5770502644230769 0.6278521826923077 0.5770502644230769 0.6365327379807693 0.5803571418269231 0.651909721153846 0.5856481490384615 0.660590278846154 0.5929232812499999 0.666294641826923 0.6028439158653847 0.678447420673077 0.621527778846154 0.6924603173076923 0.6380621682692307 0.7003968245192307 0.659556877403846 0.7056051586538461 0.6815476201923077 0.7062251995192308 0.7005621682692307 0.7046130961538462 0.7157738100961539 0.6994047620192307 0.7352843918269231 0.6894841274038461 0.7519841274038461 0.6747271826923077
10 0.6617063485576923 0.5492311514423076 0.6471560841346153 0.5254216274038461 0.6137566129807692 0.49169146875 0.6028439158653847 0.4787946418269231 0.5858134927884615 0.46428571394230767 0.5808531754807692 0.4627976201923077 0.5757275144230769 0.4589533725961538 0.5679563485576924 0.45163690384615385 0.5570436514423076 0.44866071394230767 0.5497685192307692 0.4424603173076923 0.5426587307692308 0.43886408653846154 0.5385251322115384 0.4345238100961539 0.5272817451923077 0.42832341346153846 0.5153769831730769 0.42435515865384615 0.5018187836538461 0.4169146826923077 0.4918981490384615 0.41294642788461544 0.48594576682692303 0.41269841346153846 0.47503306971153847 0.41567460336538464 0.46957671875 0.42150297596153846 0.46130952403846154 0.43886408653846154 0.4503968245192308 0.4512648798076923 0.44808200961538464 0.45771329326923077 0.4497354495192308 0.462673610576923 0.4555224855769231 0.4627976201923077 0.4586640216346154 0.46068948317307695 0.46097883653846156 0.45572916586538464 0.46428571394230767 0.4532490072115385 0.46858465625 0.44655257932692305 0.47519841346153846 0.4393601201923077 0.4814814807692308 0.42720734134615385 0.48594576682692303 0.42509920673076923 0.4915674591346154 0.42633928605769233 0.50016534375 0.4315476201923077 0.5299272475961538 0.4461805552884615 0.5388558197115384 0.4551091274038462 0.5590277788461538 0.46924603125 0.5633267187500001 0.47023809615384615 0.5724206346153846 0.47705853125 0.5800264543269231 0.48573908653846154 0.5952380961538462 0.4949156754807692 0.6207010576923077 0.5192212307692308 0.6395502644230769 0.540302579326923 0.6464947091346154 0.5512152788461538 0.6501322740384615 0.5601438485576924 0.6531084663461539 0.5765128966346154 0.6483134927884616 0.57762896875 0.6340939158653847 0.5662202379807693 0.6278108461538461 0.56299603125 0.6228505288461539 0.5617559519230769 0.6172288365384616 0.5627480168269231 0.6170634927884616 0.5673363100961539 0.6259920625 0.5732886899038461 0.6345899471153846 0.5824652788461538 0.6433531754807693 0.5882936514423076 0.6483134927884616 0.5900297620192307 0.6593915336538461 0.5904017860576923 0.6676587307692308 0.5866815480769231 0.670304233173077 0.5812251995192308 0.6693121682692307 0.568576389423077 0.6617063485576923 0.5492311514423076
14 0.17328042307692307 0.5926339278846154 0.17361111057692308 0.5889136899038461 0.17592592548076924 0.5851934519230769 0.17559523798076923 0.5804811514423076 0.16633597836538463 0.569072420673077 0.1603835985576923 0.5571676586538461 0.1565806875 0.5540674591346154 0.14864418028846155 0.5528273798076924 0.14599867788461537 0.5513392860576923 0.14351851923076925 0.5549355168269231 0.14186507932692308 0.5608878966346154 0.1421957668269231 0.5648561514423076 0.1521164014423077 0.5765128966346154 0.15376984134615385 0.5844494038461538 0.15955687740384614 0.5900297620192307 0.16517857211538461 0.5915178581730769 0.1673280432692308 0.5941220240384616 0.1703042331730769 0.5953621033653846 0.1709656081730769 0.599826389423077 0.17294973557692309 0.6008184519230769 0.17576058173076922 0.6001984134615385 0.17956349278846154 0.5961061514423076 0.17542989423076924 0.594990079326923 0.17328042307692307 0.5926339278846154
14 0.249338625 0.5249255961538462 0.25132275240384616 0.5179811514423076 0.25033068750000004 0.5100446418269231 0.2463624326923077 0.506076389423077 0.24702381009615385 0.5026041658653846 0.2509920625 0.49888392788461544 0.2529761899038462 0.49466765865384615 0.25115740625 0.4900793653846154 0.2457010576923077 0.490451389423077 0.2407407403846154 0.49838789663461536 0.23941799038461536 0.5048363100961539 0.23015873076923077 0.5140128966346154 0.22949735336538463 0.5286458341346154 0.22486772596153845 0.537326389423077 0.22486772596153845 0.5417906754807692 0.2298280432692308 0.5472470240384616 0.23544973557692309 0.5502232139423077 0.24371693028846153 0.5447668653846154 0.2457010576923077 0.5405505961538462 0.2463624326923077 0.5298859134615385 0.249338625 0.5249255961538462
14 0.32506613701923076 0.5740327379807693 0.32341269951923074 0.5688244038461538 0.3244047620192308 0.5524553581730769 0.32771163942307696 0.5445188485576924 0.3273809519230769 0.5383184519230769 0.3244047620192308 0.5336061514423076 0.32506613701923076 0.5155009927884615 0.32721560817307693 0.5124007932692307 0.3323412692307692 0.5105406754807692 0.33630952403846154 0.5033482139423077 0.34027777884615384 0.5001240072115385 0.34027777884615384 0.4959077379807692 0.33647486778846153 0.49379960336538464 0.33316799038461536 0.4940476201923077 0.32953042307692304 0.4957837307692308 0.3237433870192307 0.5003720240384616 0.3204365072115385 0.5075644831730769 0.3204365072115385 0.5197172620192307 0.31878306971153847 0.5301339278846154 0.3171296298076923 0.5331101201923076 0.31117724759615384 0.5368303581730769 0.3085317451923077 0.5412946418269231 0.3075396826923077 0.5519593245192308 0.3032407403846154 0.5606398798076924 0.3025793653846154 0.568576389423077 0.30621693028846153 0.5727926586538461 0.3072089951923077 0.5765128966346154 0.3035714278846154 0.5844494038461538 0.3088624326923077 0.5861855168269231 0.3125 0.5789930552884616 0.31398809615384615 0.5778769831730769 0.32192460336538464 0.5771329374999999 0.32506613701923076 0.5740327379807693
14 0.4120370360576923 0.555927579326923 0.4113756610576923 0.5405505961538462 0.4133597884615385 0.5338541658653846 0.41369047596153846 0.5256696418269231 0.4102182548076923 0.5240575408653846 0.40707671875 0.5207093245192308 0.40906084615384614 0.5147569447115384 0.4143518509615385 0.5120287692307692 0.41534391586538466 0.5097966274038461 0.41369047596153846 0.506572420673077 0.4098875673076923 0.5054563485576924 0.40773809615384615 0.5055803581730769 0.40509259375 0.5112847211538462 0.4024470889423077 0.5137648798076924 0.40079365144230766 0.521701389423077 0.3948412692307692 0.5279017860576923 0.3931878317307692 0.5331101201923076 0.3945105817307692 0.5455109134615385 0.3928571418269231 0.5574156754807692 0.3981481490384615 0.5646081346153846 0.3981481490384615 0.5703125 0.39996693028846153 0.5721726201923076 0.40277777884615384 0.5727926586538461 0.40542328125 0.5693204374999999 0.40674603125 0.5633680552884616 0.4110449735576923 0.5586557548076923 0.4120370360576923 0.555927579326923
4 0.23578042307692307 0.6395089278846153 0.2347883605769231 0.6372767860576923 0.22999338701923078 0.6349206346153846 0.20519179807692306 0.6364087307692308 0.19196428605769228 0.6356646826923077 0.18303571394230772 0.6381448413461539 0.1805555552884615 0.6419890865384615 0.1818783076923077 0.6516617067307693 0.18022486778846153 0.6573660721153847 0.18121693028846153 0.6665426586538461 0.18022486778846153 0.6712549591346153 0.1815476201923077 0.6744791658653846 0.1929563485576923 0.6765873004807692 0.19890873076923077 0.6758432548076924 0.2146164014423077 0.6764632932692307 0.2197420625 0.6750992067307693 0.22999338701923078 0.6750992067307693 0.23511904807692308 0.6707589278846153 0.23578042307692307 0.6395089278846153
4 0.3191137572115385 0.6727430552884616 0.3191137572115385 0.6390128966346154 0.31464947115384617 0.6361607139423077 0.2822420625 0.6354166658653846 0.2723214278846154 0.6366567451923076 0.26653439182692307 0.6395089278846153 0.26554232692307694 0.6424851201923077 0.26587301682692305 0.6747271826923077 0.2673611105769231 0.6758432548076924 0.2766203701923077 0.6775793653846154 0.28918650721153843 0.6768353173076923 0.29828042307692304 0.6777033725961539 0.3034060841346154 0.6760912692307692 0.31365740625 0.6765873004807692 0.3176256610576923 0.6748511899038461 0.3191137572115385 0.6727430552884616
4 0.3979828052884615 0.6356646826923077 0.3913690480769231 0.6364087307692308 0.3807870360576923 0.6351686514423077 0.36623677163461543 0.6361607139423077 0.36061507932692305 0.6349206346153846 0.3559854495192308 0.6361607139423077 0.35251322836538457 0.6432291658653846 0.3535052908653846 0.6474454375 0.3518518509615385 0.66356646875 0.35317460336538464 0.6665426586538461 0.3535052908653846 0.6744791658653846 0.3556547620192308 0.6760912692307692 0.3652447091346154 0.675347221153846 0.3821097884615385 0.6760912692307692 0.3867394182692308 0.6748511899038461 0.3978174591346154 0.6759672620192307 0.4014550264423077 0.6737351201923077 0.4031084663461538 0.6670386899038461 0.40277777884615384 0.6382688485576923 0.3979828052884615 0.6356646826923077
4 0.486111110576923 0.6380208341346154 0.4809854495192308 0.6344246033653846 0.4505621682692308 0.6354166658653846 0.4446097884615385 0.6339285721153847 0.43998015865384615 0.6346726201923077 0.4371693125 0.6429811514423077 0.436838625 0.66455853125 0.43882275240384616 0.6747271826923077 0.4631283076923077 0.675347221153846 0.47602513221153847 0.6743551586538461 0.4814814807692308 0.676215278846154 0.4851190480769231 0.6744791658653846 0.4867724855769231 0.6715029759615384 0.4871031754807692 0.6405009927884616 0.486111110576923 0.6380208341346154
3 0.11485888701923078 0.4928902115384615 0.11172702644230768 0.8157862163461539 0.7765196586538461 0.8065242572115385 0.7756379158653846 0.4909564543269231 0.11485888701923078 0.4928902115384615
1 0.2504408966346154 0.17129629567307691 0.2475069639423077 0.46805698557692305 0.7747563076923077 0.4740111033653846 0.7729929591346154 0.1736593798076923 0.2504408966346154 0.17129629567307691
0 0.38945868990384613 0.3762344831730769 0.47586412259615385 0.40203560817307693 0.5622694903846154 0.41460540384615385 0.6504382716346153 0.42651361778846153 0.7703478701923078 0.42982150721153844 0.7836466610576923 0.4282339855769231 0.7901651802884615 0.4220481466346154 0.7835731875 0.42320577884615385 0.7262634783653846 0.41989794230769234 0.6539651033653846 0.4132822644230769 0.5746131322115384 0.40666658653846155 0.4820359110576923 0.39343523317307694 0.4150276490384615 0.37424975961538465 0.37711504567307697 0.34778705048076924 0.3621263798076923 0.3186780865384616 0.37270660817307694 0.2597985504807692 0.39474880288461534 0.2181197908653846 0.43530643028846155 0.1757794591346154 0.4767457980769231 0.1479936105769231 0.4966283461538462 0.14335671634615385 0.4917344639423077 0.13674695913461538 0.5000229278846153 0.13216440384615386 0.47762747115384613 0.13608540384615384 0.41061921153846154 0.17644101682692306 0.37623337259615386 0.22275076923076925 0.35507285096153846 0.27633774278846157 0.3524278269230769 0.3352172788461539 0.38945868990384613 0.3762344831730769
6 0.18490714182692305 0.2578138533653846 0.23516331971153845 0.2664142283653846 0.27748436298076923 0.25582914182692307 0.33303065625 0.2260586081730769 0.36565314663461534 0.2035652956730769 0.4018023317307692 0.1698253389423077 0.41737514423076927 0.15632274519230768 0.3970480168269231 0.15457962500000003 0.3991572427884615 0.15262459615384616 0.4075796947115385 0.14534734134615385 0.3471376466346153 0.14534734134615385 0.26690406971153846 0.1645328028846154 0.19813245913461539 0.19364177884615386 0.17168182451923078 0.23068959855769233 0.18490714182692305 0.2578138533653846
6 0.27483927163461536 0.2670758221153846 0.22899153365384617 0.2743530456730769 0.18402539903846152 0.3054467331730769 0.19901413221153846 0.3451407956730769 0.2554421682692308 0.40137405048076924 0.3365574206730769 0.4291598990384615 0.4150276490384615 0.4370986923076923 0.4820359110576923 0.42585206009615384 0.5358188557692307 0.3980662115384615 0.5600866730769231 0.3726420961538462 0.5451329014423076 0.36839435576923074 0.5472808245192308 0.3663109663461538 0.5529622908653846 0.3569530600961538 0.5428723846153847 0.3537411706730769 0.4635204807692308 0.32992474278846157 0.4123825600961538 0.3127239663461538 0.3497827379807692 0.2849381177884615 0.27483927163461536 0.2670758221153846