1 0.26617776682692307 0.15922854086538463 0.21822815384615385 0.6297906442307692 0.4796887548076923 0.668467329326923 0.5564916634615384 0.21479184375000002 0.26617776682692307 0.15922854086538463
3 0.5741473581730769 0.08102308173076923 0.4844080216346154 0.680061375 0.7664714375 0.7274718365384616 0.8816311778846154 0.15011538942307692 0.5741473581730769 0.08102308173076923
14 0.6190819423076923 0.20150506009615385 0.6554699206730769 0.20687828605769232 0.660517701923077 0.18626793028846153 0.6230994399038461 0.1801425528846154 0.6190819423076923 0.20150506009615385
14 0.6258494158653847 0.12030201442307692 0.6075884927884615 0.15107016346153845 0.6635961370192308 0.16533519471153849 0.6788756394230769 0.14372012740384615 0.6258494158653847 0.12030201442307692
10 0.4749884278846154 0.15187731971153845 0.5303008076923077 0.15289323076923075 0.5813123485576923 0.1625836033653846 0.6401786298076922 0.16686083653846154 0.6702512115384616 0.15436647115384616 0.6584853125 0.13931091586538463 0.6097776538461539 0.14044751201923075 0.5410417307692308 0.12785565144230768 0.4791759447115385 0.10968946634615384 0.4221772692307692 0.13385360817307693 0.36383186057692307 0.16717580048076924 0.31713295192307694 0.21044337259615384 0.2743274423076923 0.24095020673076922 0.23858451201923078 0.2645746514423077 0.2691325625 0.27627434134615386 0.3262782331730769 0.23739655528846154 0.4012954495192308 0.1867065360576923 0.4749884278846154 0.15187731971153845
10 0.2931835625 0.22929930048076924 0.33149576923076923 0.20877514663461538 0.3536228052884616 0.17488319471153846 0.3959981370192308 0.13358739423076924 0.46051214182692307 0.12003213221153845 0.55268825 0.1378009278846154 0.5807578004807692 0.17321121394230768 0.6089743653846154 0.19390775480769232 0.6304905240384616 0.2121676658653846 0.6617813076923077 0.20149454567307692 0.6643094086538461 0.20162634134615384 0.6701495432692308 0.18248547115384614 0.6253856129807692 0.15774024759615385 0.5817307524038461 0.11174000721153846 0.47553125240384614 0.0796173125 0.40729352163461535 0.09792229567307692 0.3322537307692308 0.14190955048076923 0.2674455673076923 0.18489218028846155 0.264288125 0.24064664182692308 0.2931835625 0.22929930048076924
10 0.26194560817307694 0.30457330288461537 0.28577059855769227 0.3071336346153846 0.331711625 0.33073162500000003 0.3569968028846154 0.3576474158653846 0.4395637331730769 0.3859013509615385 0.5255939086538461 0.3906059495192308 0.5859087427884615 0.35760615144230773 0.6290536730769231 0.31107724519230767 0.6544465384615384 0.25249915865384615 0.6462682163461538 0.22144944471153846 0.6351425576923078 0.2491036923076923 0.582943 0.2954901225961538 0.5429218317307692 0.33449164903846157 0.4856854326923077 0.34655871394230775 0.43075784855769234 0.34292624759615387 0.34101498557692306 0.2880415120192308 0.28347278125 0.26790350240384614 0.2478542235576923 0.27011137259615386 0.24914468028846154 0.30247778846153844 0.26194560817307694 0.30457330288461537
10 0.41665542788461535 0.36339417788461537 0.44213303125000003 0.3890015432692308 0.4863196875 0.4176715865384616 0.4996524951923077 0.40243686538461537 0.5201386442307693 0.4071302788461538 0.5530408485576923 0.41653574759615386 0.5948053605769231 0.4273919783653846 0.6342383004807692 0.4472450961538461 0.6608249831730769 0.45159734375 0.6691663509615384 0.41544861778846154 0.6293711899038462 0.40491476923076924 0.5371497620192307 0.37374056730769234 0.4490821730769231 0.3486055408653846 0.41665542788461535 0.36339417788461537
10 0.5970469014423077 0.5081465336538462 0.6133001298076923 0.5416224302884616 0.6075280600961539 0.5808713461538462 0.5711172139423076 0.5816098485576923 0.5515477403846154 0.5569696442307692 0.5120693966346154 0.5237111586538462 0.4971856490384615 0.4877798485576923 0.47226259615384614 0.451544875 0.4973890673076923 0.43154181009615383 0.49239886778846154 0.42855686057692305 0.4480301442307692 0.44489841826923077 0.4445668942307692 0.4684478076923077 0.4665359278846154 0.5041991586538461 0.5139598173076924 0.5588552355769231 0.5615080360576923 0.5920949879807693 0.6026953413461539 0.6068761009615384 0.6329602524038461 0.5930733966346154 0.6432256466346153 0.5438416442307692 0.6232713653846154 0.5218180480769231 0.6006118173076923 0.45647814182692303 0.5809633389423077 0.4666596153846154 0.5970469014423077 0.5081465336538462
10 0.48317395673076924 0.5350585024038461 0.5194150697115385 0.5423309543269231 0.573912516826923 0.5351746658653846 0.6438818581730769 0.5050950865384615 0.67657809375 0.4620555576923077 0.6777798269230769 0.45973205048076926 0.6588102307692308 0.43786959375 0.6392298197115385 0.46815911057692305 0.6131414110576923 0.4947036754807692 0.5516040913461538 0.5154452379807692 0.5021998293269231 0.5153965408653846 0.4996642115384615 0.46406931730769235 0.5046666754807693 0.4300535600961538 0.4847804639423077 0.4281380072115385 0.4774918389423077 0.48455596634615383 0.48317395673076924 0.5350585024038461
10 0.5506640336538461 0.41212729086538463 0.5389967956730769 0.4546017668269231 0.5616316658653846 0.45411650240384616 0.5895878317307692 0.4560133341346154 0.6355061033653846 0.4729087331730769 0.6832240697115384 0.4981374831730769 0.7420905 0.5024147355769231 0.7526162043269231 0.47198278365384616 0.7292778461538462 0.43868681971153844 0.70907475 0.45949584134615384 0.6822957427884616 0.4564518822115385 0.6324160240384615 0.4322090793269231 0.5506640336538461 0.41212729086538463
10 0.669665954326923 0.6794697403846153 0.6255019711538462 0.6575023269230769 0.5512199855769231 0.6346240072115384 0.5336599326923077 0.6194794375 0.5320807211538462 0.6207725673076923 0.5115946466346154 0.6160791682692307 0.5139151923076923 0.6620120408653847 0.5649493221153846 0.6784050817307693 0.6083437788461539 0.7056056658653845 0.6937968125 0.7142352067307692 0.7443554086538462 0.7064341274038461 0.7555600697115386 0.6439582548076923 0.7450906322115384 0.6328658437500001 0.7253631466346153 0.6778689951923076 0.669665954326923 0.6794697403846153
6 0.5861574927884615 0.31477346634615383 0.6136490600961538 0.2375464591346154 0.5893032211538461 0.19738655048076922 0.5300294014423077 0.18902318509615385 0.46133888221153846 0.18983669230769232 0.40979552884615383 0.1974766153846154 0.33214992307692304 0.18109828125 0.3440817091346154 0.20547627884615385 0.34471634375 0.20892584375 0.3673294807692308 0.21196159134615386 0.3965080528846154 0.22611664423076924 0.47050682451923076 0.22349255528846154 0.5060800721153846 0.20787922596153846 0.5728239038461539 0.21344601442307692 0.5645052740384615 0.25629748076923076 0.5457288629807693 0.3496888677884616 0.5146043076923077 0.45847622355769235 0.49417527884615386 0.5288206298076923 0.4950019375 0.5986252283653847 0.5017821225961538 0.6828023533653845 0.5131075120192308 0.7249416274038462 0.5659794014423076 0.6919716418269231 0.5194385120192307 0.6655958076923076 0.5113569110576923 0.6039821370192308 0.5221314447115385 0.5307174639423077 0.5415077331730769 0.44010381971153845 0.5609747524038462 0.3763008990384616 0.5861574927884615 0.31477346634615383
6 0.18092962740384613 0.3274853533653846 0.17259998076923078 0.42526652884615385 0.23496395673076925 0.4743295625 0.31432733653846157 0.42837043028846156 0.365938045673077 0.3242764375 0.34471634375 0.20892584375 0.3043647067307692 0.20350875721153847 0.30471675961538464 0.2057311923076923 0.29440603846153846 0.24155758173076924 0.30430998557692307 0.3182073317307692 0.2948142860576923 0.36220583173076926 0.25858482211538464 0.4165657692307692 0.22491293028846154 0.41239349519230767 0.21154574278846153 0.35929308653846154 0.21104754086538463 0.32839629326923075 0.18092962740384613 0.3274853533653846
6 0.29923064182692305 0.17109857932692307 0.32470463461538457 0.17952779567307695 0.33214992307692304 0.18109828125 0.29988325240384617 0.11517381971153846 0.2269818389423077 0.03491039182692308 0.17103590865384616 0.07934376682692308 0.17426212259615384 0.16025951201923078 0.27635312740384615 0.19974828365384617 0.3043647067307692 0.20350875721153847 0.29923064182692305 0.17109857932692307
0 0.23760124999999999 0.49753773557692305 0.23013361778846153 0.4743105889423077 0.21642456971153848 0.4632558677884615 0.1814848701923077 0.4334199567307693 0.15067635576923077 0.40292049519230766 0.14697901442307693 0.39858178846153847 0.1479147283653846 0.4011286418269231 0.17331324278846155 0.4615577283653846 0.18541270673076923 0.48899445913461537 0.21888117548076924 0.5494048197115384 0.24815047115384617 0.5903706466346154 0.31661498317307696 0.6390925144230769 0.34960799278846155 0.67530871875 0.4149596826923077 0.6766282403846154 0.4217390889423077 0.6442431947115386 0.41508990625000003 0.6134539014423077 0.40210162499999996 0.5994949567307692 0.358492108173077 0.5668999711538462 0.3552108269230769 0.5647293413461538 0.38643724999999995 0.6237265649038461 0.35468946153846154 0.60647128125 0.3018329110576923 0.5750421490384615 0.23760124999999999 0.49753773557692305
9 0.7866327692307693 0.5006648822115385 0.7890179134615385 0.4930189038461539 0.7898296057692308 0.4857850528846154 0.7864018028846154 0.47651778846153847 0.7820997692307692 0.47062335336538463 0.7779025793269232 0.46658775721153845 0.7716424014423077 0.46372128846153843 0.7604214254807692 0.46372609134615383 0.7551634375 0.46604644230769227 0.7514394927884616 0.47079445192307695 0.7490966490384616 0.47643824519230765 0.7461883341346154 0.48935620192307694 0.7476406490384615 0.49662581971153846 0.7530294879807692 0.5037027187500001 0.7697835625 0.5097938798076923 0.7773142307692308 0.5100220961538462 0.7804582451923078 0.5083602379807692 0.7866327692307693 0.5006648822115385
15 0.7907717019230769 0.24534872115384615 0.7868409567307691 0.24721664182692307 0.7850867163461538 0.2522870889423077 0.78623028125 0.25565537740384614 0.8116076081730769 0.26483241826923076 0.8162856634615385 0.26559821875 0.81982015625 0.2629957283653846 0.8203914158653846 0.2573967764423077 0.8174762716346154 0.25407333173076924 0.7933328990384615 0.24593541586538462 0.7907717019230769 0.24534872115384615
15 0.8164315192307693 0.20802769711538463 0.8021424663461538 0.20317719471153847 0.7973172596153847 0.20255473076923075 0.7944733269230769 0.2056051153846154 0.7937520264423077 0.21050980528846155 0.7959766177884616 0.2133853533653846 0.8157872091346154 0.22098141826923076 0.8212635504807693 0.22489155528846153 0.8257915649038462 0.22496309134615386 0.8281430769230769 0.22183210096153846 0.8283719495192308 0.21684679567307694 0.8238775673076923 0.21226027884615384 0.8164315192307693 0.20802769711538463
15 0.8069453485576923 0.1688040528846154 0.8033512115384615 0.16838311778846154 0.8019787740384616 0.17000013221153848 0.8007169615384615 0.17515119230769233 0.8025510769230769 0.178967375 0.8170411442307692 0.1850227644230769 0.8267569879807692 0.19096631490384613 0.8307925721153846 0.19095724038461537 0.8322130961538462 0.18901324759615384 0.8333306490384615 0.184843125 0.8316946586538462 0.1813942283653846 0.8069453485576923 0.1688040528846154
11 0.7743936490384615 0.23412892548076922 0.7765691081730769 0.22276525721153848 0.7746666706730768 0.21341285096153848 0.7722381682692308 0.20849481009615384 0.7695721298076923 0.20604927403846154 0.7622251418269231 0.20200033413461538 0.7578923629807692 0.20145848557692309 0.7449084759615385 0.2040209326923077 0.7330912788461539 0.21665248076923077 0.7276304326923076 0.23149654326923075 0.7283864134615385 0.23664306490384618 0.7384764326923077 0.2511865721153846 0.7419292019230769 0.2534260480769231 0.7467034278846154 0.25353788701923075 0.7554536009615384 0.25061722596153846 0.767387204326923 0.2431949278846154 0.7743936490384615 0.23412892548076922
11 0.7738297644230769 0.18481350000000002 0.7762745552884615 0.18019094471153846 0.7788347067307692 0.16621144230769233 0.777592079326923 0.1626595120192308 0.7718608533653846 0.1561962644230769 0.7645590625 0.15098274759615385 0.7598781153846154 0.14937934615384615 0.7570707019230769 0.14875234615384614 0.7531909350961539 0.15113088942307693 0.7451255408653845 0.15282424278846155 0.7381133149038461 0.16021504326923075 0.7329948533653846 0.17444544951923074 0.7333238389423078 0.18420998798076924 0.735166625 0.1905389735576923 0.745587471153846 0.20111842548076925 0.7558264831730769 0.20179000000000002 0.7615740024038461 0.19871265865384616 0.7738297644230769 0.18481350000000002
11 0.7558222956730769 0.1435252139423077 0.7599963629807692 0.14086 0.7669066346153847 0.13244795432692308 0.769586079326923 0.12451530288461539 0.7738928461538461 0.11751874519230768 0.7754008725961538 0.11240798798076924 0.7762010048076923 0.10182373798076923 0.7747544711538462 0.09622931730769231 0.7721759302884615 0.09061701682692308 0.7652194158653847 0.08562744711538461 0.7586707163461538 0.08472284855769231 0.7503168004807693 0.08837807692307692 0.7392382403846154 0.10113054086538462 0.7338081394230769 0.11062201682692309 0.7317346346153847 0.12300692548076923 0.7328984302884615 0.13223842067307692 0.7359693990384616 0.1379313341346154 0.7426345024038461 0.1440451778846154 0.7461834447115384 0.14563069711538462 0.7495284783653846 0.1451737235576923 0.7558222956730769 0.1435252139423077
14 0.6477256201923077 0.23733519471153847 0.6387003341346154 0.23183953846153849 0.6244304663461538 0.2182860456730769 0.6178875480769231 0.21905665144230768 0.6149474374999999 0.2227609903846154 0.6169124110576922 0.23597443028846155 0.6204671346153846 0.2392351466346154 0.6319545552884616 0.24513385336538462 0.6395083389423076 0.2520628798076923 0.6424148149038462 0.2528735216346154 0.6462464951923077 0.2508219591346154 0.6506754471153846 0.25070985096153847 0.6496559110576924 0.24049741826923077 0.6477256201923077 0.23733519471153847
14 0.7162422788461539 0.4255202235576923 0.7131713125 0.41982731250000005 0.70991378125 0.4171175216346154 0.6856492692307692 0.4166613485576923 0.6809856658653846 0.42008355528846153 0.6785860697115385 0.4235415288461538 0.6750457980769231 0.42446881971153844 0.6773126995192308 0.4253421875 0.6800864735576924 0.4304841706730769 0.6848722620192308 0.43394641346153845 0.6990929951923076 0.43326068990384614 0.7081548076923077 0.4350789639423077 0.7149804663461539 0.43067128365384616 0.7162422788461539 0.4255202235576923
14 0.7111027908653846 0.4621822139423077 0.7045819447115385 0.45508743269230767 0.701678360576923 0.4551143894230769 0.6969156923076922 0.458352954326923 0.6804732572115384 0.45700072596153846 0.6765963798076923 0.4602168701923077 0.6723857860576923 0.46655947115384616 0.6758953125 0.4709847668269231 0.6857496298076923 0.4742721778846154 0.6979467884615385 0.4719157908653846 0.7072490336538462 0.4720991682692308 0.7105796177884615 0.46745418990384613 0.7111027908653846 0.4621822139423077
14 0.6802561971153847 0.5081974206730769 0.689264139423077 0.5086674711538461 0.692813079326923 0.5102529855769231 0.70199603125 0.5043895120192308 0.7126793846153846 0.5054686778846154 0.7169669663461539 0.507175108173077 0.7203091129807693 0.5058805384615385 0.7207332211538462 0.500424920673077 0.7127947427884614 0.4961117283653846 0.7109154254807692 0.49346012740384615 0.6988990552884615 0.4911581923076923 0.6898430240384615 0.4910151201923077 0.6861979086538461 0.49008356490384614 0.6836309302884616 0.4878216682692308 0.6792077596153846 0.48960897836538464 0.6719117475961538 0.4860706634615385 0.6679300264423078 0.4874279567307692 0.6638579110576923 0.4911144158653846 0.6531235817307692 0.48952463221153847 0.6622363725961539 0.4918535264423077 0.6629298149038461 0.4931390216346154 0.6624489495192307 0.49640881490384614 0.6668529350961538 0.5033244951923077 0.6771939014423077 0.5050173124999999 0.6802561971153847 0.5081974206730769