9 0.7754721346153846 0.5275686322115385 0.772214548076923 0.537226875 0.7733738822115386 0.5498313173076923 0.7774372884615384 0.5632393293269231 0.7828966754807692 0.5702991490384616 0.790187266826923 0.5731784927884616 0.8145830024038462 0.5717397740384615 0.8262392163461538 0.5658062235576924 0.8329624975961539 0.5575918293269231 0.8351424615384615 0.5479586586538462 0.834762358173077 0.5370783509615384 0.8297125504807692 0.5263066875 0.8231907451923076 0.5197071490384615 0.81621375 0.5155138149038462 0.7933052139423077 0.5132156225961538 0.7884939134615384 0.5144164735576923 0.781477 0.519370954326923 0.7754721346153846 0.5275686322115385
4 0.8105748052884615 0.4672971802884615 0.8127348076923078 0.46223791586538465 0.8125162572115384 0.44569149278846154 0.8105415913461538 0.4200390384615385 0.808471875 0.41224700480769233 0.8024613197115384 0.40999122836538465 0.7663381057692308 0.41017831490384615 0.7621492427884615 0.4137603028846154 0.7610773076923076 0.4242388245192308 0.762656670673077 0.43857575961538464 0.7629113197115385 0.46644606009615386 0.7660330048076923 0.46833347836538464 0.8066843293269231 0.46912995673076924 0.8105748052884615 0.4672971802884615
4 0.7995772908653845 0.32229177403846154 0.7949731610576923 0.31913214903846154 0.7674709375 0.3191186586538462 0.7562091009615385 0.32090515625 0.7533914975961539 0.32772198557692306 0.7539597379807692 0.35427829086538465 0.7572191971153847 0.3755451923076923 0.7607000913461538 0.3774242548076923 0.8009313942307692 0.37648824278846155 0.803328971153846 0.36793892307692305 0.8026143798076923 0.3474839447115385 0.7995772908653845 0.32229177403846154
15 0.7137606346153846 0.46933185576923075 0.7113526057692308 0.4724368413461538 0.7148971225961538 0.52244446875 0.7162484206730769 0.5302532163461539 0.7201037283653846 0.5325591370192307 0.7232909855769231 0.5311782836538461 0.7254966033653846 0.52742465625 0.7222808894230769 0.4765382451923077 0.7215520240384615 0.4711106298076923 0.7178839254807692 0.4690181394230769 0.7137606346153846 0.46933185576923075
15 0.7097599951923077 0.4062678557692308 0.7113792740384616 0.41145697596153846 0.7155937908653847 0.4137545336538461 0.7199546562500001 0.4099507668269231 0.720222639423077 0.4073311346153846 0.7185388004807692 0.33855087740384615 0.7168387451923077 0.3361948173076923 0.7101857908653847 0.3361318221153846 0.7081065625 0.33835802644230767 0.7097599951923077 0.4062678557692308
15 0.6752254879807692 0.5754176009615384 0.6774767163461538 0.5729696105769231 0.6787158942307693 0.567278423076923 0.6758469855769231 0.5623361610576922 0.6731149158653846 0.5613108100961539 0.6345950552884615 0.5855097860576923 0.6319998245192308 0.5884013461538461 0.6314790600961538 0.5940758221153846 0.6326783173076923 0.5975324471153847 0.6347071754807693 0.5990097283653847 0.6407985096153846 0.5984324399038461 0.6523482908653846 0.5894524038461538 0.6752254879807692 0.5754176009615384
10 0.7020627139423077 0.37116609375 0.6992698269230769 0.36839989182692306 0.6944281201923077 0.36873032211538465 0.6920505 0.37270573557692305 0.6965301129807693 0.40831792548076923 0.6998768918269231 0.5349897740384615 0.7019817716346155 0.5386431153846154 0.7052298485576922 0.5390031129807692 0.7089331105769231 0.53695690625 0.7101722932692307 0.5312657163461538 0.7072512283653847 0.4167798125 0.7020627139423077 0.37116609375
14 0.6449087956730769 0.2993207283653846 0.6369045480769231 0.29144898557692306 0.6196625600961538 0.29185013221153844 0.6076870625 0.2886442235576923 0.6024861466346154 0.2889830096153846 0.5960004423076923 0.2937073485576923 0.5927628125 0.29879168509615384 0.6023103245192307 0.30967648798076924 0.6217227620192307 0.30966040865384614 0.6369311322115384 0.31279110336538457 0.643917641826923 0.3069661971153846 0.6464672596153846 0.302769 0.6449087956730769 0.2993207283653846
3 1 0.71367621875 0.9542931899038462 0.1382693076923077 0.5736567043269231 0.14886785817307693 0.5873118846153846 0.9101406802884615 1 0.9039921033653846 1 0.71367621875
1 0.5593522235576923 0.7728114975961538 0.5509145624999999 0.15636807932692307 0.1669789903846154 0.15484405048076924 0.14954381009615386 0.7669619495192308 0.5593522235576923 0.7728114975961538
0 0.12439335096153846 0.8001332788461538 0.12627760817307693 0.8006158461538462 0.13190223076923077 0.7969994951923076 0.1508537283653846 0.4340623557692308 0.1785514230769231 0.40379090865384615 0.24515876923076924 0.3760996850961539 0.37436802403846153 0.3295242788461538 0.5217662548076923 0.2685834783653846 0.6095574975961539 0.22994273557692307 0.6439514855769232 0.18557328125 0.6456768028846154 0.1566549855769231 0.5936847524038462 0.10483263701923076 0.4850511682692308 0.12304504326923077 0.3805682379807692 0.17775901923076923 0.31402161778846155 0.20719157451923076 0.23408240625 0.26481994471153847 0.18520081971153848 0.30604104326923076 0.14518220673076923 0.35402677884615386 0.13908017788461538 0.4849698173076923 0.14130763221153847 0.4900531057692307 0.13880889182692308 0.49079126201923073 0.12439335096153846 0.8001332788461538
6 0.2690893798076923 0.032217209134615385 0.19528371153846152 0.08613469711538461 0.18099686298076925 0.10524123557692308 0.14478424278846153 0.17801635576923078 0.11919241346153846 0.22740938461538462 0.10768568509615384 0.3095873028846154 0.1093890408653846 0.35834522115384615 0.11301575240384615 0.42100053846153845 0.14446161057692308 0.45686713701923076 0.19889304567307692 0.49219888942307694 0.32280519471153846 0.4997725721153846 0.42101766346153846 0.47134602884615384 0.5101847572115384 0.43093059855769233 0.5971243245192308 0.3679109326923077 0.5995013870192307 0.23017669951923075 0.5574891899038461 0.13878741346153844 0.5371709038461538 0.09220526442307693 0.5341404062499999 0.08602132932692307 0.5297446033653845 0.08540706971153847 0.46078806250000004 0.08701139663461539 0.4580765649038462 0.08732197115384616 0.45791491826923075 0.08707824278846155 0.43777913701923077 0.04572021153846154 0.3828765360576923 0.01135061298076923 0.3546158245192308 0.011056927884615384 0.2690893798076923 0.032217209134615385
6 0.13333921153846154 0 0.11170980528846154 0.013222704326923075 0.05777444230769231 0.11555826923076923 0.05367067548076923 0.16270848317307693 0.039374978365384616 0.28852054326923077 0.04755463461538461 0.3580410384615385 0.06563145913461538 0.4639294783653846 0.11217347596153847 0.5203580408653846 0.11951539182692308 0.4835890817307692 0.09672645673076923 0.40743724278846155 0.09010493750000001 0.3413661826923077 0.08852324759615385 0.2960909206730769 0.09895851682692307 0.2243945216346154 0.1338156201923077 0.15213 0.16869628125000002 0.1216914375 0.18099686298076925 0.10524123557692308 0.18777454086538461 0.09162039423076923 0.19528371153846152 0.08613469711538461 0.2071567548076923 0.07025626682692308 0.21959933413461538 0.056024567307692306 0.27309503365384613 0.023410165865384615 0.3130154206730769 0.013767536057692308 0.37604305769230767 0.0070727836538461535 0.3828765360576923 0.01135061298076923 0.4581721899038461 0.01213309375 0.4730083341346154 0.013455598557692306 0.45643144711538464 0.0034597427884615383 0.4464993221153846 0 0.13333921153846154 0