1 0.2549236201923077 0.18123079326923078 0.17712936298076926 0.6442877932692308 0.4350511802884615 0.7054119711538461 0.5405026490384615 0.26162925 0.2549236201923077 0.18123079326923078
3 0.5666259447115385 0.13034377163461539 0.4390109735576923 0.717333891826923 0.7168937524038461 0.7889203485576922 0.868440954326923 0.22566738942307693 0.5666259447115385 0.13034377163461539
14 0.6036850985576924 0.2538760408653846 0.6395811802884614 0.2623733942307692 0.6459240841346153 0.24234791826923077 0.6090499471153846 0.23301421153846155 0.6036850985576924 0.2538760408653846
14 0.6156089086538461 0.17383715865384616 0.5954584471153846 0.20280010096153844 0.6503262764423077 0.22183120432692308 0.6669231802884615 0.20169731490384615 0.6156089086538461 0.17383715865384616
10 0.46334932692307695 0.1920781129807692 0.5183705649038461 0.19789365865384617 0.5685547788461538 0.21194837740384614 0.6269071730769231 0.22131095673076923 0.6576543677884616 0.21151863942307692 0.6468977572115384 0.19554738701923077 0.5983168028846154 0.19244305288461538 0.530665951923077 0.17396711778846155 0.47021299759615387 0.15055344471153845 0.4119048629807692 0.16959278125 0.35167085096153844 0.19760816346153845 0.3024007764423077 0.2365105 0.2578228221153846 0.26308097115384615 0.2207179278846154 0.2834316394230769 0.25039409375 0.2977030673076923 0.3097879447115384 0.26406723798076925 0.38773432692307697 0.22025607211538462 0.46334932692307695 0.1920781129807692
10 0.2773455985576923 0.2531513798076923 0.31681133413461543 0.23610228846153847 0.3410115192307692 0.20437368028846153 0.3858498245192308 0.16705339423076923 0.45096527163461536 0.15920079086538463 0.5416299158653847 0.18485397115384616 0.5673240288461538 0.22245240384615383 0.5941038846153845 0.24545424759615386 0.6143663028846154 0.26545445432692305 0.6462104471153847 0.2575763293269231 0.6487197932692308 0.2579268918269231 0.6557579927884615 0.23942933173076925 0.6127569374999999 0.21096950240384615 0.5722173389423078 0.16150181730769228 0.46850303125 0.12037788221153846 0.3993758701923077 0.13262290865384616 0.3218349134615384 0.16977689903846155 0.2545478629807692 0.2068225528846154 0.24784395673076925 0.26190710817307694 0.2773455985576923 0.2531513798076923
10 0.24142992788461537 0.3251767067307692 0.26499399759615383 0.3297893533653846 0.30924057211538464 0.35721238221153845 0.3327039975961539 0.38613460817307693 0.4131294014423077 0.4213634735576923 0.49850727884615387 0.4335110264423077 0.5606820769230769 0.40598690144230765 0.6066209134615385 0.3635375144230769 0.6356495384615385 0.3075817043269231 0.6294868966346154 0.27604152644230767 0.6166412980769231 0.30253273798076924 0.5616939711538461 0.34405378365384615 0.5193466634615385 0.37930065625 0.46157405769230764 0.38630806971153847 0.4071030841346154 0.37792796874999995 0.32123122115384617 0.3156336009615384 0.26521004326923076 0.29063782692307694 0.22959625240384615 0.2897346538461539 0.22881514903846153 0.3219836129807692 0.24142992788461537 0.3251767067307692
10 0.3917516802884615 0.39702514903846153 0.4154902716346154 0.4246649543269231 0.4576658533653846 0.45697159374999996 0.4719167043269231 0.44300361538461536 0.4920194134615385 0.4494440528846154 0.5241865649038462 0.4616421201923077 0.5650871514423077 0.47605082451923075 0.6030913413461538 0.49918996875 0.62929140625 0.5058218197115385 0.6399063942307692 0.4706544254807692 0.6009465216346154 0.45673695913461543 0.5110925480769231 0.41776953125 0.42498987499999996 0.3851594206730769 0.3917516802884615 0.39702514903846153
10 0.5621641274038461 0.5564273125 0.5762137548076923 0.5910782019230769 0.5679596370192308 0.6295470745192309 0.5316506033653846 0.6271161081730768 0.5137342259615385 0.6009500408653846 0.4765406225961539 0.5644966778846153 0.46401162980769234 0.5275268076923078 0.44150379086538466 0.48938298076923076 0.46780446875000004 0.47170539182692306 0.4630252451923077 0.46830795192307695 0.41779478605769227 0.48067778605769235 0.41284230528846155 0.5037591490384615 0.4324390865384615 0.5411660697115385 0.4761797019230769 0.5995557307692307 0.5214113653846154 0.6366917932692308 0.5614865384615384 0.654947375 0.5925088028846154 0.6438727139423077 0.6058751682692308 0.5958823076923078 0.587408514423077 0.57228084375 0.5690129855769231 0.5054352548076924 0.5487949014423077 0.5138369807692308 0.5621641274038461 0.5564273125
10 0.4470389783653846 0.5732524062500001 0.4826675528846154 0.58362275 0.53739890625 0.5812532524038462 0.6090022860576924 0.557467639423077 0.6443124158653847 0.5175748461538462 0.6456575649038462 0.5153722572115385 0.6281612788461538 0.49201636298076923 0.60672728125 0.5203894038461538 0.5790509903846154 0.5444784879807693 0.5164412764423078 0.5597251009615385 0.46724224038461537 0.5553833413461539 0.4679937403846154 0.5041998725961538 0.47514731490384615 0.4708601490384616 0.45546474759615385 0.46723000240384616 0.4446042043269231 0.5226143341346154 0.4470389783653846 0.5732524062500001
10 0.5221009110576923 0.4570583822115385 0.5077698221153846 0.498217625 0.5303430721153846 0.4997028533653846 0.5580637716346154 0.5040157211538461 0.6027155817307692 0.5247817283653846 0.6486277211538461 0.5539783701923077 0.7069802644230769 0.5633409855769231 0.7194056923076922 0.5340396346153846 0.6982884350961539 0.49895168028846154 0.6768395360576923 0.5178573629807692 0.6503644110576924 0.5125078076923077 0.6022364206730769 0.4841022548076923 0.5221009110576923 0.4570583822115385
10 0.6235487740384615 0.73284603125 0.5809678725961539 0.7071964423076923 0.5084503389423077 0.6780250480769231 0.4919289591346154 0.6614618822115385 0.4902736538461539 0.6626086009615384 0.470171016826923 0.6561681802884615 0.4695497019230769 0.7019768774038462 0.5193285120192308 0.7226886754807692 0.5608089471153846 0.7534674350961539 0.6453614735576922 0.7694619326923077 0.6962112548076923 0.7661099182692308 0.7113585528846154 0.7050509663461538 0.7016400889423077 0.6931274086538461 0.679120295673077 0.7360969254807692 0.6235487740384615 0.73284603125
6 0.5636642572115385 0.3634796826923077 0.595973548076923 0.2891896298076923 0.5742911298076924 0.24719887019230768 0.5157937235576923 0.23374372836538462 0.44733228605769226 0.22858201201923078 0.39551206490384616 0.2316884375 0.3192297115384616 0.20867860576923075 0.3295563870192308 0.2339205841346154 0.3299682043269231 0.23740083173076923 0.3522950240384616 0.24238020673076924 0.38045056250000003 0.2589705697115385 0.454314125 0.26279585096153846 0.49073859615384613 0.2503847235576923 0.5568539903846154 0.2617123004807692 0.5458337427884615 0.3035368629807692 0.521172016826923 0.39463400721153846 0.48322978125 0.49994480288461535 0.45839352163461544 0.5680148389423076 0.4547604543269231 0.63739609375 0.45613901201923074 0.721565298076923 0.4647278846153846 0.7643898581730769 0.5194882860576923 0.7362485144230769 0.47482163701923075 0.7060152163461539 0.4707065336538462 0.6441363052884616 0.4861142211538461 0.5723277091346154 0.5111960408653846 0.4840407355769231 0.5346566153846154 0.42238217788461535 0.5636642572115385 0.3634796826923077
6 0.1592826778846154 0.34088564182692305 0.14474473317307693 0.4372492956730769 0.203721375 0.4913839326923077 0.28569411778846154 0.4526477908653846 0.3437390721153846 0.3537773846153846 0.3299682043269231 0.23740083173076923 0.2901274735576923 0.22851547115384616 0.2903362067307692 0.23075273557692308 0.27778050240384616 0.2654289399038462 0.2827505913461538 0.34239563461538464 0.27048486298076924 0.3852568028846154 0.23093326201923076 0.43608264903846156 0.19766548317307692 0.4290137644230769 0.18774292548076923 0.37512838701923074 0.18921922355769233 0.3444074759615384 0.1592826778846154 0.34088564182692305
6 0.2870834879807692 0.19588903846153846 0.3119151418269231 0.2064722403846154 0.3192297115384616 0.20867860576923075 0.2913036826923077 0.14041771634615385 0.2238245528846154 0.05438827403846154 0.16527086298076923 0.09364454567307692 0.16331819471153847 0.1742666514423077 0.2624705625 0.22234736778846154 0.2901274735576923 0.22851547115384616 0.2870834879807692 0.19588903846153846
0 0.20486626442307693 0.5146566610576924 0.1989120096153846 0.4909453221153846 0.18596478125000002 0.47877765625 0.15307275721153846 0.44611701201923076 0.124337375 0.4131565408653846 0.12093214423076923 0.40852730048076924 0.1217014375 0.4111374038461539 0.1431382355769231 0.4733450336538461 0.15343663221153847 0.5016386177884615 0.18291156490384616 0.5645289663461539 0.20944584855769233 0.6077477932692308 0.27451985096153847 0.6620738437499999 0.30506583173076923 0.7009003461538461 0.3700659254807693 0.7078898028846154 0.3788850673076923 0.6763236466346154 0.3742286826923077 0.6451749302884615 0.3621846802884615 0.63018628125 0.32083444471153844 0.5940326971153846 0.31770516346153843 0.5915923125 0.3450374375 0.6528847019230769 0.3145211129807692 0.6329928317307693 0.2638872451923077 0.5971932307692308 0.20486626442307693 0.5146566610576924
9 0.7514520192307692 0.5654744254807692 0.7543155264423077 0.5580899663461538 0.7555857091346153 0.55097796875 0.7527635552884615 0.5414785576923077 0.7488554230769231 0.5352520745192307 0.7449330384615384 0.5308803557692308 0.7388814663461538 0.5274901875 0.7277060889423077 0.5265198149038461 0.7223214807692308 0.5283667692307692 0.71830965625 0.5327574711538461 0.7156160961538462 0.5381576274038461 0.7118949927884616 0.550731201923077 0.7128772740384615 0.5580754615384615 0.7177922740384616 0.5655704687499999 0.7340889471153846 0.5730744086538462 0.7415742355769231 0.5739554447115385 0.7448114807692308 0.5725786057692308 0.7514520192307692 0.5654744254807692
15 0.7718734711538461 0.31232913461538464 0.7678395576923077 0.31384220913461536 0.765768795673077 0.3187242379807692 0.7666926490384616 0.3221680096153846 0.7913802908653846 0.3334853317307692 0.7959903197115386 0.3346522403846154 0.7996764951923077 0.33237537019230773 0.800602858173077 0.32686578125000004 0.7979118076923076 0.3233125769230769 0.7743867355769231 0.3131342451923077 0.7718734711538461 0.31232913461538464
15 0.7998108966346155 0.2775027908653846 0.7858899591346155 0.2714449278846154 0.7811242307692308 0.27040755048076925 0.7780971947115384 0.27318914903846153 0.7770657283653846 0.27799636298076924 0.7790976418269231 0.2810448365384616 0.7983422524038463 0.29030862740384616 0.8035465649038461 0.2946669399038461 0.8080514903846154 0.29513146875 0.8105932644230769 0.29222704326923077 0.8111394639423076 0.2872969951923077 0.8069562740384615 0.2823524350961538 0.7998108966346155 0.2775027908653846
15 0.7928675817307693 0.23773301201923078 0.7893150216346154 0.23700272115384616 0.7878449687500001 0.23848899278846153 0.7862594711538461 0.24349385576923074 0.7878424591346154 0.24744235817307692 0.801886670673077 0.25471403125000003 0.8111833245192308 0.2614597596153846 0.8152029807692307 0.26180145673076927 0.816741798076923 0.25999470192307694 0.8181210000000001 0.2559512836538462 0.8167118822115385 0.2523846778846154 0.7928675817307693 0.23773301201923078
11 0.7562786971153846 0.2997656201923077 0.7591707163461539 0.2886716201923077 0.7578731225961538 0.2792202283653846 0.7557685240384615 0.27412603125 0.7532695144230769 0.27146615384615386 0.7462110697115385 0.26680745913461534 0.7419306081730769 0.2658929182692308 0.7288362524038461 0.26730884375 0.716261 0.27882382692307695 0.70987484375 0.2930880192307692 0.7102991754807693 0.2982637307692308 0.7194194543269231 0.3135809278846154 0.7227151298076924 0.3161045745192308 0.7274626850961539 0.31663051923076924 0.7363635144230769 0.3144909975961539 0.748722139423077 0.3081584254807692 0.7562786971153846 0.2997656201923077
11 0.7588654278846154 0.2507510264423077 0.7615953245192307 0.24637372596153848 0.7650374567307693 0.2327158798076923 0.7640266682692308 0.22908115624999997 0.7587315048076924 0.22216569471153846 0.7517924182692308 0.21635461057692307 0.747232983173077 0.21435579086538462 0.7444770841346154 0.21348926442307692 0.7404613413461539 0.21551376923076923 0.7323208389423077 0.21649419951923077 0.72486546875 0.2232231826923077 0.7188594759615385 0.23690782692307694 0.7185637427884616 0.2466316875 0.7199949471153846 0.25307592067307694 0.7296977668269231 0.2644859326923077 0.7398520144230769 0.26604254807692307 0.7457724807692308 0.26348651923076927 0.7588654278846154 0.2507510264423077
11 0.7435674855769231 0.20819072355769233 0.747894625 0.20590715625 0.7553136538461539 0.19815531249999999 0.7584885576923077 0.19051178846153846 0.7632243677884615 0.18393913461538464 0.7650524975961539 0.1789956875 0.7665250576923076 0.1685560528846154 0.7654415913461539 0.16287561298076922 0.7632318894230768 0.15707904086538463 0.7566223701923077 0.15152031971153845 0.7501582115384615 0.15005303125 0.7416051225961537 0.15295634615384615 0.7297577644230769 0.16465557692307692 0.7237439399038461 0.1736078269230769 0.7208882620192308 0.18572468509615386 0.7214579567307692 0.19499182932692308 0.724152923076923 0.2009112355769231 0.7304004495192308 0.20756093028846154 0.733833653846154 0.2094436201923077 0.7371941754807693 0.20928058413461537 0.7435674855769231 0.20819072355769233
14 0.6299241874999999 0.2919412403846154 0.6212866682692308 0.2857002379807692 0.6079404375 0.2710027908653846 0.6013750913461539 0.2711993269230769 0.5982105216346154 0.2746218822115385 0.59932390625 0.2879123485576923 0.6026559230769231 0.29145885336538463 0.6137197740384616 0.2983140120192308 0.6208003028846154 0.30585033653846155 0.6236431370192308 0.30690781009615387 0.6275901153846154 0.3052037908653846 0.6320081033653846 0.3054773677884616 0.631644701923077 0.29524877884615386 0.6299241874999999 0.2919412403846154
14 0.6861467572115385 0.4847456490384615 0.6834517884615384 0.4788262451923077 0.6803805793269231 0.4758525865384616 0.6562444591346155 0.47329097836538464 0.6513814567307693 0.4762836225961538 0.648770920673077 0.47950853125 0.6451859350961539 0.48012158173076924 0.6473878052884616 0.48118575480769227 0.6498219663461539 0.4865323149038462 0.6543671466346154 0.4903858990384615 0.6685734783653847 0.4909408725961538 0.6774821394230769 0.49353375240384617 0.6845612596153846 0.48975051201923075 0.6861467572115385 0.4847456490384615
14 0.67868778125 0.5207009254807692 0.6726465456730769 0.5130897860576923 0.6697531201923077 0.5128642211538461 0.6648031850961539 0.5156659206730769 0.64851434375 0.5128943774038461 0.6444480072115385 0.5157507932692308 0.6398497259615384 0.521682483173077 0.6430623822115386 0.5263813774038462 0.6526665168269231 0.53050184375 0.6649642091346154 0.5292221490384615 0.6742166923076923 0.5302126225961539 0.6778301850961538 0.5258900360576922 0.67868778125 0.5207009254807692
14 0.6450297620192308 0.5637090240384615 0.65397084375 0.5649585625 0.6574040456730769 0.5668412475961538 0.6669237548076924 0.5618173990384615 0.6774945072115385 0.5638173317307692 0.6816556081730769 0.5658842620192307 0.6850667283653846 0.5648893221153846 0.6858373894230769 0.5595092596153847 0.6782067427884615 0.5545367836538462 0.6765043942307692 0.5517406730769231 0.6646841394230769 0.5484108028846154 0.6556742908653846 0.5474817451923077 0.6521035600961539 0.5462400240384615 0.6496914807692308 0.54377109375 0.6451723052884616 0.5451613341346154 0.6381320264423077 0.5410140697115385 0.6340799447115385 0.5420157091346154 0.6297891466346154 0.5453221370192307 0.6192002235576923 0.5428107764423077 0.6281270552884616 0.5459150865384615 0.6287355961538462 0.5472517235576922 0.6280479519230769 0.5504565336538462 0.631992423076923 0.5577058774038461 0.6421830120192307 0.5602853509615385 0.6450297620192308 0.5637090240384615