9 0.265686625 0.42829204807692306 0.2649695240384615 0.41568883173076926 0.2613840096153846 0.40221642788461537 0.2561850120192308 0.3950456322115385 0.2490139831730769 0.39200347596153845 0.22463248557692309 0.39287266346153843 0.2128002860576923 0.39852238221153846 0.20580853365384616 0.4065623653846154 0.2032986730769231 0.41612342548076925 0.2032986730769231 0.42698826682692304 0.20795984134615386 0.43785310817307693 0.21423449278846154 0.4445893100961538 0.22104697115384614 0.44893524519230765 0.24381498798076923 0.4517601033653846 0.24865543269230767 0.45067362019230767 0.2558264615384615 0.44589308894230767 0.2621011105769231 0.43785310817307693 0.265686625 0.42829204807692306
4 0.27249910336538463 0.4991308125 0.2694514158653846 0.4971751418269231 0.2289351033653846 0.4954367668269231 0.2249910360576923 0.4971751418269231 0.22266045192307693 0.50217296875 0.22230190144230771 0.5186875264423076 0.22337755528846154 0.5443285528846153 0.2251703125 0.5521512379807693 0.2310864110576923 0.5545415048076923 0.2671208317307692 0.5551933942307692 0.27142344951923075 0.5517166442307693 0.27285765625 0.5412863966346154 0.271782 0.5269448076923077 0.27249910336538463 0.4991308125
4 0.27500896394230767 0.5899608870192308 0.27160272596153845 0.5880052139423078 0.23144496153846153 0.5880052139423078 0.22875582692307692 0.5964797908653846 0.22875582692307692 0.6169056923076923 0.23090713461538462 0.642112125 0.23538902884615384 0.645371576923077 0.2628182139423077 0.64602346875 0.27411258413461537 0.6445023894230769 0.2771602716346154 0.6377661875 0.27751882451923077 0.6112559759615385 0.27500896394230767 0.5899608870192308
15 0.31749731009615384 0.4341590600961539 0.3142703485576923 0.4354628413461539 0.3119397644230769 0.43915688942307696 0.31337396875 0.49000434615384614 0.3139117956730769 0.4954367668269231 0.31749731009615384 0.49760973557692306 0.3216206514423077 0.4973924375 0.32413051201923077 0.49435028365384615 0.3223377548076923 0.44437201201923077 0.3212621009615385 0.43654932692307696 0.31749731009615384 0.4341590600961539
15 0.31785586298076923 0.5528031298076923 0.31337396875 0.5564971754807693 0.3130154182692308 0.5591047379807692 0.3122983149038462 0.6277705336538462 0.3139117956730769 0.6301608004807692 0.32054499759615385 0.6303780961538461 0.32269630769230767 0.6282051274038462 0.32341340865384616 0.5604085192307692 0.3219792043269231 0.5551933942307692 0.31785586298076923 0.5528031298076923
15 0.4069558990384615 0.3713602788461538 0.4049838653846154 0.3698391995192308 0.3988884903846154 0.37027379326923077 0.3870562932692308 0.3789656682692308 0.3637504471153846 0.39243806971153844 0.3614198629807692 0.39482833653846156 0.35998565865384613 0.4004780528846154 0.3626747932692308 0.4054758798076923 0.3653639302884616 0.4065623653846154 0.4046253149038461 0.3833116033653846 0.4073144495192308 0.3804867451923077 0.4080315528846154 0.37483702644230765 0.4069558990384615 0.3713602788461538
10 0.3357834350961539 0.42850934375 0.3325564711538461 0.42807475 0.32879168269230774 0.4300304206730769 0.32735747596153847 0.43568013942307693 0.3262818221153846 0.5499782692307693 0.3298673365384615 0.5956106033653846 0.3325564711538461 0.5984354639423077 0.33739691586538456 0.5982181658653846 0.3399067764423077 0.5943068221153847 0.33667981249999995 0.5586701442307692 0.33775546874999995 0.4322033894230769 0.3357834350961539 0.42850934375
14 0.4078522764423077 0.6588439807692308 0.3927931153846154 0.6553672307692308 0.38562208653846153 0.6610169495192307 0.3829329519230769 0.6651455889423077 0.38436715625 0.6686223389423076 0.39207601201923076 0.6766623197115386 0.409286483173077 0.6766623197115386 0.42111868028846156 0.6801390697115385 0.4263176754807692 0.6799217740384615 0.43295087740384613 0.6753585408653847 0.43635711778846153 0.6703607115384614 0.4272140552884615 0.6592785745192308 0.4078522764423077 0.6588439807692308
3 0.03621366346153846 0.05693177163461539 0.07018760096153846 0.8221322211538461 0.4501890456730769 0.8203933677884615 0.4630947788461538 0.06050305288461539 0.03621366346153846 0.05693177163461539
1 0.4861957355769231 0.19817470913461538 0.4731325096153846 0.8134378221153846 0.856001954326923 0.8238710721153846 0.8947190384615384 0.21352442788461537 0.4861957355769231 0.19817470913461538
0 0.785737625 0.6012945216346154 0.6552464735576924 0.6447665072115385 0.5061138100961539 0.7021495817307692 0.4172078557692308 0.7386660889423078 0.38135866105769234 0.7821380745192308 0.3786303004807693 0.8109517620192308 0.42867953124999997 0.8638653533653847 0.5376610552884615 0.8482154110576924 0.6437746899038461 0.7960490288461538 0.7111712379807693 0.768226985576923 0.7929074615384616 0.7125829639423077 0.8430963317307693 0.6725886177884616 0.8846813100961538 0.6256389927884616 0.8953296634615384 0.4951299278846154 0.8932852019230769 0.49000628125 0.8958030673076922 0.48932777884615386 0.9209589182692308 0.18101099038461538 0.9190964471153846 0.18048575961538463 0.9133606634615384 0.18396346634615385 0.8818134182692308 0.5456504350961539 0.8531340625 0.5752113317307692 0.785737625 0.6012945216346154
6 0.8359264951923078 0.48652850961538463 0.7126051826923077 0.47609525721153845 0.6136613894230769 0.5021784495192307 0.5233213798076923 0.5404337427884616 0.43441542307692305 0.6012945216346154 0.4272455841346154 0.7386660889423078 0.46596267067307695 0.8308266177884616 0.48460429326923077 0.8777764399038461 0.4874113293269231 0.8840169206730769 0.49177413221153843 0.8847318533653846 0.5606046274038461 0.8847318533653846 0.5633197932692308 0.8844849182692307 0.5634725192307692 0.8847318533653846 0.5821141418269231 0.9264649831730769 0.6356743461538461 0.9620323533653846 0.6638502596153846 0.9629814254807693 0.7498883221153847 0.9438537788461538 0.8253778870192308 0.8917699735576924 0.8402927668269231 0.8730377403846153 0.8789455264423077 0.8012657211538462 0.9061908245192308 0.7525770432692307 0.9205305024038462 0.6708496995192307 0.9205305024038462 0.6221610889423077 0.9190964471153846 0.5595614567307693 0.8889832548076922 0.5230449495192308 0.8359264951923078 0.48652850961538463
6 0.9061908245192308 0.966459264423077 0.9635495336538462 0.865604204326923 0.9692853173076923 0.8186545144230769 0.9879269423076923 0.6934551826923077 0.9821911586538461 0.6239000072115384 0.9678514807692308 0.5178283245192308 0.9233983942307693 0.46044531730769234 0.91479471875 0.49696175721153846 0.9348701802884616 0.5734726105769231 0.9391721274038461 0.6395498822115384 0.9391721274038461 0.6847607860576923 0.9262662860576923 0.7560548822115384 0.8889832548076922 0.8273489110576923 0.8531340625 0.8569098076923077 0.8402927668269231 0.8730377403846153 0.8330583846153845 0.8864708389423076 0.8253778870192308 0.8917699735576924 0.8129829230769231 0.9073373365384616 0.8000773004807692 0.9212484254807692 0.745586375 0.9525481754807692 0.7054353437499999 0.9612425721153847 0.6423407427884615 0.966459264423077 0.6356743461538461 0.9620323533653846 0.5606046274038461 0.95950371875 0.5458537091346154 0.9578397620192308 0.5620385721153845 0.9681981177884615 0.6036236586538462 0.9838480576923078 0.7498883221153847 0.9960201610576923 0.8488321153846154 0.9994980000000001 0.9061908245192308 0.966459264423077