1 0.7327845961538462 0.5158916346153846 0.7743514375 0.21692297596153848 0.29569924759615385 0.1799382019230769 0.24548230769230767 0.45840579807692305 0.7327845961538462 0.5158916346153846
3 0.8077601153846155 0.8807812163461539 0.855733048076923 0.5462978966346154 0.23186808173076923 0.47802508653846154 0.1710651298076923 0.7824481754807693 0.8077601153846155 0.8807812163461539
14 0.8312520600961538 0.5761660264423077 0.8256373317307693 0.5704355120192308 0.820036391826923 0.5700945384615385 0.8172170216346154 0.5744330192307692 0.818521360576923 0.5756985240384616 0.8239352379807693 0.57727278125 0.8263241658653846 0.5801564951923077 0.8277545336538462 0.5860715745192308 0.8273709519230769 0.5907926274038462 0.8238549110576923 0.5964358701923077 0.8157382379807692 0.6061041466346154 0.807000110576923 0.6078126081730769 0.8016000216346153 0.6116278966346154 0.793586139423077 0.6228106850961539 0.7861708629807692 0.6300469543269231 0.7849177235576923 0.6339243389423077 0.7864508798076923 0.6413539278846153 0.7854222163461538 0.6437513701923077 0.7802560552884615 0.6438322331730769 0.7801579903846154 0.6411904831730768 0.7775398605769231 0.6409139543269231 0.77926953125 0.6448557764423076 0.7816257716346153 0.64685890625 0.7819435865384615 0.6491479543269231 0.7873200504807693 0.6509688653846154 0.7900878341346154 0.6502587692307693 0.7898542932692307 0.6452219254807693 0.7937582524038462 0.64250165625 0.8012247259615385 0.6404082716346153 0.8100427932692308 0.6283079903846154 0.8187671346153846 0.6212099855769231 0.8205625673076924 0.6181417067307693 0.8218066490384615 0.6077475360576924 0.8301757572115385 0.5986071394230769 0.8346082259615385 0.5913064302884615 0.8312520600961538 0.5761660264423077
14 0.7256958485576923 0.5377006802884615 0.7259014278846153 0.5407297019230769 0.7295946947115385 0.544878920673077 0.7306698317307692 0.548751610576923 0.7244982475961539 0.5543649807692308 0.7229832163461538 0.5599689639423077 0.7258065360576923 0.57204578125 0.723917375 0.5801163365384615 0.72451559375 0.5849410889423077 0.7258152115384615 0.5873338365384615 0.7334636370192308 0.5939056754807692 0.7428050985576923 0.5871234591346154 0.7449372451923076 0.581835264423077 0.7420296514423076 0.5725062427884615 0.7432926322115385 0.5576031129807693 0.7382343701923078 0.5492999783653846 0.7370658942307693 0.541658298076923 0.73483134375 0.5366607139423076 0.7329847115384616 0.5345861033653846 0.7307312596153845 0.5340974807692308 0.7268367524038462 0.5345632716346154 0.7256958485576923 0.5377006802884615
14 0.6572688365384616 0.5372397716346154 0.6544171658653847 0.5319263990384615 0.6501768774038462 0.5280953149038461 0.6440336442307693 0.5269452379807692 0.6415415384615385 0.5313182836538461 0.6466372091346154 0.5393747620192307 0.6469829879807693 0.5436716322115385 0.6506014302884615 0.5483141658653846 0.6513493028846155 0.5521522884615385 0.649460141826923 0.56022284375 0.651114985576923 0.5646579807692308 0.6496468197115385 0.5677608269230769 0.6454482788461539 0.5713271129807692 0.6440829014423077 0.5759444663461538 0.6458125721153846 0.5798862884615384 0.6468219447115384 0.5907690793269231 0.6437355697115384 0.6067326658653847 0.6470688846153846 0.609966735576923 0.6535720721153846 0.6120319615384615 0.65428253125 0.6161167403846155 0.6561992668269231 0.6188252764423077 0.6601733245192307 0.6167389326923077 0.6603698389423076 0.6132511682692308 0.6584625552884616 0.6082881490384615 0.6648212067307693 0.6014414927884615 0.6655320504807692 0.5967550072115384 0.6631761995192308 0.585980608173077 0.6634853413461539 0.5729816009615385 0.6576134471153845 0.5678504447115384 0.6555191009615384 0.5641207139423077 0.6580446682692307 0.54308571875 0.6572688365384616 0.5372397716346154
14 0.5734839278846153 0.5295180408653846 0.5701738509615384 0.5294190360576922 0.5695145913461539 0.5304771442307692 0.5687289206730769 0.5356569447115385 0.5729365192307692 0.5386074447115384 0.5726557283653846 0.5448430096153847 0.5705003413461539 0.5469961370192308 0.5671855384615385 0.5480243725961539 0.5657921995192308 0.5506339014423077 0.5651089254807693 0.5660994831730769 0.5618169711538461 0.5790340504807692 0.5675671754807692 0.5871596586538461 0.570371985576923 0.5949741706730769 0.5738411634615385 0.5918320649038461 0.5744771826923076 0.5876388918269231 0.5805085673076923 0.5807576706730769 0.5806306442307693 0.5689919495192307 0.5838851850961538 0.5563040384615385 0.5829596995192308 0.5514447211538461 0.5786493100961538 0.5469797115384616 0.5788552764423077 0.5412374615384615 0.5774060096153846 0.53983134375 0.5752651875 0.5298314855769231 0.5734839278846153 0.5295180408653846
15 0.4889688846153846 0.5397630288461538 0.4891075336538462 0.5761159519230769 0.4922959182692308 0.5792094110576923 0.49202457932692306 0.5831904903846155 0.49468012259615385 0.5832203653846154 0.4949140528846154 0.5794859423076922 0.4988506947115384 0.5776462548076923 0.5002255264423077 0.5707744182692308 0.5001431923076923 0.529665875 0.497974014423077 0.5264294591346154 0.49776843990384617 0.5234004399038461 0.4930791971153846 0.5225292427884616 0.49147555528846154 0.5232369951923077 0.4908489807692308 0.5251756875 0.4889688846153846 0.5397630288461538
15 0.5789628533653846 0.6457527043269231 0.5945267139423077 0.6472712740384616 0.5972618076923077 0.6456805913461537 0.5972058846153846 0.6416649423076923 0.5807070913461538 0.6375415384615385 0.5539086610576923 0.6344604423076923 0.5448948581730769 0.6325059591346154 0.5334405336538461 0.6312961394230769 0.5302659375000001 0.6335922259615384 0.5312662451923077 0.6379582283653846 0.5364229543269231 0.64013184375 0.5789628533653846 0.6457527043269231
15 0.6749601850961539 0.6387253581730769 0.6789295168269232 0.6377662572115385 0.6801826586538462 0.6338888774038461 0.6765594879807693 0.6303735817307692 0.6135467379807692 0.6227156586538461 0.6102319374999999 0.6237438942307693 0.6077445576923076 0.6269896947115385 0.6098436298076924 0.6295921875 0.6145281490384615 0.631590625 0.6413592644230769 0.6355523004807692 0.6749601850961539 0.6387253581730769
15 0.7572808701923077 0.6659652283653846 0.759866314903846 0.6653611778846155 0.7613718942307692 0.6620116754807692 0.7590203798076923 0.6588813052884616 0.7535316778846154 0.657800360576923 0.6944087115384616 0.6508038918269231 0.6928050673076923 0.6515116442307692 0.6927861634615385 0.6560206057692307 0.6965589831730769 0.6585492716346154 0.7270274423076923 0.6626445192307693 0.7572808701923077 0.6659652283653846
4 0.7306856923076922 0.7185407620192308 0.7347530889423077 0.7202234086538462 0.7479185697115385 0.7211127475961538 0.75544096875 0.7230350120192307 0.7646839759615385 0.7223823149038461 0.7668767788461538 0.7199825288461539 0.7721051442307693 0.687705 0.7664809639423077 0.6842289639423077 0.7475743413461539 0.6817308052884615 0.7424877331730768 0.6801911153846153 0.721215420673077 0.6779443052884615 0.7184051129807693 0.6887995697115384 0.7152435216346155 0.7140277379807694 0.7215970600961538 0.7170795913461538 0.7306856923076922 0.7185407620192308
4 0.6378917043269231 0.7077373076923077 0.6479995480769231 0.7090555192307693 0.65202953125 0.7109848245192307 0.6721002932692308 0.7134806370192308 0.6791926370192307 0.7138538269230769 0.6838259543269231 0.710709375 0.6887644663461538 0.6781506225961539 0.6854311514423077 0.6749165528846154 0.6797274230769231 0.6730610745192307 0.6435505120192307 0.6682375865384615 0.639763516826923 0.6690906442307691 0.6384497283653846 0.6700796177884616 0.6362238485576923 0.6803700889423077 0.6331745000000001 0.7048582860576923 0.6378917043269231 0.7077373076923077
4 0.5516292548076923 0.6922356322115385 0.5528540456730769 0.6951216923076923 0.5551027716346154 0.6967375552884616 0.5630694014423077 0.6968271730769231 0.5956790721153846 0.7021510144230769 0.598157 0.7011596923076924 0.6000272596153846 0.6975980985576923 0.604778704326923 0.6662726346153847 0.6035165048076924 0.6636332307692308 0.5974154086538461 0.6611092572115385 0.5910476947115385 0.661439125 0.5821461298076923 0.6587446706730768 0.5603220745192308 0.6579432379807693 0.5575121514423077 0.660027235576923 0.5564086634615385 0.6629179903846154 0.5516292548076923 0.6922356322115385
4 0.4756207403846154 0.6518789759615384 0.47234730288461535 0.6690758485576923 0.4706263052884615 0.6804220817307692 0.4720287091346154 0.6843293365384615 0.47751268509615385 0.6865375192307692 0.4839178125 0.6859609927884616 0.4971112524038462 0.6888581538461539 0.5106788245192307 0.6892887427884615 0.5135820841346154 0.690973735576923 0.5179956490384615 0.6881819879807692 0.5194264014423077 0.6853258004807692 0.5234390408653846 0.6566789975961539 0.5217841971153846 0.6522438605769231 0.5201525889423076 0.6509437884615384 0.5135324375 0.6507457764423077 0.5048458966346154 0.6488258581730769 0.4962247331730769 0.6486671081730768 0.4835361730769231 0.6468257091346155 0.47844011298076927 0.6475405 0.4756207403846154 0.6518789759615384
12 0.3917385504807692 0.6239729615384615 0.3911686802884615 0.6123847644230769 0.3890463677884615 0.6066472091346153 0.3838384567307692 0.5993307067307693 0.38335247596153843 0.5937659807692308 0.3787616875 0.5867652668269231 0.3699959855769231 0.5776946346153846 0.3589346923076923 0.56950928125 0.3535487788461538 0.5699428509615385 0.3372504519230769 0.57874696875 0.3260391201923077 0.5803195120192307 0.3197836466346154 0.5799094086538461 0.3131355288461538 0.5777035745192308 0.30711870913461536 0.5724318052884615 0.30581948317307694 0.5612677908653846 0.30372040865384614 0.5586653004807692 0.2923783245192308 0.5567155072115384 0.28193376442307694 0.5576172115384616 0.25629436538461536 0.56443228125 0.24350262740384615 0.5698476370192307 0.23058447115384617 0.5793846923076923 0.21771752163461539 0.5940646298076924 0.21150813461538462 0.6086959254807692 0.20950634615384617 0.6262777211538462 0.21091781490384615 0.6367017644230769 0.2142554639423077 0.6475798605769231 0.21952875 0.65665753125 0.2308283076923077 0.6687524903846154 0.25020200721153846 0.6813243341346154 0.2573550024038461 0.6845859326923077 0.28250292307692304 0.6908759158653847 0.29887096394230767 0.6914769879807692 0.30927811298076924 0.6908219447115385 0.3222380144230769 0.6886822596153847 0.33833982692307696 0.6833659110576923 0.3605431298076923 0.6718022596153846 0.3657234639423077 0.6683396730769231 0.3685755240384615 0.6648817788461538 0.3769257331730769 0.66025034375 0.3817882524038462 0.6544987091346154 0.3897930745192308 0.6367991346153846 0.3917385504807692 0.6239729615384615
15 0.28451920913461537 0.5570131586538462 0.2889560096153846 0.5573564759615385 0.2912890144230769 0.5562245408653846 0.29451520192307695 0.5503000745192308 0.3034833076923077 0.5284418942307693 0.30462932451923075 0.5154059759615385 0.3006647139423077 0.5152378365384616 0.29865897836538463 0.5164043389423078 0.29137445432692305 0.5271629423076922 0.2807231514423077 0.5513494278846154 0.2813587860576923 0.5559275240384616 0.28451920913461537 0.5570131586538462
10 0.32662866346153846 0.5698562091346153 0.3222013100961538 0.5672584110576924 0.3226691682692308 0.5597895625 0.3272048100961538 0.54523209375 0.3336851490384615 0.535390985576923 0.3458881177884615 0.522896391826923 0.36669374278846156 0.5062982475961538 0.3696954495192308 0.5018537259615384 0.3854514879807692 0.4922405024038462 0.39166048557692307 0.48638047355769226 0.4049618293269231 0.4808936346153846 0.42173707692307694 0.47113745432692306 0.4329999975961538 0.46593653125 0.43927909615384614 0.4607104326923077 0.4525851658653846 0.4540963533653847 0.458775264423077 0.45274528846153844 0.46209479086538463 0.45058981490384614 0.49812282692307697 0.43885739182692307 0.5048178052884615 0.43856209134615387 0.5093247091346154 0.4395393341346154 0.5148366466346154 0.4437553389423077 0.5196889399038461 0.4578007211538461 0.5228773293269231 0.4608941802884615 0.534723514423077 0.48144226923076927 0.5406469951923077 0.4829450456730769 0.5450184206730769 0.4815271947115385 0.545289764423077 0.47754611298076927 0.532106548076923 0.45485193509615385 0.5261322548076923 0.43943500240384614 0.5229485913461539 0.4352143028846154 0.5166371923076923 0.43078855288461537 0.5119152644230769 0.4290367716346154 0.5015175673076923 0.4274373365384615 0.4924194855769231 0.42823064663461535 0.4719883846153846 0.43359095192307695 0.4661909278846154 0.43673775000000004 0.4554470625 0.43961270913461536 0.44680699759615383 0.4439629206730769 0.4405794903846154 0.44556064182692307 0.42085884134615387 0.45500572836538467 0.4125180841346153 0.4573826826923077 0.4011007860576923 0.46469747115384613 0.39202594230769233 0.46862584615384617 0.3757555745192308 0.4794377908653846 0.32759861778846155 0.5207140240384616 0.31683546394230766 0.5368692139423077 0.30782994471153846 0.5589740504807692 0.30644566586538463 0.5681003677884615 0.3072683605769231 0.5714451754807692 0.3116488509615385 0.5765441129807692 0.31832965144230774 0.5796305312500001 0.3257118533653846 0.5802849447115385 0.33667074278846154 0.5781845216346154 0.3435949254807692 0.5752820360576923 0.35162259375000005 0.5694887932692307 0.36247869951923073 0.5658738629807692 0.36540085576923076 0.5630498942307692 0.36544772115384616 0.5605487548076923 0.36065569230769234 0.5581630480769231 0.34940694471153844 0.5599822475961539 0.33139745673076926 0.5691068509615385 0.32662866346153846 0.5698562091346153
0 0.5753967788461538 0.40501187499999997 0.5222560504807693 0.4134372307692308 0.4657874230769231 0.4175002067307692 0.3979883245192308 0.41735827163461536 0.33149795673076926 0.41735456490384615 0.2763766850961539 0.41253529567307695 0.23479297836538462 0.4061377115384615 0.21967985336538462 0.40131233653846154 0.22744791346153845 0.4114955817307692 0.24406623557692309 0.4151390048076923 0.3132855288461539 0.4234527451923077 0.3755498221153846 0.4250155504807692 0.4523611153846154 0.4271121153846154 0.512756233173077 0.4234638605769231 0.5749093653846153 0.4169930817307692 0.6352315408653847 0.39629080528846156 0.6584953822115385 0.36565796153846153 0.6656807548076924 0.31828603125000005 0.6491571298076924 0.26941265865384617 0.6308756899038461 0.2233617716346154 0.5940437067307692 0.19440337259615384 0.5660744230769231 0.16838651923076925 0.5430444423076923 0.1638748341346154 0.5722424134615385 0.18909251923076922 0.5689620264423076 0.18962342307692306 0.5825251129807693 0.20020585576923075 0.6121027091346154 0.22438713701923077 0.6324415504807692 0.2656417139423077 0.6511337451923077 0.31775232451923074 0.6477251658653846 0.3665258581730769 0.6166082620192307 0.3963292115384615 0.5753967788461538 0.40501187499999997
6 0.7269859134615384 0.20343126682692309 0.6532796850961538 0.18962997836538462 0.6154430480769231 0.18913403846153848 0.6272383341346154 0.2005833798076923 0.6099277403846154 0.20165763701923078 0.6223124759615384 0.21844641346153845 0.6595551129807693 0.2534645889423077 0.7114559326923077 0.2970499759615385 0.7851237259615385 0.3198717572115385 0.8304114879807692 0.31061694230769227 0.8327721033653847 0.26875177884615387 0.7844983846153847 0.22755489423076922 0.7269859134615384 0.20343126682692309
6 0.7782416658653847 0.3301748605769231 0.7041248846153846 0.31031384375000004 0.6626140120192308 0.3209703076923077 0.5758153822115385 0.3408815865384615 0.49410247115384615 0.3623327548076923 0.45891754326923073 0.3689270408653846 0.46264730528846154 0.3769506201923077 0.44964289423076925 0.37919896634615385 0.4711725288461538 0.4170662764423077 0.5473811225961538 0.4582054879807692 0.6337651730769231 0.46732948317307693 0.71517859375 0.44785214182692307 0.7638324879807693 0.43393921153846154 0.80459890625 0.3931223269230769 0.8118955456730769 0.3537839543269231 0.7782416658653847 0.3301748605769231