3 0.48724982692307695 0.5685078173076923 0.5778315985576923 0.13267568028846155 0.19136419230769233 0.07968682211538461 0.14236325480769232 0.5186656995192307 0.48724982692307695 0.5685078173076923
1 0.8474155000000001 0.6219712620192308 0.9641270024038462 0.2718893389423077 0.5836471634615384 0.21824355288461536 0.5107767139423077 0.5665872163461538 0.8474155000000001 0.6219712620192308
0 0.8282408870192307 0.5326555913461538 0.8621445336538461 0.5234791754807693 0.8775696947115385 0.5176494158653846 0.8907929230769231 0.5182590600961539 0.9131762596153846 0.5263180144230769 0.9414352980769232 0.5142738677884615 0.9550799278846154 0.4918382283653846 0.9143776490384615 0.46364802403846156 0.9314207163461539 0.4411428341346154 0.9667999831730769 0.44544394711538465 0.9713370120192307 0.4199254206730769 0.9718361850961539 0.34760080528846155 0.992723545673077 0.2843922043269231 0.9880624711538462 0.2667981153846154 0.9849592091346153 0.26572511298076923 0.9735242211538462 0.2694406730769231 0.90559453125 0.47181699278846156 0.8367413076923077 0.4778353149038462 0.7765250144230769 0.4851357139423077 0.7224886009615384 0.49267680048076923 0.6061800072115384 0.5045066490384615 0.53426109375 0.5168361346153846 0.4739110528846154 0.5247932956730769 0.43973978365384614 0.5352831875 0.43764733894230773 0.5586544134615384 0.4599869663461539 0.5685402091346154 0.523571108173077 0.5693015216346153 0.5888235745192307 0.5722214399038461 0.6585406298076923 0.5663313221153846 0.6873227115384615 0.5604544110576923 0.7351793894230769 0.5526726153846154 0.7843621370192307 0.5471175528846154 0.8282408870192307 0.5326555913461538
6 0.5878626442307693 0.4240857307692308 0.5784226826923077 0.4267441826923077 0.5610632932692308 0.4376998076923077 0.5392516177884615 0.4486711730769231 0.5256025384615385 0.46762041346153843 0.5137416298076923 0.49089487740384613 0.5054085913461539 0.5099566249999999 0.4959442307692308 0.5302036658653846 0.4898008173076923 0.5516203365384615 0.4877075024038462 0.5944081658653846 0.490603548076923 0.5957200432692308 0.5235460120192308 0.6087295264423077 0.5365016105769231 0.6106526706730769 0.5650027788461538 0.6206902620192308 0.5731543076923077 0.6316558149038461 0.5849664134615384 0.6435585745192308 0.6287914639423077 0.6596138461538461 0.6684660576923077 0.6661027259615384 0.7380369903846155 0.6696636826923077 0.7714053725961538 0.6631142908653846 0.7987885528846154 0.6597362307692307 0.8479834014423078 0.6453868365384616 0.8844173365384616 0.6325262644230769 0.9103165985576923 0.5971266322115384 0.923369625 0.5767356322115385 0.9321406706730768 0.52932075 0.9315081610576923 0.5062215865384615 0.9282968581730769 0.4739435985576923 0.9225915312499999 0.46700706730769226 0.8940527956730769 0.44111877403846156 0.8417196009615384 0.41846463942307693 0.8227180817307692 0.41564403125 0.7733528846153847 0.4089928413461538 0.7352768894230769 0.40807716346153844 0.695667923076923 0.41031702403846154 0.6642338413461538 0.41174053125000004 0.6455608125 0.41167518990384616 0.6282135937500001 0.4138364951923077 0.5878626442307693 0.4240857307692308
6 0.9348416538461539 0.45055664423076924 0.9469091586538462 0.4699401947115385 0.9488676177884615 0.49526596875 0.9487093341346153 0.5135113221153846 0.9456924038461539 0.5326855865384615 0.9418602043269231 0.5645946947115384 0.92693375 0.5941802908653846 0.9096230528846154 0.6179990072115384 0.8943196057692308 0.6319663269230769 0.8720333966346154 0.6496334615384616 0.8266825384615385 0.6713197043269231 0.8143839206730769 0.6749070913461538 0.7818793100961539 0.6815846514423077 0.7346308485576922 0.6820138822115385 0.7044011201923077 0.6775265432692308 0.678489923076923 0.6736802524038462 0.6594884062499999 0.670859641826923 0.6287914639423077 0.6596138461538461 0.6236871658653846 0.6587790240384616 0.5505396730769231 0.646567689903846 0.5185758173076923 0.6378133149038461 0.5207113990384615 0.6401100504807692 0.5382409879807692 0.6501550697115385 0.5831293725961538 0.6744105673076923 0.6091012980769231 0.6823256033653846 0.6387957572115385 0.6894399927884615 0.7212370961538461 0.7084439254807692 0.7870249014423076 0.7087368076923077 0.8415843581730769 0.7073629375 0.9101945408653846 0.6850696057692307 0.9299503341346154 0.6710865841346153 0.9526501009615385 0.6426548197115385 0.9707638317307693 0.6148955721153846 0.9745106995192307 0.5965063245192308 0.9837318365384615 0.5599841490384615 0.9816517860576923 0.5265208846153846 0.9753506466346155 0.4701023245192308 0.9614219326923077 0.4511191346153846 0.9411796706730768 0.4325520048076923 0.9348416538461539 0.45055664423076924
15 0.4777272884615385 0.3070287043269231 0.4526475024038462 0.31218393990384613 0.4489658966346154 0.31633015384615387 0.45054477884615385 0.3192279591346154 0.4535469951923077 0.3200541033653846 0.45809581971153845 0.31984152403846156 0.4910046995192308 0.3122972067307692 0.4946089158653846 0.31016878846153845 0.49518797355769234 0.30568885817307695 0.4927103701923077 0.3039259471153846 0.4863046057692308 0.3042433701923077 0.4777272884615385 0.3070287043269231
15 0.4007184855769231 0.33199767307692307 0.39755369711538463 0.3508060697115385 0.39639130288461544 0.36306287259615383 0.3987685745192308 0.36531821153846156 0.40182095673076923 0.3658981418269231 0.4053613942307692 0.3649017235576923 0.4064106177884615 0.3630281899038461 0.41145879326923074 0.33333831730769237 0.4101536875 0.3307348125 0.4073385264423077 0.32980960576923074 0.40302692548076924 0.32967690624999996 0.4007184855769231 0.33199767307692307
15 0.38646993028846155 0.4412394591346154 0.38978675721153844 0.43970253125000003 0.39856165625 0.39991212259615383 0.39725655288461537 0.39730862019230767 0.3941174471153846 0.39633532692307694 0.38931778846153847 0.39777896875 0.3882685673076923 0.39965250480769227 0.3798448341346154 0.4377194158653846 0.38152405288461544 0.44012479567307694 0.38646993028846155 0.4412394591346154
9 0.36177058173076926 0.30693801682692307 0.3563222668269231 0.2992804350961538 0.35232527884615383 0.2967846634615384 0.33062104567307693 0.2935628605769231 0.3180832932692308 0.29449200480769233 0.31304641346153844 0.29628092548076923 0.3074211442307692 0.3001386201923077 0.30399542548076924 0.30876187259615384 0.3065282475961538 0.3159866730769231 0.3170227740384615 0.32426649038461536 0.33651889663461537 0.3293166322115385 0.3474734855769231 0.3287866322115385 0.35706346874999995 0.32348818509615385 0.3610324663461538 0.3187504807692308 0.36177058173076926 0.30693801682692307
14 0.4762447211538462 0.4699121850961539 0.4638345264423077 0.4685773221153846 0.45484149278846153 0.46521310096153845 0.4490105072115385 0.4643475432692308 0.4400225216346154 0.4666914302884615 0.43857196634615386 0.4705346730769231 0.4466254447115385 0.4776911586538462 0.4615770216346154 0.4796569278846154 0.47404671875000004 0.48315673557692307 0.4781712644230769 0.4833885 0.4867349711538462 0.48148895432692307 0.4878114134615385 0.4778438389423077 0.4825229302884615 0.47185877163461537 0.4762447211538462 0.4699121850961539
4 0.3576872163461538 0.36137615384615385 0.35471222596153845 0.3587784302884615 0.33814093028846154 0.3565722259615385 0.3228424639423077 0.353033 0.3164868653846154 0.35310421153846155 0.3128324807692308 0.35547884375 0.3105706995192307 0.36985539903846154 0.30854536298076923 0.3748816177884615 0.31022963461538466 0.3829951033653846 0.31265706971153845 0.38500422596153844 0.3394806201923077 0.3901274206730769 0.3480902139423077 0.39127860576923074 0.3529400384615385 0.38958875 0.3554670384615385 0.3821003918269231 0.3576872163461538 0.36137615384615385
4 0.3065503389423077 0.4141564759615385 0.30436594471153844 0.4265152355769231 0.3051013245192308 0.43600982692307694 0.3069310408653846 0.43767656490384615 0.3348769254807692 0.44220537740384613 0.34251468749999997 0.4432123052884615 0.34719106971153846 0.44073571875 0.3519884110576923 0.4122769110576923 0.35010852884615384 0.4108563870192308 0.3124307211538462 0.40577076682692303 0.3096248942307692 0.40725671874999997 0.3065503389423077 0.4141564759615385
10 0.41052035576923074 0.40346290625 0.4143058028846154 0.3865222692307692 0.4163540769230769 0.38302141346153845 0.4192952548076923 0.36367250240384613 0.42698942788461536 0.3308241586538462 0.4254105456730769 0.3279263533653846 0.41925561778846154 0.3270127067307692 0.4169242331730769 0.32780810576923075 0.4143284014423077 0.33072036057692306 0.3988039326923077 0.40527495192307694 0.3989058076923077 0.4227926346153846 0.40041157932692306 0.4244112860576923 0.4054577932692308 0.4250335168269231 0.4086742884615384 0.42398901923076926 0.4099972836538462 0.4224097836538461 0.41052035576923074 0.40346290625