3 0 0.7238659038461539 0.3982868846153846 0.8248174447115384 0.5160370288461539 0.3820675288461538 0.1584447908653846 0.29108722596153846 0 0.7230005745192307 0 0.7238659038461539
1 0.7966307548076923 0.8384831610576923 0.8658767451923077 0.47373580769230766 0.5291837307692308 0.39079578125 0.4446304855769231 0.7433625937499999 0.7966307548076923 0.8384831610576923
10 0.4262157596153846 0.4109546899038462 0.31566806490384614 0.3962616490384615 0.25765835096153844 0.3758717163461539 0.18543700961538462 0.34444057692307695 0.16732642788461538 0.3441308725961539 0.17315665384615386 0.3689306346153846 0.2714239927884615 0.4081137355769231 0.34893383653846155 0.4270913197115384 0.4308357572115385 0.43683296875 0.4808522019230769 0.42671240865384613 0.4262157596153846 0.4109546899038462
10 0.39874831730769233 0.5259028533653847 0.4143008798076923 0.49946427644230773 0.40604872596153846 0.4637602451923077 0.37287051923076925 0.4130168317307692 0.38891773076923075 0.40113519471153847 0.4419058149038462 0.4134214278846154 0.4883508221153846 0.44266598557692305 0.4957957115384615 0.4747352668269231 0.4802445480769231 0.5142351442307692 0.4689062860576923 0.5451426514423077 0.5040533894230769 0.5626845528846154 0.5128240649038461 0.5487907932692307 0.49961263701923075 0.5361627403846154 0.5239050072115384 0.4946785721153846 0.5285167548076923 0.44218895432692307 0.45642878365384615 0.40047917307692305 0.42181942067307693 0.3810066586538462 0.3389323197115385 0.3813350985576923 0.33055225721153847 0.4081549375 0.34418319471153846 0.4376143100961538 0.38260523317307693 0.47933031971153844 0.3850284903846154 0.5032959014423077 0.3768708149038461 0.5129847091346154 0.39874831730769233 0.5259028533653847
10 0.3595202908653846 0.4936133485576923 0.3184095216346154 0.4615503485576923 0.3431090649038462 0.4545368125 0.39031412740384613 0.46471969951923076 0.4410623846153846 0.49158079807692306 0.49320153125000005 0.5297810961538462 0.4982689711538461 0.5475198966346154 0.48688490144230767 0.5687923004807692 0.5023971129807692 0.5849638774038461 0.5368718052884616 0.5727181947115384 0.5303647259615384 0.5368179158653846 0.4895221658653846 0.4972589350961538 0.43464854807692305 0.45907654086538463 0.3695107524038462 0.43487908413461535 0.3024026658653846 0.4308218197115385 0.27958865625 0.4637315144230769 0.3067586514423077 0.5033800120192308 0.34768884375 0.5230252620192307 0.3459866875 0.5356694879807692 0.3853466923076923 0.5446189975961538 0.4050690721153846 0.5260755889423077 0.3595202908653846 0.4936133485576923
10 0.24436371153846154 0.5575325600961538 0.2849339447115385 0.5654035600961538 0.35473069711538463 0.5598078197115385 0.44272838221153843 0.5607306682692308 0.49208438221153844 0.5631911490384616 0.5049079278846154 0.5890157283653846 0.5016356538461538 0.5909642307692308 0.5314013028846154 0.5886281923076923 0.5179496658653846 0.5585253269230769 0.5030654807692307 0.5466320264423077 0.44043989423076924 0.5395477572115385 0.3905906514423077 0.5355916370192307 0.3519489495192308 0.5371292956730769 0.32088278605769227 0.5343349711538461 0.29138540384615386 0.5291750552884615 0.2501898100961539 0.5431483798076923 0.24436371153846154 0.5575325600961538
10 0.24744556009615384 0.45173706009615383 0.29348487019230773 0.4595722716346154 0.3371940096153846 0.47577341105769233 0.36055133894230773 0.4931783822115384 0.37920238221153846 0.517680108173077 0.4109438485576923 0.5474491298076922 0.44712053125 0.5514947475961539 0.4322316394230769 0.5359306658653846 0.4026472091346154 0.5151713197115385 0.38408506009615384 0.48381716105769235 0.3398813293269231 0.4530591346153846 0.2595466706730769 0.42789053846153846 0.22489428125 0.42490559134615385 0.18230915384615384 0.44060093990384613 0.19535782211538463 0.47541708894230766 0.22257103125000002 0.49857808413461535 0.25018568750000003 0.5039644350961539 0.23906562259615385 0.4785569423076923 0.20826619471153848 0.4552053293269231 0.24744556009615384 0.45173706009615383
10 0.31274175240384616 0.7007595264423077 0.2706444158653846 0.6657052716346155 0.2879462716346154 0.6493188822115384 0.36195878365384615 0.6612534158653846 0.44731362259615387 0.6814643461538462 0.5037087403846153 0.6945847716346154 0.5808600288461538 0.7148494110576924 0.6420058557692307 0.7174468413461538 0.6933793942307692 0.7224636346153847 0.765418778846154 0.7284156346153845 0.8158516322115384 0.7400762524038461 0.8423449447115385 0.7396887043269231 0.8359502043269231 0.7241161442307693 0.7461410408653847 0.7126969495192307 0.7026125456730768 0.7089135841346154 0.6647323028846154 0.7044508966346155 0.6022859615384616 0.6967230769230769 0.5353112451923077 0.6823871778846153 0.4523324447115385 0.6634454615384615 0.36957733413461535 0.6404338774038462 0.2758842451923077 0.6174939687500001 0.24634511298076925 0.6418829038461538 0.25419423798076923 0.6823001875 0.2776862764423077 0.7024878076923078 0.31274175240384616 0.7007595264423077
10 0.27544651201923076 0.7170626899038461 0.28383203125 0.7424880913461538 0.3126097139423077 0.7240994831730769 0.37043738461538467 0.71901034375 0.4308217572115384 0.7276081249999999 0.5072991514423077 0.7339593485576923 0.608298233173077 0.7470019206730769 0.7300521466346154 0.7541274230769232 0.7740294038461539 0.7628326538461538 0.8386711682692307 0.7594118076923076 0.8647017379807692 0.7311556971153846 0.84400121875 0.7174093798076923 0.8347680817307693 0.7309593822115384 0.8075133197115385 0.7373472596153847 0.7417947067307692 0.7315679447115385 0.6668415408653845 0.7262773774038462 0.5935474759615385 0.7248300192307693 0.5022761826923077 0.712794360576923 0.40351832451923075 0.6982382524038461 0.3633968677884616 0.6952890745192307 0.2832443028846154 0.6955996249999999 0.27544651201923076 0.7170626899038461
10 0.33664367307692306 0.7815404639423077 0.42499978125000004 0.7811762475961538 0.49869681971153845 0.7779103028846154 0.5690327115384616 0.7834452403846155 0.6699401033653847 0.7772176177884614 0.7411722115384615 0.7795349158653846 0.7828277956730769 0.7514837908653846 0.7540347067307693 0.7496880384615385 0.7362381322115384 0.7515174975961538 0.6958484783653845 0.7560642572115385 0.5957914855769231 0.7494391370192308 0.5259043870192308 0.74882596875 0.4555685625 0.7432910432692308 0.3799442524038461 0.750209625 0.29705715144230765 0.7505380576923077 0.26182249759615384 0.7529098774038462 0.26801133653846154 0.7764226225961538 0.33664367307692306 0.7815404639423077
14 0.28804081971153844 0.6947117283653846 0.30498698076923075 0.7057350384615385 0.33865424278846157 0.7187901370192308 0.38693421874999995 0.7189797139423076 0.39576361778846153 0.7032137788461538 0.36514489663461536 0.6922799639423077 0.30153266826923075 0.6822044375 0.28804081971153844 0.6947117283653846
0 0.7620816634615385 0.35494124759615386 0.8308015552884616 0.34014537019230767 0.8826656322115384 0.3205351105769231 0.8989323774038461 0.2653997644230769 0.852081608173077 0.21474585336538463 0.7767672427884615 0.18461966826923076 0.69245390625 0.18026885096153847 0.6178592403846154 0.17369117307692308 0.5628591875 0.2110939591346154 0.5192014495192308 0.2567731826923077 0.5288916826923077 0.3265128822115385 0.5274130913461538 0.37989019230769233 0.5612089519230768 0.36728095673076927 0.5615611177884615 0.36715654326923075 0.5623302283653846 0.3730548413461538 0.5792319783653845 0.38750438221153843 0.5894711442307693 0.3900189302884615 0.625000375 0.3832459086538461 0.7090518990384616 0.3722038413461538 0.7620816634615385 0.35494124759615386
0 0.8812642932692308 0.5509594951923077 0.8513570216346154 0.48520629086538464 0.8525186442307693 0.4483700504807692 0.8581132620192308 0.4270134086538461 0.8242314302884615 0.44213159375 0.8183706538461538 0.44235815384615385 0.8140131153846154 0.46575168028846153 0.8150066129807693 0.5340494927884616 0.8388168509615385 0.5955602067307693 0.8710987740384616 0.6495212740384615 0.9044992644230769 0.6831336466346154 0.9126097283653846 0.6507484302884615 0.8870529038461539 0.6053081129807693 0.8812642932692308 0.5509594951923077
6 0.48566204086538456 0.18772719951923078 0.3839931899038461 0.19995516586538462 0.32571952403846155 0.22624517307692307 0.18895085576923076 0.2436276298076923 0.10490073076923076 0.2677310024038462 0.10324445192307692 0.29001032692307693 0.1547527019230769 0.2978097403846154 0.2859230625 0.3299256177884615 0.4097403533653846 0.3492424326923077 0.4995110673076923 0.3485074326923077 0.5012261658653846 0.34744156009615385 0.5309551129807693 0.3123295504807692 0.5726778629807693 0.3065051802884616 0.601028233173077 0.294543875 0.6066614206730769 0.26615961298076923 0.580387576923077 0.22329344471153847 0.48566204086538456 0.18772719951923078
6 0.9118510961538462 0.6894043557692308 0.9036434086538462 0.6502741538461538 0.8774585552884615 0.6005555625000001 0.863063420673077 0.5509739639423077 0.814464766826923 0.5033291346153846 0.8053149975961538 0.4577814567307692 0.7863471442307692 0.40501796394230766 0.7973608052884615 0.3491431947115385 0.7674993413461538 0.29302509374999997 0.7397026514423076 0.2621596298076923 0.7072914206730769 0.25766113461538465 0.6438168221153846 0.2764909423076923 0.601028233173077 0.294543875 0.5948847451923077 0.32549940144230766 0.6141979230769231 0.31749910096153844 0.7168977620192307 0.3048361418269231 0.7128224230769231 0.3423338173076923 0.7217942860576922 0.4015863317307692 0.7348457427884616 0.4625251322115385 0.778964704326923 0.5393195504807692 0.8141631971153847 0.6187418437500001 0.8580112235576922 0.6769096105769231 0.9118510961538462 0.6894043557692308
14 0.29026843750000003 0.4932692235576923 0.3018114639423077 0.4977705264423077 0.3104451826923077 0.49924014903846153 0.32272627644230767 0.4961909350961538 0.3104088317307693 0.48711899278846155 0.2943685576923077 0.4834493822115385 0.28155594951923074 0.4779929639423077 0.27567124759615386 0.4770675625 0.2701318966346154 0.4791903533653846 0.26624878846153843 0.48210522355769225 0.2706634158653846 0.48769598798076924 0.2744804278846154 0.48991908653846156 0.29026843750000003 0.4932692235576923
14 0.2538542331730769 0.5039393100961539 0.2595549711538462 0.5092006971153846 0.28269059375 0.5143498317307692 0.2896432860576923 0.5169541129807692 0.2966797019230769 0.5180326466346153 0.30331183173076925 0.5156619951923077 0.3044883317307692 0.513888391826923 0.30495871153846155 0.5121996057692308 0.30022462019230767 0.506530625 0.2951969591346154 0.5037533990384616 0.27767724759615386 0.5004946875 0.2649153125 0.49608150480769225 0.2586274302884615 0.49660363221153847 0.25160863942307693 0.49913732211538464 0.2538542331730769 0.5039393100961539
14 0.22604511538461539 0.5382348581730769 0.25685607451923076 0.5446189591346153 0.2691795769230769 0.5432552283653846 0.2731888173076923 0.5405000961538462 0.2708760264423077 0.5359393629807692 0.2662350216346154 0.5329990985576922 0.2337678173076923 0.5258229206730769 0.2299849543269231 0.5259275528846155 0.2226301778846154 0.5296675120192308 0.2211848894230769 0.5324061394230769 0.22374994951923075 0.5372863461538462 0.22604511538461539 0.5382348581730769
14 0.4115944254807692 0.7376452115384615 0.40414546153846154 0.7337597403846154 0.39412428846153846 0.7305330216346154 0.3878870769230769 0.7320983894230769 0.38238903125 0.7310099495192308 0.3781853605769231 0.7289498870192308 0.3747054326923077 0.7304172259615385 0.3645168173076923 0.7302420048076923 0.35642287500000003 0.7366357716346154 0.3630065360576923 0.7430153125000001 0.3732210384615385 0.7461605120192308 0.3824760600961538 0.74417434375 0.39897018990384614 0.7474396610576922 0.4027530504807692 0.74733503125 0.4078385504807692 0.7456165312499999 0.41236884375 0.7422158485576923 0.41907753605769227 0.7438584134615385 0.4209177451923077 0.7403145048076923 0.4175969927884615 0.7393725961538462 0.4159077067307692 0.7411495024038461 0.4125032403846154 0.7417333389423076 0.4115944254807692 0.7376452115384615
14 0.3823648028846154 0.7727526466346154 0.37626198798076926 0.7738355024038461 0.37264766346153844 0.7757853509615384 0.35983615865384616 0.7752256466346155 0.3397122860576923 0.7800913870192308 0.32264753365384613 0.78132509375 0.3188905576923077 0.7843997019230768 0.3164207908653846 0.7920416442307693 0.3250132067307692 0.7967224927884615 0.33225120913461537 0.7970772644230769 0.34055610817307697 0.7942141971153845 0.34948340384615384 0.7927920600961538 0.3632532956730769 0.7935864158653847 0.3658337740384615 0.7922854158653846 0.37292691826923074 0.7839715120192309 0.38219846153846154 0.7807008557692308 0.38649412019230767 0.7805929230769231 0.38909938221153845 0.7773651826923077 0.3878039086538462 0.77344009375 0.3823648028846154 0.7727526466346154
15 0.10590281490384615 0.6602223028846154 0.10930728365384615 0.6596384663461539 0.11071842067307693 0.6545721105769231 0.10991921634615384 0.6519282091346154 0.08426094951923077 0.6435843533653846 0.07851064182692308 0.6421764423076923 0.07529124278846154 0.6433210096153845 0.07567900240384616 0.6480546850961539 0.07839497596153847 0.651167889423077 0.09842906730769231 0.6582635721153847 0.10590281490384615 0.6602223028846154
15 0.10141218028846154 0.6904342812500001 0.10376518028846153 0.6868870721153846 0.10074626682692307 0.6824111586538462 0.07571040144230769 0.6755082283653846 0.06968304326923078 0.6757075841346154 0.06771670432692307 0.6790917572115384 0.0686337764423077 0.682537641826923 0.08987851923076923 0.6901874447115385 0.09709999999999999 0.6918267067307693 0.10141218028846154 0.6904342812500001
15 0.08167001442307692 0.7104693725961538 0.05876902884615384 0.7020274903846153 0.05621333894230769 0.7014017524038461 0.05228781490384615 0.7026311370192307 0.05069161057692308 0.7071367644230769 0.05219693509615385 0.7096958461538462 0.07246676923076924 0.7183954903846155 0.07834320913461539 0.7199631394230769 0.09468531490384616 0.7200987427884615 0.10581579567307692 0.721793108173077 0.10826187740384616 0.7209746201923076 0.10874878125000001 0.7180013413461539 0.10685679807692307 0.7156052980769231 0.10071983173076923 0.7143604278846154 0.09623084615384615 0.7145498774038461 0.09256475 0.7105597740384616 0.08674724759615385 0.7093931177884615 0.08167001442307692 0.7104693725961538
11 0.12859119471153846 0.6951560120192308 0.12016016346153847 0.6978593413461538 0.1125624903846154 0.7055342980769231 0.11121964903846153 0.7152561129807692 0.11396977403846154 0.720697045673077 0.12425257932692307 0.7284977043269231 0.13787981490384615 0.7304168173076923 0.15020441826923078 0.7339498004807693 0.1572656201923077 0.73310159375 0.16409934134615384 0.7300071802884616 0.17593263461538464 0.7169265865384615 0.17668832451923075 0.7129882884615385 0.17264273317307693 0.703622264423077 0.16521029567307693 0.698452298076923 0.15908985096153844 0.6959229375 0.14553807451923076 0.6931203221153847 0.12859119471153846 0.6951560120192308
11 0.11896549038461537 0.73093996875 0.09868244230769231 0.7382149567307692 0.09263139903846153 0.7452377620192308 0.09169174278846154 0.7535120456730768 0.09411414182692307 0.7595170072115385 0.09701518509615384 0.7631909375 0.10195912500000001 0.7674939086538461 0.10706224759615385 0.7693876346153845 0.11268642307692309 0.7706358052884615 0.1338876514423077 0.7717034158653846 0.14590821394230769 0.7689769759615385 0.1523046033653846 0.7650023629807693 0.15581757932692308 0.7609660360576923 0.15877424759615386 0.7503508173076923 0.15641904807692308 0.7441045985576923 0.1493473798076923 0.7358016225961539 0.13934272596153846 0.7312904134615384 0.12500111057692306 0.7300983677884615 0.11896549038461537 0.73093996875
11 0.13986377403846154 0.6559096658653847 0.13064290384615385 0.6602235625 0.1278360480769231 0.6641750649038461 0.1277699543269231 0.6693130360576922 0.13066383653846153 0.6785259254807693 0.13311101923076923 0.6826041514423077 0.14032534375 0.6897823677884615 0.14472234615384616 0.6917609134615385 0.16309083173076924 0.6938100504807692 0.17605325721153847 0.6926027548076923 0.17792761298076923 0.6913865745192307 0.18500423798076923 0.6843571634615385 0.18905478846153848 0.6783908004807693 0.18738807932692308 0.6684475408653847 0.18526035576923078 0.6644475336538461 0.18114040144230767 0.6608617235576923 0.16595717067307694 0.6553402932692307 0.1542384423076923 0.6545327307692308 0.13986377403846154 0.6559096658653847
9 0.10899606490384615 0.4347124014423077 0.09820267548076923 0.43670847115384615 0.09405903605769231 0.43994611538461537 0.09000848557692308 0.4459124783653846 0.0892362716346154 0.4511352692307692 0.0915914735576923 0.4573814855769231 0.10014257932692307 0.4652735673076923 0.10886938701923077 0.46947190865384614 0.11680635336538461 0.47528081730769234 0.1256758173076923 0.4783544014423077 0.1312327908653846 0.4798438317307693 0.13731908413461538 0.48004546634615386 0.14232912259615385 0.47921046874999995 0.1490449735576923 0.47531407211538457 0.15600372596153844 0.4674826778846154 0.15712844951923077 0.4597691201923077 0.15551351682692308 0.45576581490384616 0.14899705288461537 0.44914501682692304 0.13623511778846153 0.44473183413461537 0.12158945913461539 0.4372803629807693 0.10899606490384615 0.4347124014423077