4 0.37632275240384616 0.4071180552884615 0.37285052884615383 0.40500992067307695 0.3447420625 0.4040178581730769 0.3407738100961539 0.40500992067307695 0.3338293653846154 0.40476190384615385 0.32936507932692305 0.4063740072115385 0.32936507932692305 0.4356398798076923 0.33482142788461544 0.4384920625 0.34589947115384617 0.43861607211538456 0.37665343990384614 0.4383680552884615 0.37764550240384614 0.43613591346153846 0.3769841274038462 0.40885416586538464 0.37632275240384616 0.4071180552884615
13 0.4947089951923077 0.4353918653846154 0.4918981490384615 0.4337797620192308 0.4237764543269231 0.4337797620192308 0.42228836057692304 0.43514384855769234 0.42294973557692306 0.44010416586538464 0.42195767307692306 0.4425843245192308 0.4130291009615385 0.44853670673076923 0.40740740625 0.4589533725961538 0.40740740625 0.4631696418269231 0.4110449735576923 0.4708581346153846 0.4212962956730769 0.4785466274038462 0.4226190480769231 0.4825148798076923 0.42063492067307695 0.4852430552884615 0.42096560817307693 0.4872271826923077 0.4237764543269231 0.48883928605769233 0.4274140216346154 0.4893353173076923 0.43535052884615383 0.4885912692307692 0.4482473533653846 0.48983134855769234 0.4647817451923077 0.48883928605769233 0.47139550240384614 0.4893353173076923 0.47602513221153847 0.4883432548076923 0.4803240745192308 0.49082341346153846 0.48478836057692304 0.49069940384615385 0.4928902115384615 0.4893353173076923 0.49570105769230766 0.4864831346153846 0.4970238100961539 0.4522569447115385 0.4947089951923077 0.4353918653846154
14 0.39103836057692304 0.5136408725961539 0.36623677163461543 0.5022321418269231 0.3635912692307692 0.4992559519230769 0.3498677259615385 0.49863591346153846 0.3495370360576923 0.506076389423077 0.35152116346153844 0.5100446418269231 0.3536706346153846 0.5116567451923077 0.37053571394230767 0.5183531754807692 0.37781084615384614 0.5240575408653846 0.38277116346153844 0.5255456346153846 0.38955026442307694 0.5256696418269231 0.3930224855769231 0.5250496033653846 0.3948412692307692 0.5226934519230769 0.3948412692307692 0.5182291658653846 0.39103836057692304 0.5136408725961539
15 0.3505291009615385 0.5038442451923077 0.3417658725961538 0.5059523798076924 0.34027777884615384 0.50731646875 0.34027777884615384 0.5100446418269231 0.35019841346153846 0.5293898798076924 0.3518518509615385 0.5348462307692308 0.35813492067307695 0.5452628966346154 0.3670634927884615 0.5499751995192308 0.3693783076923077 0.5482390865384615 0.3683862427884615 0.5410466274038461 0.35813492067307695 0.5219494038461538 0.3505291009615385 0.5038442451923077
15 0.41732804326923073 0.5055803581730769 0.4148478846153846 0.5029761899038461 0.4122023798076923 0.5024801586538461 0.40608465625 0.5053323413461539 0.40608465625 0.5097966274038461 0.4130291009615385 0.5348462307692308 0.41583994711538463 0.5381944447115384 0.4199735456730769 0.5390625 0.4242724855769231 0.537822420673077 0.42493386298076924 0.5331101201923076 0.42063492067307695 0.522197420673077 0.41732804326923073 0.5055803581730769
15 0.4566798942307692 0.5043402788461538 0.4556878317307692 0.5023561514423076 0.4495701057692308 0.49851190384615385 0.44642857211538456 0.5011160721153846 0.4460978846153846 0.506076389423077 0.45271163942307696 0.5447668653846154 0.4560185192307692 0.5474950408653846 0.45982142788461544 0.54737103125 0.46230158653846154 0.5437748004807692 0.4606481490384615 0.5249255961538462 0.4566798942307692 0.5043402788461538
14 0.5724206346153846 0.5261656754807692 0.5707671947115385 0.5194692451923077 0.5649801586538461 0.5158730168269231 0.5600198413461539 0.516865079326923 0.5532407403846153 0.521701389423077 0.5525793653846154 0.5259176586538461 0.5539021153846154 0.5333581346153846 0.5499338629807693 0.5452628966346154 0.5509259254807692 0.5487351201923076 0.5539021153846154 0.5517113100961539 0.5608465600961539 0.5544394831730769 0.5663029110576923 0.5520833341346154 0.5694444447115384 0.5492311514423076 0.5691137572115385 0.5383184519230769 0.5724206346153846 0.5261656754807692
8 0.49718915384615386 0.34821428605769233 0.5391865072115385 0.3464781754807692 0.5423280432692308 0.34486607211538456 0.5436507932692307 0.33643353125 0.5494378317307692 0.33134920673076923 0.5540674591346154 0.3301091274038462 0.5588624326923077 0.33345734134615385 0.5588624326923077 0.33742559615384615 0.5646494711538461 0.3427579375 0.5677910048076923 0.34114583413461536 0.5701058197115384 0.3349454375 0.5752314807692308 0.33457341346153846 0.5770502644230769 0.337673610576923 0.5747354495192307 0.34139384855769234 0.579861110576923 0.3447420625 0.5858134927884615 0.34523809615384615 0.5911044975961539 0.34226190384615385 0.6016865072115385 0.3464781754807692 0.6116071418269231 0.34250992067307695 0.6202050264423077 0.345486110576923 0.6238425937500001 0.345486110576923 0.6266534399038461 0.3416418653846154 0.6273148149038461 0.3329613100961539 0.6327711634615384 0.32936507932692305 0.6355820096153846 0.3332093245192308 0.6349206346153846 0.3379216274038462 0.6367394182692308 0.342013889423077 0.6410383605769231 0.34250992067307695 0.6463293653846154 0.3415178581730769 0.6461640216346154 0.33345734134615385 0.6486441802884616 0.3301091274038462 0.6539351850961539 0.32936507932692305 0.65674603125 0.3329613100961539 0.65608465625 0.33742559615384615 0.6574074062499999 0.34139384855769234 0.659556877403846 0.34250992067307695 0.6653439158653847 0.3408978173076923 0.6663359783653846 0.3381696418269231 0.6656746033653846 0.3332093245192308 0.6691468245192307 0.3288690480769231 0.6744378317307693 0.3288690480769231 0.6759259254807692 0.3302331346153846 0.6792328052884616 0.34064980048076926 0.6807208990384616 0.3415178581730769 0.6865079375 0.3389136899038461 0.6865079375 0.33345734134615385 0.6888227524038462 0.32973710336538464 0.6913029110576924 0.32862103125 0.6964285721153847 0.33072916586538464 0.6977513221153846 0.3339533725961538 0.6960978846153847 0.33742559615384615 0.6994047620192307 0.34263392788461544 0.7028769831730769 0.34325396875 0.7113095240384616 0.34139384855769234 0.7080026466346154 0.33345734134615385 0.7099867716346153 0.32924107211538456 0.7118055552884616 0.328125 0.7172619038461538 0.3317212307692308 0.7175925937500001 0.33469742067307695 0.7142857139423077 0.33742559615384615 0.7172619038461538 0.3389136899038461 0.71924603125 0.3431299591346154 0.7217261899038461 0.34424603125 0.7314814807692307 0.34139384855769234 0.7278439158653847 0.3332093245192308 0.7301587307692308 0.32849702403846154 0.732308201923077 0.3271329375 0.7351190480769231 0.32849702403846154 0.7387566129807692 0.3329613100961539 0.7354497355769231 0.337673610576923 0.7384259254807692 0.33940972115384616 0.7412367716346153 0.3430059519230769 0.7442129639423077 0.34325396875 0.7516534399038461 0.34114583413461536 0.7490079375 0.33345734134615385 0.750661375 0.32849702403846154 0.7538029110576924 0.3271329375 0.7562830697115385 0.32849702403846154 0.7595899471153846 0.33271329326923077 0.7569444447115384 0.33742559615384615 0.7617394182692308 0.34226190384615385 0.7650462956730769 0.3427579375 0.7705026466346154 0.34064980048076926 0.7708333341346154 0.33742559615384615 0.7688492067307693 0.3332093245192308 0.7711640216346154 0.3272569447115385 0.7736441802884616 0.3253968245192308 0.7767857139423077 0.32676091346153846 0.78042328125 0.3329613100961539 0.7784391538461539 0.33742559615384615 0.7825727524038462 0.3417658725961538 0.7848875673076924 0.34250992067307695 0.7906746033653846 0.34114583413461536 0.7910052908653846 0.32849702403846154 0.7928240745192308 0.326388889423077 0.795138889423077 0.3258928581730769 0.7979497355769231 0.32775297596153846 0.8002645504807693 0.3332093245192308 0.7999338629807693 0.3386656754807692 0.8030753966346154 0.3415178581730769 0.8060515865384615 0.342013889423077 0.8096891538461539 0.34126984134615385 0.8108465600961539 0.33940972115384616 0.811838625 0.32676091346153846 0.8156415336538461 0.32366071394230767 0.8191137572115385 0.32552083413461536 0.8201058197115384 0.33841765865384615 0.8235780432692308 0.34126984134615385 0.8275462956730769 0.3417658725961538 0.8310185192307693 0.3408978173076923 0.8323412692307692 0.32924107211538456 0.8311838629807693 0.32787698317307695 0.8230820096153846 0.32552083413461536 0.826223545673077 0.32192460336538464 0.8381283076923077 0.3239087307692308 0.8406084663461539 0.3262648798076923 0.84391534375 0.3349454375 0.8460648149038461 0.3360615072115385 0.8473875673076924 0.3360615072115385 0.8495370360576923 0.3337053581730769 0.8498677259615385 0.32576884855769234 0.8530092596153847 0.32465277884615384 0.8596230168269231 0.3258928581730769 0.8629298942307693 0.32787698317307695 0.8672288365384616 0.3261408725961538 0.8735119038461538 0.326388889423077 0.8811177259615385 0.32936507932692305 0.8816137572115385 0.33345734134615385 0.8872354495192307 0.33717757932692305 0.888723545673077 0.3415178581730769 0.8936838629807693 0.3397817451923077 0.8986441802884616 0.342013889423077 0.9174933870192308 0.34126984134615385 0.9219576730769231 0.33742559615384615 0.923941798076923 0.3160962307692308 0.9219576730769231 0.31014384855769234 0.9219576730769231 0.2506200408653846 0.920634920673077 0.24466765865384615 0.9216269831730769 0.23474702403846154 0.920304233173077 0.22829861057692308 0.9212962956730769 0.22309027884615384 0.920634920673077 0.21143353125 0.9219576730769231 0.20647321394230772 0.920304233173077 0.19704861057692308 0.9212962956730769 0.18737599278846154 0.919973545673077 0.18241567548076926 0.9216269831730769 0.17671131009615385 0.920634920673077 0.15042162740384615 0.9219576730769231 0.14050099278846154 0.920304233173077 0.13355654807692308 0.9138558197115384 0.13120039663461538 0.8993055552884616 0.13194444471153846 0.8953373004807692 0.13318452403846154 0.8516865072115384 0.1334325408653846 0.7686838629807693 0.13640873076923077 0.7339616394230769 0.13913690384615385 0.6073082019230769 0.14285714182692308 0.5633267187500001 0.14484126923076923 0.5375330697115385 0.14732142788461539 0.3318452379807692 0.15277777884615384 0.3245701057692308 0.15352182451923077 0.30968915384615386 0.15699404807692308 0.3065476201923077 0.16133432451923074 0.30621693028846153 0.1727430552884615 0.3035714278846154 0.17596726201923077 0.3032407403846154 0.1846478173076923 0.3086970889423077 0.1875 0.31398809615384615 0.18501984134615385 0.32142857211538456 0.1883680552884615 0.32010581971153845 0.19233631009615385 0.3210978846153846 0.19556051682692305 0.3194444447115385 0.2039930552884615 0.32010581971153845 0.20845734134615385 0.3181216923076923 0.21143353125 0.31977513221153847 0.21564980048076923 0.31894841346153846 0.21651785817307692 0.31597222115384616 0.21651785817307692 0.31498015865384615 0.21552579326923077 0.31266534375 0.21552579326923077 0.31266534375 0.21626984134615385 0.3154761899038461 0.2168898798076923 0.3154761899038461 0.21986607211538461 0.31299603125 0.22073412740384615 0.3075396826923077 0.2166418653846154 0.3063822740384615 0.21403769951923077 0.29976851923076925 0.21403769951923077 0.29811507932692305 0.21602182451923074 0.2964616394230769 0.21254960336538462 0.29265873076923077 0.21292162740384615 0.2910052908653846 0.25806051682692305 0.2919973533653846 0.2647569447115385 0.29596560817307693 0.2674851201923077 0.29265873076923077 0.2682291658653846 0.2916666658653846 0.27467757932692305 0.29282407451923076 0.2790178581730769 0.2991071418269231 0.27852182451923074 0.3012566129807692 0.2741815480769231 0.30009920673076923 0.27207341346153846 0.2962962956730769 0.27070932451923074 0.29662698317307695 0.26872519951923074 0.3027447091346154 0.2646329375 0.3086970889423077 0.26537698317307695 0.311838625 0.2627728173076923 0.3121693125 0.2588045625 0.31332671875 0.25793650721153843 0.3154761899038461 0.2588045625 0.31514550240384614 0.26698908653846154 0.31117724759615384 0.26872519951923074 0.31084656009615386 0.2724454375 0.31365740625 0.2725694447115385 0.3164682548076923 0.2741815480769231 0.3164682548076923 0.2786458341346154 0.3128306875 0.2823660721153846 0.31382275240384616 0.28633432451923074 0.3125 0.2890625 0.31018518509615384 0.29030257932692305 0.31084656009615386 0.2940228173076923 0.30588624278846155 0.29823908653846154 0.30919312259615384 0.30220734134615385 0.3042328052884615 0.30592757932692305 0.30588624278846155 0.3096478173076923 0.3042328052884615 0.31386408653846154 0.3075396826923077 0.31783234134615385 0.3042328052884615 0.3195684519230769 0.3032407403846154 0.3225446418269231 0.3085317451923077 0.32576884855769234 0.3037367716346154 0.32688492067307695 0.30191799038461536 0.32948908653846154 0.3032407403846154 0.3399057548076923 0.3075396826923077 0.34139384855769234 0.30621693028846153 0.34536210336538464 0.31365740625 0.35019841346153846 0.32655423317307697 0.35019841346153846 0.3351521153846154 0.3516865072115385 0.3406084663461538 0.3515625 0.4723875673076923 0.3494543653846154 0.4849537043269231 0.34846230048076926 0.4918981490384615 0.34920634855769234 0.49718915384615386 0.34821428605769233
10 0.9080687836538461 0.4723462307692308 0.9074074062499999 0.4522569447115385 0.8981481490384616 0.3768601201923077 0.892195766826923 0.3565228173076923 0.8878968245192307 0.34709821394230767 0.8789682548076924 0.3349454375 0.8735119038461538 0.33060515865384615 0.8682208990384616 0.33060515865384615 0.8670634927884616 0.33147321394230767 0.8558201057692307 0.34833829326923077 0.8520171947115384 0.3514384927884615 0.8457341274038461 0.35292658653846154 0.8455687836538461 0.3555307548076923 0.8463955024038461 0.3571428581730769 0.8493716923076923 0.3573908725961538 0.8530092596153847 0.3571428581730769 0.857308201923077 0.3554067451923077 0.8630952379807693 0.35280257932692305 0.8682208990384616 0.3457341274038462 0.8728505288461539 0.34722222115384616 0.875 0.3508184519230769 0.8809523798076923 0.3694196418269231 0.8862433870192308 0.39223710336538464 0.8961640216346154 0.45771329326923077 0.8964947091346154 0.47408234134615385 0.8938492067307693 0.48549107211538456 0.8912037043269231 0.49094742067307695 0.8710317451923076 0.5150049591346154 0.861111110576923 0.521701389423077 0.8637566129807692 0.5231894831730769 0.878472221153846 0.5198412692307692 0.8948412692307692 0.5063244038461538 0.9047619038461538 0.4899553581730769 0.9080687836538461 0.4723462307692308
10 0.7898478846153847 0.625 0.794808201923077 0.623263889423077 0.8039021153846153 0.6156994038461538 0.8177910048076923 0.6008184519230769 0.8253968245192307 0.587673610576923 0.8323412692307692 0.5787450408653846 0.84358465625 0.5531994038461538 0.8501984134615385 0.5331101201923076 0.8525132283653847 0.5296378966346154 0.8518518509615384 0.5177331346153846 0.8535052908653846 0.5135168653846154 0.8535052908653846 0.4921875 0.8455687836538461 0.4490327379807692 0.8449074062499999 0.42919146875 0.8492063485576923 0.4083581346153846 0.8525132283653847 0.4041418653846154 0.8525132283653847 0.400173610576923 0.8558201057692307 0.3962053581730769 0.8568121682692307 0.39198908653846154 0.8604497355769231 0.3885168653846154 0.8604497355769231 0.384548610576923 0.8637566129807692 0.3800843245192308 0.8630952379807693 0.37661210336538464 0.857638889423077 0.3727678581730769 0.8523478846153847 0.3707837307692308 0.8420965600961539 0.37748015865384615 0.8377976201923077 0.3759920625 0.8330026466346154 0.37661210336538464 0.8338293653846154 0.3807043653846154 0.8463955024038461 0.3821924591346154 0.8492063485576923 0.38430059615384615 0.8465608461538461 0.3887648798076923 0.8458994711538461 0.39322916586538464 0.8416005288461539 0.39868551682692305 0.8349867716346153 0.41356646875 0.8310185192307693 0.4383680552884615 0.8323412692307692 0.4512648798076923 0.8339947091346154 0.45473710336538464 0.8359788365384616 0.48276289663461536 0.8376322740384615 0.4862351201923077 0.8366402115384616 0.490451389423077 0.8379629639423077 0.4941716274038462 0.8366402115384616 0.5063244038461538 0.8382936514423077 0.5102926586538461 0.8382936514423077 0.5261656754807692 0.8349867716346153 0.5375744038461538 0.8277116394230769 0.5527033725961539 0.8273809519230769 0.556423610576923 0.8240740745192308 0.5616319447115384 0.8062691201923078 0.5911758100961538 0.7754100456730769 0.6235926129807693 0.7251538653846155 0.6388086658653845 0.6775426442307692 0.6341777115384615 0.6052442692307692 0.5984530456730769 0.5355909158653847 0.5336194158653846 0.4835713894230769 0.5117876850961538 0.4668193076923077 0.49326378365384616 0.46417421634615386 0.5111261033653846 0.5161938125 0.536265670673077 0.6043626610576923 0.6123459567307692 0.6793061274038461 0.6474090673076923 0.724272125 0.6500553221153846 0.7568945480769231 0.6414549471153846 0.7898478846153847 0.625
10 0.8356484254807692 0.5255052836538462 0.8313494831730769 0.5155846490384616 0.8273812307692308 0.5111203629807692 0.8098547740384615 0.4833425865384615 0.8015875793269231 0.46722155528846154 0.7962455865384614 0.4138940480769231 0.7906748798076924 0.4697017139423077 0.7910055697115385 0.4741659975961538 0.7953045096153846 0.48135845913461534 0.7979500144230769 0.48904695192307696 0.8072092716346154 0.5004556802884615 0.8091933990384615 0.505664014423077 0.8181219711538461 0.5193048870192307 0.8224209134615384 0.5287294903846154 0.8257277908653846 0.5446025072115385 0.8219248798076924 0.5489427836538462 0.8096894302884615 0.5524150072115385 0.8067132403846154 0.5558872283653846 0.8024142980769231 0.5566312764423077 0.7812502788461538 0.5432384182692307 0.7762899591346154 0.5385261177884615 0.7706682668269231 0.5375340552884615 0.7662039807692308 0.5406342524038462 0.7708336105769231 0.5465866346153846 0.7959166274038462 0.554993235576923 0.8077053052884615 0.5687840552884615 0.8224209134615384 0.5644437764423077 0.8220902259615385 0.5614675865384615 0.8181219711538461 0.5602275072115385 0.8237436634615385 0.5587394110576923 0.8330029230769231 0.5406342524038462 0.8359791129807692 0.5319536971153846 0.8356484254807692 0.5255052836538462
10 0.7566777908653847 0.5442169975961538 0.7679212692307692 0.532312625 0.7778883677884616 0.5013641370192308 0.7947534471153846 0.4587054086538461 0.8000444543269231 0.4393601706730769 0.800705829326923 0.4202629471153846 0.799713764423077 0.4068700913461539 0.7977296394230768 0.4001736610576923 0.7914465697115385 0.3862847716346154 0.7783844014423077 0.37500005048076923 0.7764002740384615 0.3752480673076923 0.7730933942307693 0.3782242572115385 0.7509450432692308 0.3573236586538462 0.7368379855769231 0.35864679807692307 0.7610862283653846 0.38345606009615385 0.7782190576923077 0.3875248533653846 0.7868169399038462 0.40612604326923074 0.7871476274038461 0.4361359639423077 0.784502125 0.4490327884615385 0.7739201153846154 0.47457842307692305 0.7706132355769231 0.48648318509615385 0.7573410432692308 0.5170965721153846 0.742352375 0.5462055600961538 0.7176650913461539 0.5713451298076924 0.6718173509615385 0.5997925360576923 0.5818851514423077 0.6335324783653846 0.5254571177884615 0.6017772331730769 0.511350125 0.6070697716346154 0.5783583870192308 0.6461023269230769 0.6391947932692308 0.6289015240384616 0.7152383557692308 0.5885420384615384 0.72648196875 0.5825917860576924 0.7566777908653847 0.5442169975961538
10 0.669477514423077 0.5719246033653846 0.6780753966346154 0.5674603173076923 0.6828703701923077 0.5636160721153846 0.7646164519230769 0.45858571875 0.7796052524038461 0.35736586538461534 0.7390475600961538 0.4764480528846154 0.6826195913461538 0.5412817067307693 0.6729497355769231 0.5549355168269231 0.6635251322115384 0.5632440480769231 0.6536044975961539 0.5694444447115384 0.6400462956730769 0.5746527788461538 0.6274801586538461 0.5771329374999999 0.6159060841346153 0.57762896875 0.5861441802884616 0.5758928581730769 0.5787037043269231 0.5765128966346154 0.5816798942307693 0.5819692451923077 0.5894510576923077 0.5870535721153846 0.6276455024038461 0.587177579326923 0.638723545673077 0.5858134927884615 0.6496362427884615 0.5825892860576923 0.6631944447115384 0.5766369038461538 0.669477514423077 0.5719246033653846
10 0.6339285721153847 0.3865327379807692 0.6221891538461539 0.3759920625 0.6182208990384616 0.3769841274038462 0.6157407403846153 0.3800843245192308 0.6167328052884616 0.384548610576923 0.6263227524038462 0.3974454375 0.6375661370192307 0.42497519951923074 0.6511243389423077 0.45349702403846154 0.65674603125 0.46044146875 0.6587301586538461 0.46713789663461536 0.6626984134615385 0.46837797596153846 0.6643518509615384 0.4728422620192308 0.6633597884615384 0.462673610576923 0.6547619038461538 0.4324156754807692 0.6415343918269231 0.40190972115384616 0.6339285721153847 0.3865327379807692
10 0.6832010576923077 0.5050843245192308 0.6832010576923077 0.493923610576923 0.6785714278846153 0.4822668653846154 0.673611110576923 0.4549851201923077 0.6686507932692307 0.4433283725961538 0.6666666658653846 0.4316716274038462 0.6620370360576923 0.4162946418269231 0.65674603125 0.4043898798076923 0.65641534375 0.3994295625 0.6534391538461539 0.3942212307692308 0.6483134927884616 0.39012896875 0.6451719567307692 0.39174107211538456 0.6438492067307693 0.3944692451923077 0.6451719567307692 0.400173610576923 0.6448412692307692 0.4081101201923077 0.6491402115384616 0.415798610576923 0.65608465625 0.4356398798076923 0.65674603125 0.4472966274038462 0.6613756610576923 0.4587053581730769 0.6590608461538461 0.4631696418269231 0.6641865072115384 0.4650297620192308 0.6656746033653846 0.4666418653846154 0.6620370360576923 0.47110615144230766 0.6679894182692308 0.49069940384615385 0.670634920673077 0.4941716274038462 0.6669973533653846 0.4981398798076923 0.6719576730769231 0.5021081346153846 0.6752645504807693 0.5100446418269231 0.6749338629807693 0.5140128966346154 0.6772486778846154 0.5174851201923076 0.6772486778846154 0.521701389423077 0.7549025961538463 0.6784019278846153 0.7637194735576922 0.6757556466346154 0.7072913725961538 0.5606428557692308 0.684193122596154 0.5177331346153846 0.686838625 0.5137648798076924 0.6832010576923077 0.5050843245192308
10 0.5889327596153846 0.6834716875000001 0.56821340625 0.7413516875 0.5172968365384615 0.7780681850961538 0.4485251586538462 0.7860070264423077 0.38239857211538464 0.78005290625 0.34184094711538465 0.76285215625 0.29511153125 0.7251427668269231 0.2818862139423077 0.7105882980769231 0.26689748076923075 0.6642785576923077 0.2627081971153846 0.6126839639423077 0.31404305048076925 0.5150879951923076 0.31536580048076923 0.5135999014423077 0.3178459591346154 0.5119877980769231 0.32908934615384616 0.5095076394230769 0.34727717788461543 0.5082675600961538 0.3490959591346154 0.5073995048076922 0.34826924038461543 0.5028112115384615 0.3366951658653846 0.5010750985576923 0.3237983413461538 0.5025631947115385 0.3105708269230769 0.5065314495192308 0.3037917283653846 0.5111197427884615 0.3024689759615385 0.5237685528846154 0.2998234735576923 0.5297209326923077 0.2935404038461539 0.53468125 0.29320971634615384 0.5388975192307692 0.28858008653846157 0.5426177572115385 0.2865959591346154 0.5465860120192307 0.2552142283653846 0.5938220673076923 0.2508057908653846 0.6599788389423077 0.27813809855769234 0.7314281706730769 0.3469097764423077 0.7803841923076923 0.43948699759615384 0.7989080576923077 0.5164151610576924 0.7912995384615384 0.5787936346153846 0.7466441971153847 0.606566514423077 0.6748713125 0.6167062379807693 0.6328545721153845 0.6052442692307692 0.638147108173077 0.5889327596153846 0.6834716875000001
10 0.5573743389423077 0.5186011899038461 0.5634920625000001 0.5155009927884615 0.5704365072115385 0.506572420673077 0.5710978846153846 0.5038442451923077 0.5757275144230769 0.4978918653846154 0.5777116394230769 0.4899553581730769 0.5820105817307692 0.48102678605769233 0.5790343918269231 0.45473710336538464 0.5740740745192308 0.4356398798076923 0.5701058197115384 0.40314980048076926 0.5677910048076923 0.3991815480769231 0.5644841274038461 0.3964533725961538 0.5641534399038461 0.3924851201923077 0.5618386249999999 0.38826884855769234 0.5608465600961539 0.38157242067307695 0.5562169302884615 0.3691716274038462 0.5572089951923077 0.35280257932692305 0.5520833341346154 0.3477182548076923 0.548445766826923 0.3467261899038461 0.5426587307692308 0.34908234134615385 0.5410052908653846 0.35305059615384615 0.5433201057692307 0.3756200408653846 0.5505952379807693 0.40364583413461536 0.5595238100961539 0.43216765865384615 0.5615079374999999 0.4353918653846154 0.5648148149038461 0.4631696418269231 0.5674603173076923 0.47036210336538464 0.5667989423076923 0.48400297596153846 0.5618386249999999 0.49888392788461544 0.5591931225961538 0.5016121033653846 0.5578703701923077 0.5058283725961539 0.5426587307692308 0.5179811514423076 0.5380291009615384 0.525173610576923 0.5383597884615384 0.5274057548076923 0.5405092596153847 0.529513889423077 0.5441468245192308 0.53174603125 0.5496031754807692 0.5331101201923076 0.5525793653846154 0.5301339278846154 0.5509259254807692 0.5256696418269231 0.5535714278846154 0.5219494038461538 0.5573743389423077 0.5186011899038461
10 0.6949675600961539 0.43936858173076926 0.7099562259615385 0.4830320408653846 0.7099562259615385 0.5108178894230769 0.7002577403846153 0.5842518966346154 0.6949675600961539 0.6107146033653846 0.6967309086538461 0.627253795673077 0.7099562259615385 0.6193150048076923 0.7143646658653846 0.5895444567307693 0.7178914975961538 0.5419115769230769 0.7196548461538461 0.48898616105769227 0.7143646658653846 0.4565693317307692 0.6967309086538461 0.4175368653846154 0.6720436225961539 0.3890894350961539 0.6455929879807693 0.3732117980769231 0.62002409375 0.36725769230769234 0.5910493629807692 0.35978836057692304 0.6067987764423077 0.3857815961538461 0.6226691177884616 0.3745349639423077 0.6685169254807692 0.3996745072115385 0.6949675600961539 0.43936858173076926
10 0.5556608557692307 0.37188867067307696 0.5627143870192307 0.3996745072115385 0.5662411514423077 0.44929209855769237 0.5653594086538462 0.4698006875 0.57946646875 0.4850167403846154 0.5856382572115385 0.4803857860576923 0.5715312644230769 0.4598771706730769 0.5759397043269231 0.43672230048076927 0.5732946129807692 0.4056286274038462 0.564477735576923 0.37718120673076927 0.5697678485576924 0.35733417548076923 0.5789241418269231 0.3688822764423077 0.5732946129807692 0.3480722307692308 0.5591876201923077 0.35138006971153846 0.5556608557692307 0.37188867067307696
10 0.7187731033653846 0.37056553124999997 0.7284717235576923 0.3785043485576923 0.7372886033653846 0.3963666682692307 0.7337617692307692 0.4115827331730769 0.7381702091346154 0.43804544230769227 0.7390519519230769 0.4565693317307692 0.7425786490384615 0.48104734374999997 0.7408153004807693 0.5154488701923077 0.7372886033653846 0.5419115769230769 0.7364068605769231 0.5650664471153847 0.7284717235576923 0.5882213173076922 0.7037844375 0.6067452596153846 0.6773338028846154 0.6133609350961539 0.6579366971153846 0.60872990625 0.6447113798076922 0.5941754110576923 0.627077625 0.6054220673076923 0.6403029423076922 0.6133609350961539 0.6455929879807693 0.6067452596153846 0.6641084855769231 0.6212997019230768 0.6896773798076924 0.6246075408653847 0.7134830576923077 0.6133609350961539 0.7328801634615385 0.6027758125 0.747868829326923 0.5802824999999999 0.7513955264423077 0.5551429326923076 0.7522772692307692 0.5280186394230769 0.7575674495192307 0.5068484951923077 0.7575674495192307 0.48104734374999997 0.7540406177884615 0.45921561298076924 0.750513920673077 0.44135328125 0.747868829326923 0.4162136995192308 0.747868829326923 0.3930588293269231 0.7390519519230769 0.37255024038461537 0.7196548461538461 0.35865731730769235 0.6993760000000001 0.34873380048076924 0.6685169254807692 0.3414565528846154 0.6517649110576923 0.3553494783653846 0.6505731730769231 0.3639219591346154 0.6693986658653847 0.3579957475961538 0.6790971514423076 0.35071850000000004 0.6967309086538461 0.3599804447115385 0.7187731033653846 0.37056553124999997
15 0.4819223774038462 0.5036375673076923 0.4705739423076923 0.5338229615384615 0.47939081971153846 0.5391155240384615 0.48997111538461535 0.5086833942307692 0.4819223774038462 0.5036375673076923
10 0.8347111081730769 0.47510858653846155 0.8338293653846154 0.5062022740384615 0.8311842764423076 0.5286955865384615 0.8435279855769231 0.53134184375 0.8479364254807693 0.49495561778846153 0.8417645024038461 0.44533804086538464 0.8382378052884616 0.4149059350961538 0.8294209278846154 0.39108950961538463 0.8311842764423076 0.36727305528846155 0.8181216730769231 0.3589616418269231 0.8188406995192307 0.3871200865384615 0.8232491394230769 0.4142443774038461 0.8294209278846154 0.4360761081730769 0.8347111081730769 0.47510858653846155
3 0.27689592307692307 0.28207672115384613 0.27483927163461536 0.5652469471153846 0.872623576923077 0.571862625 0.8779137572115385 0.27415717548076923 0.27689592307692307 0.28207672115384613
3 0.2857142644230769 0.5788690480769231 0.28630124038461535 0.8453608725961538 0.7571225528846154 0.8566075048076923 0.7483056730769231 0.58536478125 0.2857142644230769 0.5788690480769231
6 0.26954915865384615 0.5382360024038462 0.22899153365384617 0.5653602572115385 0.1998958076923077 0.6004233413461538 0.19019725480769228 0.640778985576923 0.23516331971153845 0.6844424447115384 0.3083434375 0.7135514350961538 0.39651221875 0.7479529350961538 0.4979063197115385 0.7863238557692308 0.5569793774038462 0.8088171682692308 0.5813148461538462 0.8129128557692307 0.5934181466346155 0.8071160745192307 0.4979063197115385 0.7790466225961539 0.40885579567307695 0.7413372572115384 0.32245042788461536 0.7056126153846154 0.2501519855769231 0.6798114663461539 0.20694933653846154 0.6368095649038461 0.20694933653846154 0.6030696201923077 0.24309852403846152 0.5660218149038462 0.2846119735576923 0.5375330697115385 0.26954915865384615 0.5382360024038462
6 0.8902573341346154 0.6593028774038461 0.8752686658653845 0.6103468557692308 0.8355927139423076 0.5779300528846154 0.800325201923077 0.5620524182692308 0.74918728125 0.5719759326923077 0.69981284375 0.6043927620192308 0.6901142235576923 0.6341633076923077 0.6927593149038462 0.6837808870192308 0.7059846322115385 0.7155361322115384 0.7315535240384615 0.7618458725961539 0.7394887956730769 0.7883085793269231 0.7461307307692308 0.7954281923076922 0.7563256153846154 0.7921748870192308 0.7638753076923077 0.8033092307692308 0.7677027788461538 0.8022014927884615 0.8100238221153847 0.7869854639423076 0.8638066995192308 0.74067575 0.8867306346153847 0.6976737980769231 0.8902573341346154 0.6593028774038461
0 0.2624956298076923 0.7618458725961539 0.35507285096153846 0.7618458725961539 0.43530643028846155 0.7572149423076924 0.5225935384615384 0.7419988413461538 0.6019454423076923 0.7347215817307693 0.6336862572115384 0.7241365576923078 0.6019454423076923 0.7075973149038461 0.54551740625 0.6897349807692308 0.47586412259615385 0.6685648100961538 0.4238445288461538 0.6473946634615384 0.3647714038461538 0.6176241153846154 0.31451522596153847 0.5944692451923077 0.30787266826923076 0.5902373870192308 0.29779124759615383 0.5922029711538461 0.2831089014423077 0.5850844302884616 0.2395717596153846 0.6077006009615384 0.20606759615384615 0.6348248653846155 0.1752085216346154 0.6798114663461539 0.16815506009615386 0.7314137427884616 0.19284227884615385 0.7558917524038461 0.2624956298076923 0.7618458725961539
0 0.723618389423077 0.6989969399038463 0.76064925 0.7492760745192307 0.7862182764423077 0.8246948052884615 0.7818098389423077 0.8762971057692308 0.7483056730769231 0.9232684038461538 0.6954044038461539 0.9272378004807693 0.6354496057692308 0.9212836802884615 0.5631511634615385 0.9080523245192308 0.5393456201923077 0.9020982067307692 0.5278836514423078 0.9001135336538462 0.5472808245192308 0.9133448870192308 0.6089989711538462 0.9239299615384616 0.6751255576923078 0.9351765913461538 0.7500690216346153 0.9318687524038461 0.7809280961538462 0.9060676538461538 0.8056153822115385 0.8643888677884616 0.7967985048076923 0.813448173076923 0.7800463557692308 0.7625074302884615 0.7641760817307692 0.7320753245192309 0.7324352668269231 0.6890734230769231 0.6901142235576923 0.6427636850961539 0.637212954326923 0.6156393918269232 0.5631511634615385 0.5858688461538462 0.5208301899038461 0.5719759326923077 0.46175706490384616 0.5607292788461539 0.4009206586538462 0.5627139759615385 0.34008418509615385 0.5713143774038462 0.2945902596153846 0.5817753942307692 0.30787266826923076 0.5902373870192308 0.39474880288461534 0.5732990745192308 0.4873260240384615 0.5739606322115385 0.5719680432692308 0.5964539447115385 0.6636635889423077 0.6401174038461538 0.723618389423077 0.6989969399038463