3 0.4356260817307692 0.40856481490384616 0.4291346418269231 0.8058626995192307 0.79944359375 0.8118168197115385 0.7685845216346153 0.40495265384615386 0.4356260817307692 0.40856481490384616
1 0.12257493509615386 0.42096560817307693 0.11172702644230768 0.723166735576923 0.40797412019230767 0.7264745745192307 0.42031776442307694 0.4181840072115385 0.12257493509615386 0.42096560817307693
13 0.5836640216346154 0.5336061514423076 0.5826719567307692 0.5301339278846154 0.5836640216346154 0.5256696418269231 0.5800264543269231 0.5147569447115384 0.5803571418269231 0.5130208341346154 0.5846560841346153 0.5100446418269231 0.5830026466346154 0.506076389423077 0.5808531754807692 0.5052083341346154 0.5752314807692308 0.5059523798076924 0.5699404759615384 0.5049603173076923 0.5553902115384616 0.498263889423077 0.5467923269230769 0.4957837307692308 0.5378637572115385 0.49652777884615384 0.5269510576923077 0.5014880961538462 0.5221560841346153 0.5068204374999999 0.5185185192307692 0.5207093245192308 0.5191798942307693 0.5308779759615384 0.5208333341346154 0.5336061514423076 0.5195105817307692 0.537822420673077 0.5224867716346154 0.5450148798076924 0.5205026466346154 0.5487351201923076 0.5211640216346154 0.5499751995192308 0.5229828052884615 0.5510912692307692 0.5262896826923077 0.5508432548076923 0.5282738100961539 0.5493551586538461 0.5494378317307692 0.5503472211538462 0.5547288365384616 0.5471230168269231 0.5616732812499999 0.5503472211538462 0.5702711634615384 0.5508432548076923 0.5752314807692308 0.5493551586538461 0.5785383605769231 0.5513392860576923 0.5813492067307693 0.5514632932692307 0.5846560841346153 0.5494791658653846 0.5843253966346154 0.5410466274038461 0.5816798942307693 0.537326389423077 0.5836640216346154 0.5336061514423076
4 0.6197089951923077 0.44680059615384615 0.6172288365384616 0.44419642788461544 0.6092923269230769 0.4444444447115385 0.6066468245192308 0.4459325408653846 0.5841600528846154 0.4446924591346154 0.5806878317307692 0.4463045625 0.579695766826923 0.4510168653846154 0.5806878317307692 0.4728422620192308 0.5834986778846154 0.4747023798076923 0.5919312163461539 0.474826389423077 0.5997023798076924 0.4737103173076923 0.6168981490384616 0.47346230048076926 0.6187169302884615 0.47209821394230767 0.6197089951923077 0.44680059615384615
15 0.49652777884615384 0.453125 0.48330026442307694 0.4568452379807692 0.47767857211538456 0.45957341346153846 0.4601521153846154 0.46403769951923074 0.4553571418269231 0.4668898798076923 0.45436507932692305 0.4706101201923077 0.4606481490384615 0.4708581346153846 0.5018187836538461 0.45957341346153846 0.5023148149038461 0.45473710336538464 0.50016534375 0.45337301682692305 0.49652777884615384 0.453125
15 0.5062830697115385 0.49739583413461536 0.5044642860576923 0.49553571394230767 0.50016534375 0.4950396826923077 0.46875 0.50049603125 0.46527777884615384 0.5018601201923076 0.46527777884615384 0.506076389423077 0.47089947115384617 0.50731646875 0.48396163942307696 0.5044642860576923 0.5034722211538462 0.5022321418269231 0.5059523798076924 0.5003720240384616 0.5062830697115385 0.49739583413461536
15 0.5087632283653846 0.5200892860576923 0.5044642860576923 0.5200892860576923 0.4899140216346154 0.5225694447115384 0.4568452379807692 0.5257936514423076 0.45436507932692305 0.5293898798076924 0.4553571418269231 0.5306299591346154 0.45816799038461536 0.5322420625000001 0.46428571394230767 0.5323660721153846 0.5024801586538461 0.5282738100961539 0.5087632283653846 0.5262896826923077 0.5145502644230769 0.521701389423077 0.5087632283653846 0.5200892860576923
14 0.5056216923076924 0.46639384855769234 0.49983465625 0.4615575408653846 0.4968584663461538 0.4610615072115385 0.4928902115384615 0.4627976201923077 0.4801587307692308 0.47631448317307695 0.47751322836538457 0.4835069447115385 0.4788359783653846 0.48747519951923074 0.48115079326923077 0.4892113100961539 0.4920634927884615 0.4849950408653846 0.49669312259615384 0.47780257932692305 0.5029761899038461 0.4725942451923077 0.5056216923076924 0.46639384855769234
14 0.4806547620192308 0.5915178581730769 0.4604828052884615 0.5902777788461538 0.45453042307692304 0.5885416658653846 0.44659391586538466 0.592013889423077 0.4446097884615385 0.594990079326923 0.43915343990384614 0.5963541658653846 0.4446097884615385 0.5974702379807693 0.4495701057692308 0.6011904759615384 0.4634589951923077 0.6011904759615384 0.4814814807692308 0.6035466274038461 0.4866071418269231 0.6009424591346154 0.4877645504807692 0.5990823413461539 0.4864417980769231 0.5951140865384615 0.4806547620192308 0.5915178581730769
8 0.9573412692307692 0.8418898798076923 0.9583333341346154 0.839409721153846 0.9583333341346154 0.8158482139423077 0.9540343918269231 0.7838541658653846 0.9523809519230769 0.7803819447115384 0.951719576923077 0.7687251995192308 0.9494047620192307 0.7642609134615385 0.9467592596153847 0.6972966274038461 0.9451058197115384 0.6945684519230769 0.9441137572115385 0.6826636899038461 0.9417989423076923 0.6752232139423077 0.9421296298076923 0.6705109134615385 0.9391534399038461 0.6608382932692307 0.9398148149038461 0.6543898798076923 0.938161375 0.646205358173077 0.9361772475961538 0.5958581346153846 0.9345238100961539 0.5923859134615385 0.9315476201923077 0.5675843245192308 0.9292328052884616 0.5581597211538462 0.9259259254807692 0.49193948317307695 0.9222883605769231 0.4716021826923077 0.9229497355769231 0.4666418653846154 0.919973545673077 0.4552331346153846 0.9212962956730769 0.45151289663461536 0.919642858173077 0.447048610576923 0.920304233173077 0.4430803581730769 0.9179894182692308 0.4393601201923077 0.9173280432692308 0.43117559615384615 0.9151785721153847 0.42832341346153846 0.9059193125 0.423611110576923 0.8989748677884616 0.42435515865384615 0.8943452379807693 0.42336309615384615 0.8824404759615384 0.42336309615384615 0.8735119038461538 0.4268353173076923 0.8650793653846154 0.4219990072115385 0.8630952379807693 0.4177827379807692 0.860615079326923 0.41567460336538464 0.8540013221153846 0.4149305552884615 0.7683531754807693 0.4149305552884615 0.764384920673077 0.41567460336538464 0.7619047620192307 0.41728670673076923 0.7585978846153847 0.4254712307692308 0.7551256610576923 0.42633928605769233 0.7442129639423077 0.42509920673076923 0.7094907403846153 0.42509920673076923 0.6800595240384616 0.42708333413461536 0.6789021153846153 0.43018353125 0.6792328052884616 0.4396081346153846 0.6775793653846154 0.44382440384615385 0.6789021153846153 0.45052083413461536 0.6782407403846153 0.4589533725961538 0.6795634927884616 0.4787946418269231 0.6812169302884615 0.4862351201923077 0.6805555552884616 0.4949156754807692 0.6822089951923077 0.5256696418269231 0.684193122596154 0.5328621033653846 0.6828703701923077 0.540302579326923 0.6855158725961539 0.5643601201923076 0.6855158725961539 0.5804811514423076 0.684193122596154 0.5849454374999999 0.6875 0.5899057548076923 0.6878306875 0.6075148798076924 0.6891534399038461 0.6112351201923076 0.6878306875 0.6152033725961539 0.6891534399038461 0.6196676586538461 0.6888227524038462 0.6553819447115384 0.6980820096153846 0.6667906754807693 0.6947751322115384 0.6747271826923077 0.6977513221153846 0.6786954375 0.6944444447115384 0.6821676586538461 0.6964285721153847 0.6871279759615384 0.6941137572115385 0.6903521826923077 0.6951058197115384 0.6943204375 0.6927910048076923 0.6977926586538461 0.6927910048076923 0.7020089278846153 0.6967592596153847 0.7059771826923077 0.6937830697115385 0.7136656754807693 0.6954365072115384 0.7176339278846153 0.6947751322115384 0.7258184519230769 0.6964285721153847 0.7330109134615385 0.6947751322115384 0.7369791658653846 0.6947751322115384 0.7449156754807693 0.6964285721153847 0.7491319447115384 0.6947751322115384 0.7575644831730769 0.6970899471153846 0.7674851201923077 0.6944444447115384 0.7726934519230769 0.6967592596153847 0.7764136899038461 0.6960978846153847 0.7808779759615384 0.6967592596153847 0.7890625 0.6984126995192308 0.7920386899038461 0.6977513221153846 0.7962549591346153 0.700892858173077 0.7993551586538461 0.7061838629807693 0.8000992067307693 0.7083333341346154 0.803447420673077 0.7058531754807693 0.8062996033653846 0.700727514423077 0.806919641826923 0.6984126995192308 0.8116319447115384 0.7000661370192307 0.8369295625 0.700892858173077 0.8380456346153846 0.7164351850961539 0.8410218245192307 0.732638889423077 0.840277778846154 0.736607141826923 0.8412698413461539 0.753472221153846 0.8407738100961539 0.7584325408653847 0.8417658725961539 0.7693452379807693 0.8417658725961539 0.7743055552884616 0.8407738100961539 0.7786044975961539 0.842013889423077 0.7958002644230769 0.8412698413461539 0.7997685192307693 0.8422619038461538 0.8169642860576923 0.841517858173077 0.8215939158653847 0.842509920673077 0.8255621682692307 0.8412698413461539 0.8321759254807692 0.842013889423077 0.8368055552884616 0.8407738100961539 0.8424272475961538 0.842509920673077 0.8477182548076924 0.8407738100961539 0.857969576923077 0.842013889423077 0.860945766826923 0.84325396875 0.8649140216346154 0.84325396875 0.8685515865384615 0.842013889423077 0.87450396875 0.84325396875 0.8854166658653846 0.8435019831730769 0.889054233173077 0.842013889423077 0.9022817451923076 0.84375 0.9262566129807692 0.8436259927884616 0.9297288365384616 0.84325396875 0.9310515865384615 0.842013889423077 0.9522156081730769 0.8435019831730769 0.9573412692307692 0.8418898798076923
15 0.4697971586538462 0.5358796298076923 0.46704724519230767 0.5432203149038461 0.5076048701923077 0.5498359903846154 0.5067231971153846 0.5452050120192308 0.4697971586538462 0.5358796298076923
10 0.5428723846153847 0.6093770841346153 0.580784920673077 0.6027614086538462 0.6328045144230768 0.5941610072115384 0.6645453317307692 0.5895300528846155 0.6777706490384615 0.5948225913461539 0.6839424350961539 0.5888684711538461 0.6698353774038461 0.5829143774038461 0.6389763028846154 0.5822527932692307 0.5878384495192308 0.590191610576923 0.5419907091346153 0.6007766850961539 0.4926161394230769 0.5908531682692307 0.47939081971153846 0.5809296538461538 0.4720017427884615 0.5887896826923077 0.48997111538461535 0.5981304302884616 0.5111316370192308 0.6067308052884616 0.5428723846153847 0.6093770841346153
10 0.6477931826923077 0.6001151274038462 0.6683751658653846 0.5994215841346153 0.6736653149038462 0.6019024639423077 0.6627818485576923 0.6073923629807692 0.6760071658653846 0.6093770841346153 0.6865875264423077 0.6007766850961539 0.6743265192307693 0.5924751153846154 0.6310411658653846 0.5941610072115384 0.6055549086538462 0.5979330408653847 0.5870394447115385 0.6004139206730769 0.5771204567307693 0.6019024639423077 0.5638951394230769 0.6048795096153846 0.5711690528846154 0.6053756778846154 0.5737313918269231 0.6047461057692307 0.6107623197115385 0.6020998245192307 0.6477931826923077 0.6001151274038462
10 0.44059661057692306 0.41504902403846156 0.40797412019230767 0.4031407860576923 0.36036296394230766 0.39850983173076926 0.32333210336538465 0.4011560745192308 0.28277447596153843 0.41041803365384616 0.24398019951923075 0.41901840865384615 0.20694933653846154 0.44349640625000003 0.1857888173076923 0.46665128846153847 0.17432684855769232 0.4924524134615385 0.16903673317307694 0.5341311995192307 0.18138037740384616 0.5685327019230769 0.20694933653846154 0.5949954086538461 0.24398019951923075 0.6141809326923077 0.28277447596153843 0.6221196995192309 0.31804199038461534 0.6234428413461538 0.3612447067307692 0.6373358028846153 0.39122203846153847 0.6413051490384615 0.3868135985576923 0.6340279639423076 0.3594812908653846 0.6287353774038462 0.32333210336538465 0.6181502788461538 0.2880645889423077 0.6148424399038461 0.24045343509615383 0.6035958100961538 0.21841123798076925 0.5863950336538462 0.19196060336538462 0.5639017475961539 0.1822620504807692 0.5328080600961539 0.18490714182692305 0.508991608173077 0.19196060336538462 0.4772363629807692 0.21929291346153848 0.45143525 0.2475069639423077 0.4296034951923077 0.28982793990384614 0.41571056971153847 0.32597719230769234 0.41041803365384616 0.36300805528846153 0.40777175240384617 0.4018023317307692 0.4097564639423077 0.43618817067307697 0.423649375 0.46175706490384616 0.43423446153846157 0.48997111538461535 0.4382038942307692 0.49966966826923076 0.44680424519230766 0.5116842836538461 0.47139550240384614 0.5076048701923077 0.4441579759615385 0.49702457692307694 0.4289419230769231 0.4767457980769231 0.4289419230769231 0.44059661057692306 0.41504902403846156
10 0.47321903365384616 0.5592707692307692 0.4494134879807692 0.5817640552884615 0.42296285336538464 0.5963185504807693 0.3832869014423077 0.6181502788461538 0.36300805528846153 0.639320451923077 0.3365574206730769 0.6671063509615384 0.3268588677884615 0.6915843100961538 0.3321489807692308 0.7180470192307692 0.3533095024038462 0.7392171658653847 0.3797601370192308 0.7570795240384616 0.41061921153846154 0.7709724350961539 0.4529401850961538 0.7822190673076924 0.5146583341346154 0.7888347427884616 0.5552160264423077 0.7828806754807692 0.5790215721153846 0.7835422307692308 0.6072356225961538 0.7875116274038461 0.6336862572115384 0.7967735865384615 0.660136891826923 0.7947888629807692 0.6654269375 0.7716339927884615 0.6839424350961539 0.7597258052884615 0.6689537692307692 0.7570795240384616 0.6539651033653846 0.7709724350961539 0.6486749230769231 0.7881731850961539 0.6222242884615384 0.7822190673076924 0.5816666610576923 0.7736187163461538 0.5508075889423076 0.7749418317307692 0.5031964326923076 0.7749418317307692 0.45646695192307696 0.7736187163461538 0.3982755673076923 0.7537716850961539 0.35683626682692304 0.7259858100961538 0.3392025096153847 0.7127544567307692 0.344492625 0.6829839086538462 0.3621263798076923 0.6571828341346154 0.38416857692307693 0.6313816346153847 0.3982755673076923 0.6168271634615384 0.4335430817307693 0.5989648317307692 0.4582303677884615 0.5863950336538462 0.48468100240384615 0.5625786057692308 0.49702457692307694 0.5420699927884616 0.5171957475961538 0.5333994711538461 0.5093682211538462 0.5275155240384616 0.4864443509615385 0.5414084350961539 0.47321903365384616 0.5592707692307692
10 0.6098807139423077 0.8179437331730769 0.6760073004807693 0.8100049399038463 0.700694451923077 0.8060355432692308 0.7033395408653846 0.7954504206730769 0.6865875264423077 0.7888347427884616 0.6777706490384615 0.7848653461538462 0.6848241778846155 0.796112028846154 0.6733622091346153 0.8020660985576923 0.62310603125 0.8080202163461538 0.5948919783653847 0.8106664975961538 0.5428723846153847 0.815297451923077 0.5076048701923077 0.8093433822115385 0.4864443509615385 0.796112028846154 0.46649027884615385 0.7847222235576923 0.48291758653846156 0.8073586586538462 0.5111316370192308 0.8199284567307692 0.560506141826923 0.8219131298076923 0.6098807139423077 0.8179437331730769
10 0.43706984615384614 0.7789112283653845 0.47586412259615385 0.7762649975961539 0.4952612283653846 0.7703108774038461 0.5190667716346155 0.7636951995192308 0.5437540576923077 0.7544332427884615 0.5596244663461538 0.7511254038461538 0.580784920673077 0.7524485192307692 0.6063538798076923 0.7544332427884615 0.637212954326923 0.7577410817307692 0.6689537692307692 0.7590641971153846 0.6865875264423077 0.7484791225961539 0.6901142235576923 0.7345862115384616 0.6795339975961538 0.7292936490384616 0.6795339975961538 0.7445097259615385 0.6627819831730769 0.7491406802884615 0.6363313485576924 0.7484791225961539 0.5948919783653847 0.7451712836538462 0.5525709375 0.7445097259615385 0.5225935384615384 0.7524485192307692 0.48997111538461535 0.7630336442307691 0.4476500721153846 0.7696493197115385 0.4450050504807692 0.761048920673077 0.46175706490384616 0.7478175649038461 0.4697971586538462 0.7375992067307693 0.4476500721153846 0.7438481682692307 0.43266140625 0.7617104783653846 0.43706984615384614 0.7789112283653845
10 0.5243569543269231 0.7861885120192308 0.5675596033653846 0.7842037908653846 0.5860751009615385 0.7822190673076924 0.6072356225961538 0.7782496706730769 0.6301594254807692 0.7789112283653845 0.667190420673077 0.7775881129807692 0.6874691346153846 0.7749418317307692 0.6804157379807693 0.7676645961538462 0.6477931826923077 0.7683261538461538 0.6142891514423077 0.7716339927884615 0.5869567764423077 0.7756033894230769 0.45911204086538465 0.7722955504807693 0.45326276682692307 0.763227514423077 0.4432416346153846 0.7683261538461538 0.46087538942307693 0.7828806754807692 0.5243569543269231 0.7861885120192308
10 0.4097375360576923 0.6141809326923077 0.4062107716346154 0.6333663557692308 0.41150088461538464 0.6565212259615384 0.43530643028846155 0.6737220024038462 0.45911204086538465 0.6862917475961539 0.4767457980769231 0.6948921490384615 0.5067231971153846 0.7094466177884615 0.5322920913461539 0.7193701346153846 0.5525709375 0.7279705336538461 0.5772582235576923 0.7319399302884615 0.6081172283653846 0.7339246538461539 0.6442664831730769 0.7372324927884615 0.6689537692307692 0.7464944495192308 0.6804157379807693 0.7451712836538462 0.6707171177884615 0.735909326923077 0.6380946971153846 0.7306168149038462 0.5948919783653847 0.7259858100961538 0.5596244663461538 0.7226779735576923 0.5225935384615384 0.7061387788461538 0.49349787980769233 0.694230591346154 0.4679289182692308 0.6770298413461538 0.43706984615384614 0.6684294399038462 0.4185544158653846 0.6452745697115384 0.4185544158653846 0.6227812572115384 0.424726201923077 0.6016110865384615 0.4150276490384615 0.5771331009615385 0.39814812740384614 0.5573743389423077 0.40797412019230767 0.5777946586538462 0.41061921153846154 0.5969801322115385 0.4097375360576923 0.6141809326923077
10 0.34537429807692305 0.6075652067307693 0.3497827379807692 0.6313816346153847 0.3612447067307692 0.6485824086538461 0.38945868990384613 0.6843070745192308 0.40797412019230767 0.6948921490384615 0.43177973317307694 0.7120928990384615 0.4705739423076923 0.7273089759615385 0.5093682211538462 0.7352477692307692 0.5437540576923077 0.7418634471153845 0.5781398966346154 0.7511254038461538 0.6072356225961538 0.7517869615384616 0.6345678653846154 0.7478175649038461 0.6522016201923078 0.7385556081730769 0.6619002403846154 0.7279705336538461 0.6812973461538461 0.7220164158653847 0.6795339975961538 0.7167239038461539 0.6689537692307692 0.7173854615384615 0.6504382716346153 0.7292936490384616 0.6380946971153846 0.7365709350961538 0.6072356225961538 0.7431866129807693 0.580784920673077 0.7438481682692307 0.5534526105769231 0.7392171658653847 0.5128949855769231 0.7286320913461538 0.4890894399038462 0.7240011370192309 0.4582303677884615 0.7147391802884615 0.4291346418269231 0.6988615456730769 0.4044473557692308 0.6829839086538462 0.38857701442307696 0.6684294399038462 0.37182493269230765 0.6479208269230768 0.3612447067307692 0.6313816346153847 0.3577179423076923 0.6141809326923077 0.36036296394230766 0.5983032475961538 0.38505025 0.5824256370192308 0.4018023317307692 0.5705174254807692 0.3938671298076923 0.5579476274038462 0.39373895673076925 0.5557208990384616 0.38857701442307696 0.5685327019230769 0.36653481971153845 0.5817640552884615 0.3577179423076923 0.5910260120192308 0.34537429807692305 0.6075652067307693
10 0.36300805528846153 0.683645516826923 0.37711504567307697 0.7021693846153846 0.4123825600961538 0.7167239038461539 0.43177973317307694 0.7154007379807692 0.4873260240384615 0.7147391802884615 0.5243569543269231 0.7200317427884616 0.5675596033653846 0.7173854615384615 0.5975370024038461 0.7140776225961538 0.6328045144230768 0.7167239038461539 0.6548467115384615 0.7094466177884615 0.6786522548076923 0.6935690336538461 0.6901142235576923 0.6757066754807692 0.6945226634615385 0.6644600192307692 0.6795339975961538 0.6558596442307691 0.6715988605769231 0.6611521802884616 0.6804157379807693 0.6704141634615385 0.6760073004807693 0.6803376802884615 0.660136891826923 0.6909227524038462 0.6363313485576924 0.7054772211538461 0.6054722740384615 0.7061387788461538 0.5825483365384615 0.7061387788461538 0.5490441730769231 0.7094466177884615 0.5225935384615384 0.7101082259615384 0.49966966826923076 0.7094466177884615 0.4679289182692308 0.7074619447115384 0.4397148677884615 0.7061387788461538 0.41150088461538464 0.7041541057692308 0.39298545432692306 0.6955537067307692 0.37711504567307697 0.6829839086538462 0.37623337259615386 0.6684294399038462 0.38932978605769236 0.6425264567307691 0.3815234855769231 0.6459361274038462 0.3815234855769231 0.6512286658653846 0.3674164951923077 0.6637985120192307 0.36300805528846153 0.683645516826923
10 0.5243569543269231 0.6948921490384615 0.5622694903846154 0.6862917475961539 0.5966553293269231 0.6816607956730769 0.6160525000000001 0.6651216009615385 0.6389763028846154 0.6532133870192307 0.6522016201923078 0.6333663557692308 0.6539651033653846 0.6267506802884615 0.6777706490384615 0.6221196995192309 0.6751255576923078 0.6161655817307692 0.6574918004807693 0.6174887716346155 0.6380946971153846 0.6221196995192309 0.6389763028846154 0.6300585192307693 0.6363313485576924 0.639320451923077 0.6204609399038462 0.6518902475961539 0.5993004182692308 0.6598290649038462 0.5772582235576923 0.6717372788461538 0.54551740625 0.6790145144230769 0.5208301899038461 0.6843070745192308 0.4864443509615385 0.6862917475961539 0.45382192788461534 0.6869533557692308 0.4308979903846154 0.6869533557692308 0.3973938942307692 0.6829839086538462 0.3824051610576923 0.6809992379807692 0.35846558894230773 0.6888227524038462 0.37799672115384614 0.6909227524038462 0.42296285336538464 0.6929074254807692 0.47762747115384613 0.6955537067307692 0.5243569543269231 0.6948921490384615
10 0.5058414543269231 0.6750451177884614 0.5402272932692308 0.6717372788461538 0.5737314591346154 0.6604906730769231 0.5975370024038461 0.6532133870192307 0.6310411658653846 0.6472593197115385 0.6548467115384615 0.6360126129807693 0.6680720288461538 0.6307201274038461 0.67688890625 0.6346894711538462 0.6812973461538461 0.628073795673077 0.6698353774038461 0.6207966105769231 0.6513200144230769 0.628073795673077 0.621342548076923 0.6366741947115385 0.5878384495192308 0.6472593197115385 0.5543342860576923 0.6525518052884615 0.5287653918269231 0.6585059254807692 0.4917344639423077 0.6677678581730769 0.46175706490384616 0.6730603942307692 0.42648955048076925 0.6750451177884614 0.39704583413461536 0.6615410048076923 0.3956304783653846 0.6704141634615385 0.42296285336538464 0.6816607956730769 0.46881059375 0.6809992379807692 0.5058414543269231 0.6750451177884614
10 0.6037087908653846 0.6472593197115385 0.5622694903846154 0.6525518052884615 0.5181850985576923 0.6571828341346154 0.48291758653846156 0.6598290649038462 0.4458867235576923 0.6690909975961539 0.39474880288461534 0.6829839086538462 0.3497827379807692 0.6968768725961538 0.30217158173076925 0.7101082259615384 0.30569834615384617 0.7041541057692308 0.31451522596153847 0.6955537067307692 0.3189236634615385 0.6869533557692308 0.29335470432692307 0.6981999879807692 0.28453782451923076 0.7120928990384615 0.2951181201923077 0.7193701346153846 0.3277405408653846 0.7094466177884615 0.3594812908653846 0.7008462692307693 0.3903403629807692 0.6915843100961538 0.4291346418269231 0.6796760721153846 0.45646695192307696 0.6730603942307692 0.4785091466346154 0.6684294399038462 0.519948514423077 0.6657831586538462 0.5569793774038462 0.6631369038461539 0.60018209375 0.6551980865384616 0.6345678653846154 0.6551980865384616 0.6627819831730769 0.6532133870192307 0.6812973461538461 0.6512286658653846 0.6792327836538461 0.6367394182692308 0.6619002403846154 0.6432898725961539 0.6389763028846154 0.6459361274038462 0.6037087908653846 0.6472593197115385
6 0.43530643028846155 0.7529372836538462 0.42648955048076925 0.7139047788461539 0.3832869014423077 0.6854573725961538 0.3418475336538461 0.6808263942307692 0.30217158173076925 0.6828111418269232 0.2395717596153846 0.6947193052884616 0.20959436057692307 0.705965985576923 0.17256349759615386 0.7139047788461539 0.1681809783653846 0.7156585841346155 0.1734451730769231 0.7225051778846154 0.17462953125000003 0.7237147620192308 0.1611270408653846 0.7287805072115384 0.17432684855769232 0.7469831634615385 0.22987320673076922 0.7853541105769231 0.3153968990384615 0.8012316971153847 0.38593192548076927 0.7913081802884616 0.43530643028846155 0.7529372836538462
6 0.32333210336538465 0.3857671923076923 0.36917984374999996 0.37055112740384616 0.40532909855769234 0.3811362139423077 0.4547036033653846 0.4075989206730769 0.4609788149038462 0.40360449759615386 0.4070924471153846 0.3724004423076923 0.36917984374999996 0.36313849759615385 0.3118701346153846 0.3803392740384615 0.2739575985576923 0.42267959134615385 0.2413351081730769 0.46237365384615386 0.21223945192307692 0.5020677163461539 0.1769719375 0.5497006466346154 0.14982009375 0.5923568846153846 0.16260412740384614 0.6051467283653846 0.17961696153846154 0.5617442043269231 0.22193800240384617 0.5094803461538462 0.2554421682692308 0.465816875 0.2889462644230769 0.4109067596153846 0.32333210336538465 0.3857671923076923