4 0.31045725721153844 0.4174429495192308 0.3064404206730769 0.41848139663461537 0.2994919663461538 0.4183141514423077 0.29495277403846154 0.4199785408653846 0.2937578533653846 0.4492503557692308 0.2991088533653846 0.4520396153846154 0.31020438221153845 0.4520347211538462 0.3410310721153846 0.4514287235576923 0.34211629326923076 0.4491845817307692 0.34256748076923077 0.4219049927884615 0.3419756442307692 0.4201762259615384 0.3385824278846154 0.41810807211538464 0.31045725721153844 0.4174429495192308
13 0.38618926923076924 0.5013617692307692 0.38981398798076927 0.5018155673076923 0.3977970264423077 0.500979 0.41066946875000004 0.5020692307692308 0.4272780168269231 0.5008845336538461 0.43388498557692307 0.5013036899038462 0.4385645432692308 0.5002575456730769 0.44277097115384617 0.5026881754807693 0.44724940625000004 0.5025121826923077 0.45542344471153845 0.5010535264423077 0.45835646394230767 0.49816805048076923 0.46107935576923076 0.46391951442307694 0.45944843028846155 0.4470779519230769 0.4566976850961538 0.44549823317307696 0.3884373365384616 0.4462910600961539 0.3868905192307693 0.4476727451923077 0.3873507139423077 0.45262637259615385 0.38625536538461536 0.45511857932692307 0.37706558653846156 0.46117608653846154 0.3710071394230769 0.4716602956730769 0.3708349903846154 0.475877420673077 0.37416604086538463 0.4835251394230769 0.3841243100961539 0.4910958846153846 0.3852877307692308 0.49504954807692303 0.3831881730769231 0.49780137019230775 0.3834385216346154 0.4997820528846154 0.38618926923076924 0.5013617692307692
14 0.35237189663461543 0.5265494134615385 0.3279856418269231 0.515427016826923 0.32545627403846156 0.5124810120192308 0.3117301153846154 0.5120205673076923 0.3110949591346154 0.5194664038461538 0.3129211009615384 0.5234123701923077 0.31500912499999995 0.5249997860576923 0.3316351177884615 0.5315012908653846 0.33869214903846157 0.5371221442307692 0.3436018028846154 0.5385528100961539 0.35038963701923076 0.5385979447115384 0.3538942451923077 0.5379373701923077 0.35581293028846156 0.5355595721153846 0.3559952043269231 0.5310943798076923 0.35237189663461543 0.5265494134615385
15 0.30165483173076924 0.5235432235576923 0.3108057956730769 0.5427769326923078 0.3122398173076923 0.5482151466346153 0.3181103653846154 0.5585608052884615 0.3268647091346154 0.5631701490384615 0.32925512019230774 0.5614067427884616 0.3285547019230769 0.5542243701923076 0.3190622524038461 0.5352425769230769 0.3121801802884615 0.5172222596153846 0.30331304086538463 0.5194328125 0.30176622355769234 0.5208145 0.30165483173076924 0.5235432235576923
15 0.3677880528846154 0.5180640817307692 0.3676057764423077 0.5225292716346154 0.3735415841346154 0.5475031418269231 0.37622144471153846 0.5508193221153846 0.3803280144230769 0.5516394447115385 0.3846863365384615 0.5503490817307692 0.3855414615384615 0.545628125 0.3816793341346154 0.5347632427884615 0.3790441971153846 0.5181812908653846 0.37666531971153844 0.5156054591346154 0.3740346826923077 0.5151401177884616 0.3677880528846154 0.5180640817307692
15 0.40785234375 0.5183425865384615 0.4128998341346154 0.5569639495192308 0.4161020528846154 0.5596541923076923 0.41991776682692306 0.5594858990384616 0.42254980528846153 0.5558600721153846 0.4216626129807692 0.53702628125 0.4185267764423077 0.51648296875 0.41761370432692313 0.5145099807692307 0.4116404855769231 0.51073615625 0.4083862307692308 0.5133774134615384 0.40785234375 0.5183425865384615
14 0.5336119615384616 0.5369657596153846 0.5322285721153845 0.5302872115384616 0.5265765889423076 0.5267576033653846 0.5215656682692308 0.5278075985576923 0.5145753052884615 0.5327237884615385 0.5137404350961539 0.5369486129807692 0.5147620841346154 0.5443752043269231 0.5102996850961539 0.5563285673076923 0.5111519975961538 0.5597899495192308 0.5140127283653846 0.5627321057692307 0.5208599158653846 0.5653800120192307 0.5264235745192308 0.5629598822115385 0.5296879567307692 0.5600705552884615 0.5298021586538462 0.5491594903846153 0.5336119615384616 0.5369657596153846
8 0.5484750745192307 0.3554186995192307 0.5544193197115385 0.35584555528846157 0.5598426105769231 0.35280718028846153 0.5702740072115385 0.35690115144230766 0.5803768581730769 0.3528166298076923 0.5888707235576923 0.3556933581730769 0.5925156947115384 0.35565102403846155 0.5954892211538462 0.35177328365384614 0.5965063701923077 0.34308326923076926 0.60212065625 0.33942280288461535 0.604780264423077 0.3432351153846154 0.6039251394230769 0.34795607211538465 0.6055805408653846 0.35202799759615383 0.6098679807692308 0.3524740985576923 0.6152102596153847 0.3514202524038461 0.6153736899038461 0.34336002403846155 0.6179956009615384 0.3399822668269231 0.6233277548076923 0.3391764855769231 0.6259974903846154 0.3427407355769231 0.6251524903846154 0.34721362499999997 0.6263159110576922 0.35116728846153844 0.6284241875000001 0.35225856971153846 0.6342888269230769 0.35057878846153845 0.6353943004807692 0.34783851201923077 0.6349341081730769 0.3428848846153846 0.6385906081730769 0.3385033149038461 0.6438923846153847 0.33844173798076926 0.6453278124999999 0.33978878125 0.6482161105769231 0.3501690769230769 0.6496717908653846 0.3510199903846154 0.6555769350961539 0.34834794230769234 0.65579971875 0.34289048557692303 0.6582711394230769 0.33914255048076924 0.6608019158653846 0.33799738701923077 0.6658519375 0.3400462932692308 0.6670457331730769 0.3432557596153846 0.6652471586538462 0.3467479326923077 0.6683481129807693 0.3519188365384615 0.6718020865384615 0.3524985913461538 0.6803277379807693 0.35053995192307696 0.6773381778846154 0.34264031971153847 0.6794984879807693 0.3384001033653846 0.6813665432692309 0.3372626346153846 0.6866871634615385 0.34079609375 0.6868970096153847 0.3437690408653846 0.6834720072115386 0.34653625721153847 0.6863934975961539 0.3479900144230769 0.6882095120192309 0.3521840480769231 0.6906491514423077 0.35327148076923076 0.7005407524038462 0.3503051826923077 0.6972299567307693 0.34216133173076924 0.6997418846153847 0.33742113221153847 0.7019514254807693 0.3360317548076923 0.7047122980769231 0.3373634038461538 0.7081749903846154 0.3417862596153846 0.7046689807692308 0.3465380048076923 0.70758034375 0.3482398293269231 0.7102500769230768 0.3518040769230769 0.7132221995192308 0.35201750721153846 0.7207638942307693 0.34982235096153846 0.7184269254807693 0.3421630841346154 0.7202862596153847 0.337182516826923 0.7234898846153845 0.33578158894230764 0.7259193966346154 0.33711708653846156 0.7290608533653846 0.34129572836538463 0.7262175649038463 0.3460397764423077 0.7308248317307692 0.35082126201923075 0.7341181875 0.35127890865384614 0.73967171875 0.34910683894230765 0.7401347235576924 0.34587813221153846 0.7383187067307693 0.34168409375 0.7408812668269231 0.3357035673076923 0.743442423076923 0.33381420432692305 0.74653465625 0.3351420072115384 0.7499264663461538 0.3413013269230769 0.7477560240384615 0.3457896105769231 0.7517208221153846 0.3500826610576923 0.754009971153846 0.35079991826923074 0.7598644783653847 0.3493682043269231 0.7607122908653847 0.3367129759615385 0.7626208509615384 0.3345832451923077 0.7649606274038461 0.3340601730769231 0.7677012475961539 0.3358879543269231 0.7697979903846155 0.34131846875 0.7692438485576923 0.34677977884615385 0.7722753245192308 0.34959597836538464 0.7752373173076923 0.35005747115384617 0.7789126682692308 0.3492709375 0.7801483774038461 0.34739697115384616 0.7816589110576923 0.3347340456730769 0.7855961418269231 0.3315889567307692 0.788999483173077 0.33340904326923076 0.7894669903846154 0.3462969423076923 0.7928298245192308 0.3491092932692308 0.7967859014423078 0.3495592403846154 0.8003006370192308 0.3486505985576923 0.8021020216346154 0.3369760889423077 0.8009979543269231 0.33562519471153845 0.7929758124999999 0.33336286057692305 0.7962705745192308 0.32972933653846154 0.8081185552884615 0.3315753125 0.8105075625 0.33390307692307697 0.8134667451923078 0.3425469110576923 0.8155750216346154 0.34363818990384615 0.8169004663461539 0.3436227956730769 0.8191505096153846 0.3412411514423077 0.8198059206730769 0.3332991826923077 0.8229994158653846 0.3321463221153846 0.8295760048076922 0.33330968028846153 0.8328086009615384 0.3352557211538461 0.8371871778846154 0.3334692235576923 0.8434729062499999 0.33364416826923077 0.8509726923076923 0.33653244230769236 0.8513026466346154 0.3406197620192308 0.8567838846153847 0.34427532932692306 0.8580977956730769 0.34859916826923076 0.8631390961538461 0.3468049735576923 0.8680183701923077 0.34897984134615384 0.8869363221153846 0.34801626682692305 0.8915666538461539 0.3441192836538462 0.8944256899038462 0.32276249278846153 0.8926805600961539 0.3168319951923077 0.89511090625 0.2572960961538462 0.8940284975961539 0.25135789903846156 0.8954276370192308 0.2414237019230769 0.894365483173077 0.234989375 0.8955722211538462 0.2297684375 0.8953854399038461 0.21811702163461538 0.8969134134615384 0.21314030048076923 0.8956414134615385 0.20373302884615382 0.8970304278846153 0.19404689903846156 0.8959075120192307 0.18910096875000001 0.8977972235576923 0.1833762019230769 0.8978765456730768 0.15709272596153845 0.8996070480769232 0.14715468028846154 0.8982337836538462 0.14022806971153845 0.8918684447115385 0.13794648798076922 0.8772581875000001 0.13886002884615384 0.8732312235576922 0.14014654567307694 0.8294814591346154 0.14090263701923075 0.7461883581730769 0.1448454519230769 0.7112840721153847 0.1479782908653846 0.5842209519230769 0.15317332932692307 0.5400689399038462 0.1556697355769231 0.5141215288461539 0.15845059375 0.30779226682692307 0.16630193509615385 0.3004719495192308 0.1671308028846154 0.2854189375 0.17077692067307693 0.2820937980769231 0.17515464423076924 0.28129661778846154 0.1865695408653846 0.27851408653846155 0.18982519230769232 0.27782830288461535 0.1985113581730769 0.28317930288461535 0.20130061778846153 0.28858234134615385 0.19875837500000001 0.2959012548076923 0.2020206754807692 0.29441378846153843 0.2060051298076923 0.29527622836538464 0.20921844471153847 0.29327512259615385 0.21767193990384615 0.29375556971153843 0.2221294375 0.2916458870192308 0.2251293221153846 0.29313054086538465 0.22932720432692305 0.2922666995192308 0.23020506009615385 0.28928444711538465 0.2302396971153846 0.2883308701923077 0.2292589783653846 0.28601134615384616 0.22928591826923078 0.28598096634615383 0.23003011778846152 0.28877221875000003 0.2306175673076923 0.28865070192307696 0.2335943653846154 0.2861300504807692 0.2344914615384615 0.2808296826923077 0.23046187259615386 0.2797762475961539 0.2278706466346154 0.27314903125 0.2279476201923077 0.2714112139423077 0.2299513918269231 0.2698961778846154 0.22649770913461537 0.2660703389423077 0.2269140673076923 0.26257052163461536 0.2720813701923077 0.26329118990384615 0.27876761057692306 0.2671561298076923 0.28145015624999997 0.2638121418269231 0.28223284375 0.2625547716346154 0.28869411057692307 0.2635373245192308 0.29302180048076926 0.2698534326923077 0.29245254086538464 0.2721844903846154 0.2880863653846154 0.27111080288461537 0.28599127403846153 0.2673558485576923 0.2846711682692308 0.26776821875 0.2826827908653846 0.27406548317307694 0.2785184975961539 0.2799996009615385 0.2791934182692308 0.2832538581730769 0.2765521610576923 0.2837472403846154 0.2725792524038461 0.28494244471153846 0.2716975504807692 0.2870608485576923 0.27254076442307695 0.2863953149038462 0.28073080048076926 0.28234809855769233 0.28251344951923074 0.28186484134615386 0.2862382932692308 0.2846763461538461 0.2863296105769231 0.28742709375 0.2879093269230769 0.2872448173076923 0.2923745216346154 0.2834479495192308 0.2961378509615385 0.28428000961538463 0.3000953629807692 0.28284317548076926 0.30283948798076926 0.2804730168269231 0.30410675721153846 0.2809838389423077 0.30782005528846157 0.27584127884615384 0.31209491105769227 0.2789928653846154 0.31602548317307694 0.27387055528846155 0.31980420913461544 0.27537546153846154 0.32350595913461533 0.2735465096153846 0.3277423269230769 0.27669809615384616 0.3316729014423077 0.27331360096153845 0.33344785336538457 0.272198 0.33643619230769234 0.2773681298076923 0.33959947596153844 0.2725178293269231 0.3407715793269231 0.2705890168269231 0.3433974423076923 0.27148914903846155 0.35380083173076926 0.27573608173076924 0.3552391947115385 0.27424861538461537 0.35922364903846155 0.2815067692307692 0.36397434615384616 0.29442984615384615 0.36382425 0.30298447115384614 0.3652125793269231 0.3084569879807692 0.36502504326923074 0.44059038221153846 0.3613827788461539 0.4532226009615385 0.36024426442307694 0.46015080048076923 0.36090764182692303 0.4654930793269231 0.3598537980769231 0.5076467980769231 0.3576285528846154 0.510860548076923 0.3559795600961539 0.5125302908653846 0.34752991105769226 0.5185366995192308 0.3423772019230769 0.5232263822115384 0.34108298798076925 0.5278944086538462 0.3443760769230769 0.5277323870192308 0.34834513701923076 0.533313485576923 0.35361120913461536 0.5365272355769231 0.3519622163461538 0.5390999206730769 0.3457336201923077 0.5442512043269231 0.3453018653846154 0.5459471105769231 0.3483815264423077 0.5434756875 0.35212945913461535 0.5484750745192307 0.3554186995192307
10 0.8180177548076923 0.3649334014423077 0.8216728557692308 0.3646430024038461 0.8260514302884616 0.36285650240384615 0.8319565745192308 0.3601844543269231 0.8373812716346154 0.3530549134615385 0.8419595649038462 0.3544894278846154 0.843966576923077 0.35806137259615384 0.8491715889423077 0.37659706490384615 0.8535417307692307 0.39935758173076924 0.8608091778846153 0.4647316105769231 0.8604721923076923 0.4811001346153846 0.8573554903846153 0.4925419735576923 0.8544818245192308 0.49803021875 0.8332865408653846 0.5223274134615384 0.8230723028846154 0.5291406658653846 0.8256624302884615 0.5305982716346154 0.8405446947115384 0.5270781105769231 0.8574989519230769 0.5133679879807692 0.8681081249999999 0.49688015865384616 0.8721407115384616 0.47922896875 0.8722982307692307 0.4591432980769231 0.8660985649038462 0.38383892307692313 0.8609644350961538 0.36356676682692307 0.8570415480769231 0.35419028124999996 0.8485910024038461 0.34213894951923074 0.8433007596153845 0.33786129086538463 0.8379989831730769 0.3379228701923077 0.8368037788461538 0.33880457451923074 0.8248489110576924 0.35580393269230765 0.8209116778846154 0.35894902163461534 0.8145550649038462 0.36051054567307694 0.8142830552884616 0.36311716586538456 0.8150456370192308 0.3647199735576923 0.8180177548076923 0.3649334014423077
10 0.8157710913461538 0.41591293990384615 0.8192568533653847 0.41165732932692306 0.819418875 0.4076882668269231 0.8228945072115385 0.4036807211538462 0.8240607379807692 0.3994520480769231 0.8278474783653846 0.3959367860576923 0.8280095024038462 0.39196772355769227 0.8315053870192308 0.38746404567307696 0.8309844350961538 0.3839988173076923 0.8256739399038462 0.38021729326923076 0.8204531778846154 0.3782943413461538 0.8099075745192308 0.3851114375 0.8056606442307692 0.38367307211538465 0.8008305961538462 0.3843490480769231 0.8014919110576924 0.3884325168269231 0.8140228653846153 0.3897746634615385 0.816753358173077 0.39185051682692307 0.8139201947115384 0.3963464951923077 0.8130751971153847 0.4008193846153846 0.8085447235576922 0.40632687740384615 0.8013099182692307 0.421287826923077 0.7963209447115385 0.4461406346153846 0.7971198125 0.45902468269230773 0.7986348461538462 0.4624783677884615 0.7994787259615385 0.4904867620192308 0.8009937572115385 0.4939404495192308 0.7998275264423077 0.49816912019230764 0.8010010745192309 0.50187471875 0.7991794350961539 0.5140453605769231 0.8006742163461538 0.5179951754807692 0.8000261225961538 0.5338714158653846 0.7962466971153846 0.5453209495192307 0.7883390432692308 0.5605376610576923 0.7878557884615385 0.5642625048076924 0.7843295240384616 0.5695103822115384 0.7652820600961537 0.5992674711538462 0.7330366057692307 0.6320500096153846 0.6820568653846154 0.6478540552884616 0.6345378197115384 0.6437762788461538 0.5635509254807692 0.6088857956730769 0.49640294711538463 0.5448496538461538 0.4451689278846154 0.5236189134615384 0.42913907692307696 0.5052862163461538 0.42575928846153843 0.5231829471153846 0.47685831730769235 0.5477221971153846 0.5621002764423078 0.6227917908653846 0.6357646586538461 0.6569898004807692 0.6807141346153845 0.6591132572115386 0.7137541057692308 0.6501314639423076 0.7474463677884615 0.6332896490384615 0.7524876658653846 0.6314954543269231 0.7619089423076922 0.62382359375 0.7764336875000001 0.6087779759615385 0.7845916899038462 0.5955419447115384 0.7919148221153847 0.5865307379807693 0.8042241153846154 0.5608490576923078 0.8116715769230769 0.54067871875 0.8141328725961539 0.5371788509615384 0.81395621875 0.5252793677884615 0.8157851754807692 0.5210429975961538 0.8166560480769232 0.4997093004807692 0.8104653870192308 0.4566381394230769 0.8106127788461539 0.4368005408653846 0.8157710913461538 0.41591293990384615
10 0.7866819158653846 0.5524582403846154 0.7826940528846154 0.55684365625 0.7702919278846154 0.5604589879807692 0.7671679086538461 0.5639665528846154 0.7628298389423077 0.5647607836538462 0.7421695697115385 0.5516115240384616 0.7373915576923077 0.5469559951923076 0.7317989302884615 0.5460291586538462 0.7271989759615385 0.5491819423076924 0.7315949951923078 0.5550816514423077 0.7563858245192308 0.5631980336538461 0.767635420673077 0.5768544543269231 0.7825581899038461 0.5723420264423077 0.7823483485576923 0.5693690817307693 0.7784226490384616 0.5681749326923077 0.7841165432692307 0.566621108173077 0.7941338798076922 0.5484045096153847 0.7974705504807692 0.5396875528846153 0.7974024783653846 0.5332416778846154 0.79349984375 0.5233690600961538 0.7897057908653846 0.5189500528846154 0.7732778221153846 0.49137061298076923 0.7656520192307692 0.4753425264423077 0.7624765072115385 0.4220663581730769 0.75461584375 0.47795019471153843 0.7547649326923077 0.48241153365384615 0.758778954326923 0.48955542548076925 0.7611159230769231 0.49721468990384615 0.7699282115384616 0.5085179735576923 0.7717037211538462 0.5137042716346154 0.7800935120192308 0.527244 0.7840164014423077 0.5366204855769231 0.7866819158653846 0.5524582403846154
10 0.7284883629807692 0.3920313846153846 0.7454899350961538 0.3959016081730769 0.7533458341346153 0.41440650961538467 0.7524518966346154 0.4444186778846154 0.7492744350961539 0.4573489110576923 0.7376278629807692 0.4830228918269231 0.7338281850961538 0.49496856009615386 0.7192790384615384 0.5257426322115385 0.7030713485576924 0.5550319759615385 0.6773073725961538 0.5804639735576923 0.6302048149038462 0.6094507524038462 0.5387119759615385 0.64424421875 0.4834656514423077 0.6131392548076924 0.46911385336538464 0.6185970528846153 0.5346648076923077 0.6568576634615385 0.5963273461538462 0.6389453293269232 0.6741735504807692 0.5976926201923077 0.6856829975961538 0.5916103004807692 0.7175071153846153 0.5528762860576923 0.7292595288461539 0.5408386370192309 0.7405105360576923 0.5097678629807693 0.7591516899038461 0.4669041875 0.765243326923077 0.44749344230769234 0.7666857860576923 0.4283846394230769 0.7662385288461538 0.41500061057692306 0.7645237812500001 0.4083259110576923 0.7587950024038462 0.39450732451923076 0.746167002403846 0.38337233413461536 0.7441687091346154 0.3836434951923077 0.7407335817307692 0.38665877644230773 0.7193935192307692 0.3660117019230769 0.7052037259615385 0.36749929567307693 0.7284883629807692 0.3920313846153846
10 0.5378521514423077 0.5872500817307692 0.5406116177884616 0.5926728990384615 0.5481910072115385 0.5976678149038461 0.5864581274038462 0.5973473245192308 0.5976144134615384 0.59585403125 0.6086809663461539 0.5925021610576923 0.622509798076923 0.5863907740384615 0.6289980600961538 0.5816043918269231 0.6377957163461538 0.5770391346153846 0.6427574086538462 0.5731383028846154 0.7289582427884616 0.46713521874999997 0.7481103389423077 0.3657203581730769 0.7026079927884615 0.4852987620192308 0.6434180288461538 0.5508023197115385 0.6331710072115384 0.5645714423076923 0.6233879855769231 0.5729913509615385 0.613194 0.5793084663461538 0.599395545673077 0.5846756538461538 0.5867025673076923 0.5873025673076924 0.5750846850961538 0.5879334038461539 0.5453330889423077 0.5865433221153846 0.5378521514423077 0.5872500817307692
10 0.6079397379807692 0.41188018990384617 0.6009462764423077 0.39658860336538465 0.5896133365384615 0.3861824134615385 0.5855965000000001 0.38722086538461536 0.5829847139423077 0.3903505552884615 0.5837965216346154 0.3948042043269231 0.5928794134615385 0.40759203846153846 0.6030216466346153 0.43499653605769234 0.6154429038461539 0.46336636057692304 0.6207924975961538 0.47024678605769227 0.62250725 0.4769214831730769 0.6264329495192308 0.47811562980769234 0.6279074759615385 0.4825615793269231 0.6273285769230769 0.4724024086538462 0.6199486201923077 0.4422383918269231 0.6079397379807692 0.41188018990384617
10 0.6110001850961538 0.41804336057692304 0.6149939567307693 0.4256833798076923 0.6211424206730769 0.4454478581730769 0.6213291971153846 0.4570992764423077 0.6255024350961539 0.46845644230769234 0.6230006322115386 0.4729485745192308 0.6280607788461539 0.4747494158653846 0.6294860817307693 0.47634452884615386 0.6256588341346153 0.4808520576923077 0.6308233437499999 0.5003800144230769 0.6333324591346153 0.5038221538461538 0.6295254663461538 0.5078335456730769 0.6343338581730769 0.511744875 0.637323420673077 0.5196445096153846 0.6368300360576923 0.5236174206730769 0.6390077932692309 0.52706340625 0.6388356418269231 0.53128053125 0.7102495625 0.6871091322115385 0.7191924302884616 0.6843596971153846 0.6673495144230769 0.5698802572115385 0.6459562475961539 0.5272306490384615 0.6487691538461539 0.5232307980769231 0.645478610576923 0.5145908173076923 0.6459343004807692 0.5034278341346154 0.6417711899038461 0.49182260336538464 0.6379146850961538 0.4645930456730769 0.6334202163461539 0.45299166105769234 0.6319079927884614 0.4413556418269231 0.6278967788461538 0.4260294158653846 0.6230810721153847 0.4141838125 0.6229522427884615 0.4092263365384615 0.6201826490384617 0.40405158413461534 0.6152136418269231 0.4000181466346154 0.6119998894230769 0.4016671394230769 0.6105630576923077 0.4044112620192308 0.6116555913461539 0.41010138942307695 0.6110001850961538 0.41804336057692304
10 0.3087410336538462 0.5216843197115385 0.31059896153846156 0.520794920673077 0.30995789903846155 0.5162153173076923 0.2984311538461539 0.5146135552884615 0.28544731971153847 0.5162520528846154 0.27203085817307693 0.5203750625 0.265050625 0.5250431850961539 0.2632087307692308 0.5377099591346154 0.2603148100961538 0.5436943365384616 0.2538164230769231 0.5487287860576923 0.2533129134615385 0.5529497620192307 0.2485219639423077 0.5567246370192308 0.24637177403846153 0.5607167884615385 0.21299753124999998 0.6083276706730769 0.20587895192307692 0.6745491899038462 0.2303496298076923 0.7456949302884616 0.2972624158653846 0.7938605 0.3892717379807692 0.8113106754807693 0.46666712980769226 0.8028052908653845 0.5309958365384616 0.757414891826923 0.5617557163461538 0.6853041971153846 0.5736316153846154 0.6431609110576922 0.5619302235576923 0.6485879206730769 0.5437349206730769 0.6941115480769231 0.5206101658653846 0.7522444423076924 0.4680908365384615 0.7895609879807692 0.39885504086538465 0.7983018365384615 0.3328369711538462 0.7931161153846153 0.29289910096153843 0.7763838966346154 0.24761424038461538 0.7392107043269232 0.23495626201923075 0.7248072019230769 0.22182783653846153 0.6786625 0.21973662500000002 0.6271061826923077 0.27516078846153846 0.5288929326923077 0.27654698798076927 0.5273891418269231 0.2790980168269231 0.5257478461538462 0.2904655528846154 0.5231363293269231 0.3087410336538462 0.5216843197115385
10 0.527918045673077 0.3924778365384615 0.5237853149038462 0.38012840625 0.5254477427884615 0.36374448798076925 0.5205192427884615 0.3587187860576923 0.5169147788461539 0.3577688533653846 0.5110197620192308 0.36019283413461534 0.5092009326923077 0.36418114182692307 0.510598954326923 0.3867282283653846 0.5167446057692308 0.41467504326923077 0.5245268100961538 0.44309874759615386 0.5263833317307692 0.44630051682692307 0.5285627788461539 0.4740454495192308 0.5309199975961538 0.48120858173076925 0.5297003221153846 0.49485992067307694 0.5241223245192308 0.5098016274038462 0.5213600432692307 0.5125611442307693 0.5198624495192308 0.5167936658653847 0.5041236538461539 0.5291259543269231 0.49919093509615386 0.5363737548076923 0.49943115865384613 0.5386025024038461 0.5014989302884616 0.5406860504807692 0.5050527596153846 0.5428763100961539 0.5104645216346154 0.544177173076923 0.5135682860576923 0.541165735576923 0.5120937548076923 0.5367197884615384 0.5148965408653846 0.5329680048076922 0.5188438990384616 0.5295748509615384 0.5251006538461538 0.5264028245192308 0.5324237860576922 0.5173916153846154 0.5331978990384616 0.5146551874999999 0.538079985576923 0.50864771875 0.5403921971153847 0.5006865072115384 0.5450644399038461 0.4917060889423077 0.5431555961538461 0.4654457043269231 0.5389649182692308 0.4464023293269231 0.5363151490384616 0.41395183653846157 0.5341576466346154 0.41000971875 0.5309554302884615 0.4073194783653846 0.53078609375 0.4033542668269231 0.5286387163461538 0.39916407932692305 0.527918045673077 0.3924778365384615
10 0.5878004951923077 0.37747146634615386 0.5590717596153846 0.3703378389423077 0.5737919302884615 0.3961530576923077 0.5901537716346155 0.3847194326923077 0.6350684519230769 0.40933048798076926 0.6599522235576922 0.44872478125000004 0.673188625 0.4922226634615384 0.6720541346153847 0.5200141586538461 0.6593376129807692 0.5935759567307692 0.6529561971153846 0.6201056081730769 0.6540478413461539 0.6366276370192309 0.66762421875 0.6285333100961539 0.6732571562499999 0.5987054086538461 0.6787360072115385 0.5510218076923077 0.6826638798076924 0.4980651177884615 0.6786865048076923 0.46570327403846157 0.6626105456730769 0.4268681081730769 0.6390345168269231 0.39870221874999995 0.6131783245192307 0.38312920192307687 0.5878004951923077 0.37747146634615386
10 0.5231171730769231 0.3828524735576923 0.5290505697115384 0.41056186298076924 0.5305586346153846 0.46014848798076924 0.5288377379807693 0.4806715024038462 0.5423522403846154 0.4957264639423077 0.548725670673077 0.49102273798076923 0.535427329326923 0.47067413942307695 0.5407901514423077 0.44746325721153846 0.5394092235576923 0.4163940552884616 0.53173590625 0.38804346875 0.5378471346153846 0.3681308389423077 0.5465505576923078 0.37957472115384616 0.5417592427884615 0.3588259663461538 0.5274884759615385 0.36229866105769226 0.5231171730769231 0.3828524735576923
10 0.6032730192307693 0.6041479567307693 0.5851441754807692 0.6156021274038461 0.5980722692307693 0.6233886875000001 0.6036431971153846 0.6167100985576923 0.621602125 0.6310520048076923 0.6470880048076922 0.6340629350961537 0.6714013317307692 0.6225369855769232 0.6912701057692308 0.6117239615384615 0.7072076778846154 0.5890516346153846 0.7117679951923077 0.5638659182692307 0.7137590120192308 0.5367258509615385 0.7199243317307692 0.5154898365384615 0.7209777884615385 0.48968344711538464 0.7183351658653846 0.46788832692307697 0.7155306057692308 0.4500634110576923 0.7139065745192308 0.42494950961538464 0.7148519831730769 0.40178993749999997 0.7068545240384616 0.38137979567307695 0.6879851826923077 0.36770980288461536 0.668070235576923 0.35802028125 0.6374454807692308 0.3511007091346154 0.6200921274038461 0.3651914230769231 0.6185479471153846 0.37377951442307694 0.6376537235576923 0.367633 0.6476690793269231 0.36024139903846153 0.6649605649038463 0.36929999519230766 0.6866154350961539 0.3796306971153846 0.69600965625 0.38745825 0.7041151658653846 0.4052215841346154 0.6999598822115385 0.4204817860576923 0.7032968293269231 0.44689856250000004 0.7034240384615384 0.4654159519230769 0.7059584807692307 0.4898578918269231 0.7027869350961539 0.5242869302884615 0.69817259375 0.5507960552884615 0.6963436466346155 0.5739658894230769 0.6874469519230769 0.5972178173076923 0.6619530889423076 0.61603284375 0.6351784975961539 0.6229577067307692 0.6159309975961539 0.6185514879807692 0.6032730192307693 0.6041479567307693
15 0.43986405769230774 0.5510009567307692 0.4517084278846154 0.5204395072115384 0.44384932692307694 0.5154863317307693 0.43124532932692305 0.5458099350961538 0.43986405769230774 0.5510009567307692
10 0.7963678533653845 0.5139559182692308 0.7927989831730768 0.5364845841346153 0.8050597692307692 0.5389877187500001 0.8109628245192309 0.5025427932692308 0.8068042187500001 0.45298696875 0.8045128774038461 0.42258972596153843 0.7966504759615384 0.3988710793269231 0.7993898365384615 0.3750292644230769 0.7866399975961538 0.3668681899038461 0.7862107860576923 0.39502398798076926 0.7895207163461537 0.4221024783653846 0.7948136802884616 0.44386681490384616 0.7985209423076923 0.4828456514423077 0.7963678533653845 0.5139559182692308
3 0.8325601274038461 0.5791781033653846 0.8500163293269231 0.28135061298076924 0.2474518581730769 0.29626666346153846 0.2338292355769231 0.57951834375 0.8325601274038461 0.5791781033653846
3 0.7051979375 0.8653250697115384 0.7074379014423078 0.5941298653846154 0.24417017307692307 0.593016641826923 0.2338775360576923 0.859555766826923 0.7051979375 0.8653250697115384
6 0.20441405528846154 0.6943934543269231 0.16287923076923078 0.6518856298076923 0.16425682692307692 0.6181388317307692 0.20199224519230768 0.5806627812499999 0.24475337980769232 0.5516850985576923 0.22963120432692305 0.5525634831730769 0.18788355528846154 0.5801652716346154 0.15729698798076924 0.6155741057692308 0.14593098317307693 0.6560508245192308 0.1892057980769231 0.6991998173076923 0.2613463485576923 0.7274630192307693 0.3482899783653846 0.7608453629807692 0.4483237740384615 0.7980440096153847 0.5065986682692307 0.819854375 0.5308164423076923 0.8236676682692308 0.5431810600961539 0.8177288461538462 0.44862090384615383 0.7907653004807693 0.3609287956730769 0.7540846802884615 0.2758061923076923 0.7193584038461539 0.20441405528846154 0.6943934543269231
6 0.7180210841346154 0.8107848677884615 0.7610495336538462 0.7950731995192307 0.8168326947115384 0.7481281322115384 0.8415590480769232 0.7048506466346154 0.8466596033653846 0.6664308870192308 0.8336392956730769 0.6176393653846154 0.7952061610576924 0.5856777427884615 0.7605151466346154 0.5702073413461538 0.7088679663461538 0.5807280360576923 0.6580694615384615 0.6137260889423077 0.6471355745192308 0.6436155600961538 0.6477601754807693 0.6932124350961538 0.6597158485576924 0.7248202067307693 0.6834459639423076 0.7708417716346154 0.6903169206730768 0.7972174999999999 0.6966816802884614 0.8042612572115384 0.7070301490384616 0.8008886394230769 0.71414059375 0.8119373798076922 0.7180210841346154 0.8107848677884615
0 0.24130573557692306 0.5992636129807692 0.19675656730769228 0.6223910793269231 0.16207673076923076 0.6499107884615385 0.12931805288461537 0.6952656778846154 0.12014332451923077 0.7469605264423076 0.14388135817307693 0.7711561875 0.21343337259615386 0.7763008629807693 0.3061990216346154 0.7752234110576922 0.38678498317307697 0.7696577475961538 0.47487102403846154 0.7534226730769231 0.5546815649038461 0.7452204038461538 0.5869191682692307 0.7342638173076923 0.5557890432692308 0.7180906274038462 0.49997547355769234 0.7008813990384616 0.4310447932692308 0.6805175817307691 0.37978369471153844 0.6599485600961539 0.32180586057692306 0.6308594831730769 0.27239280288461537 0.6082848125 0.2659095120192308 0.6041294038461539 0.2557273173076923 0.60621271875 0.24130573557692306 0.5992636129807692
0 0.7270324831730769 0.9145182043269231 0.7534717524038462 0.8725436346153846 0.7467168293269231 0.8216952067307692 0.7320104855769232 0.7709390841346154 0.7173504471153845 0.7406855024038462 0.6873007884615384 0.6980442788461538 0.6467844230769231 0.6522176850961539 0.5948829615384615 0.6257035673076923 0.5218859567307692 0.5967889375 0.4800460889423077 0.5833857499999999 0.42131192788461536 0.5728243293269231 0.3602706634615384 0.5755174711538461 0.29895921394230773 0.5848276586538461 0.2529455697115385 0.5958202788461539 0.2659095120192308 0.6041294038461539 0.35365405769230773 0.5861765504807692 0.4463926947115385 0.5857607884615385 0.53028859375 0.6072735721153847 0.620388 0.6498787091346153 0.6780607884615384 0.7080724254807692 0.7131141346153846 0.7579307932692309 0.7356558701923077 0.8330672596153845 0.729131548076923 0.8847313485576923 0.693641360576923 0.9321021225961539 0.6404703461538461 0.9366880144230769 0.5806366274038461 0.9314304639423077 0.5087312644230769 0.9190378581730769 0.48512037500000005 0.9133595913461539 0.4737161081730769 0.9115079134615385 0.49261252884615386 0.9245162019230769 0.5540241081730769 0.9343851249999999 0.6198260865384615 0.9448644302884616 0.6950571442307693 0.9406836971153846 0.7270324831730769 0.9145182043269231