1 0.7297758990384615 0.5114886274038462 0.7730863365384616 0.21235915144230771 0.29464984375000003 0.17816911538461538 0.24280887259615386 0.45685340865384616 0.7297758990384615 0.5114886274038462
3 0.8026233701923077 0.875843139423077 0.8525470216346154 0.5411713581730769 0.2290802259615385 0.47654658653846155 0.16650187019230772 0.7812409278846153 0.8026233701923077 0.875843139423077
14 0.8278918413461539 0.5711738197115385 0.8223105360576923 0.5654775240384615 0.8167115817307693 0.5651692283653846 0.8138669110576923 0.5695229350961538 0.8151638677884615 0.5707805096153846 0.8205685649038461 0.57232284375 0.8229406754807692 0.5751918774038461 0.824336545673077 0.58109703125 0.8239254302884615 0.5858190360576923 0.8203764783653846 0.5914812067307692 0.8122034206730769 0.6011940841346154 0.8034553293269231 0.6029529206730769 0.7980329879807692 0.6067985913461539 0.7899538894230769 0.6180249735576923 0.7824964110576923 0.6253024230769231 0.78122065625 0.6291860480769231 0.7827104831730769 0.6366047019230769 0.7816678389423076 0.6390074807692308 0.7765012067307692 0.6391183774038461 0.7764185480769231 0.6364779134615385 0.7738020312499999 0.6362166923076923 0.7755087115384616 0.6401473822115384 0.7778532692307691 0.6421362620192308 0.778157735576923 0.6444228389423077 0.7835235817307692 0.6462119783653846 0.7862955048076923 0.6454859711538461 0.7860913389423078 0.6404518509615384 0.7900111634615385 0.6377096081730769 0.7974898461538462 0.6355733509615384 0.8063784831730769 0.6234250456730769 0.81514421875 0.6162782091346154 0.8169575456730769 0.6132003149038462 0.8182622451923076 0.6028017235576922 0.8266846610576923 0.5936151129807692 0.8311597067307692 0.5862905961538462 0.8278918413461539 0.5711738197115385
14 0.7225599615384616 0.5333330048076923 0.7227478774038462 0.5363600096153847 0.7264169447115385 0.5404866177884615 0.7274694951923077 0.5443520024038462 0.7212651730769231 0.5499997572115385 0.7197174591346154 0.5556110360576922 0.7224703485576923 0.56766815625 0.7205341201923077 0.5757475144230769 0.7211041995192308 0.5805674783653847 0.7223898605769231 0.5829520168269231 0.7299999615384615 0.589477579326923 0.7393809759615385 0.5826428533653846 0.7415439639423076 0.5773436875 0.7386907764423077 0.5680341081730769 0.7400406730769231 0.5531276682692308 0.7350308365384616 0.5448562139423078 0.7339069278846153 0.5372234014423077 0.7317015216346154 0.5322401706730769 0.7298669879807692 0.5301768653846154 0.7276163870192308 0.5297014855769231 0.7237191634615385 0.5301898076923077 0.7225599615384616 0.5333330048076923
14 0.6541356370192308 0.5332703173076923 0.6513149543269231 0.5279749759615384 0.6470970096153846 0.5241695985576923 0.640960483173077 0.5230555745192308 0.6384428725961538 0.5274419326923077 0.6434915600961539 0.5354665817307692 0.6438122788461539 0.5397602764423077 0.6474036442307691 0.5443805 0.6481291346153846 0.5482132331730769 0.6461929038461538 0.5562925913461538 0.6478218822115385 0.5607168990384616 0.6463356201923076 0.5638274471153847 0.64211628125 0.5674171923076923 0.6407239759615385 0.5720412379807692 0.64243065625 0.5759719302884615 0.6433765600961538 0.5868458990384615 0.6401970865384615 0.6028231153846154 0.6435115384615385 0.6060369158653847 0.6500026826923077 0.6080637475961539 0.6506893197115384 0.6121432860576923 0.6525902572115385 0.6148399375 0.6565764831730768 0.6127310384615384 0.6567933389423076 0.6092430769230769 0.654915 0.6042924975961539 0.661313579326923 0.5974107043269231 0.6620517548076923 0.5927213533653846 0.6597587427884615 0.5819635793269231 0.6601436971153846 0.5689662956730769 0.6543017259615385 0.5638706923076924 0.6522291298076923 0.56015415625 0.6548773774038461 0.5391101658653846 0.6541356370192308 0.5332703173076923
14 0.5703957620192308 0.526038125 0.5670862644230769 0.52595840625 0.5664208317307693 0.5270200625 0.5656049519230769 0.5322030288461538 0.56979534375 0.5351282524038461 0.5694781875 0.5413637596153846 0.5673102427884615 0.54352884375 0.5639894423076923 0.5445760865384616 0.5625808846153846 0.5471930144230769 0.5618074158653846 0.5626583798076923 0.5584400264423077 0.57560859375 0.56414284375 0.5836985480769231 0.566902079326923 0.5914946225961539 0.5703895817307691 0.5883331850961538 0.5710500552884615 0.5841374495192307 0.5771215721153846 0.5772230024038462 0.577312266826923 0.5654597596153846 0.5806408028846154 0.5527563533653846 0.57974365625 0.5479037355769231 0.5754593076923077 0.5434650144230769 0.575698764423077 0.5377231201923076 0.5742576947115384 0.5363258149038461 0.5721751947115384 0.5263411225961538 0.5703957620192308 0.526038125
15 0.4858209711538462 0.5367720312500001 0.48574760817307694 0.573114298076923 0.48891795192307697 0.5761883677884615 0.4886233942307693 0.5801699471153846 0.4912787644230769 0.5801843653846154 0.4915344711538462 0.57644959375 0.49548184615384616 0.5745875024038462 0.4968967524038461 0.5677095288461539 0.49705416346153847 0.5266126033653846 0.4949038605769231 0.5233896850961538 0.49471595192307694 0.5203626826923077 0.4900317908653846 0.5195190024038461 0.4884240192307692 0.5202358918269231 0.4877861418269231 0.522177704326923 0.4858209711538462 0.5367720312500001
15 0.5751968028846154 0.6422094182692307 0.5907518076923076 0.6436370288461538 0.5934961802884615 0.6420308629807692 0.593463673076923 0.6380166274038461 0.5769889278846153 0.6339903293269231 0.55020846875 0.6310659759615385 0.5412060624999999 0.6291644639423077 0.5297587956730769 0.628021610576923 0.5265708076923077 0.6303355456730769 0.5275456538461538 0.6346945432692308 0.5326896850961538 0.6368375697115384 0.5751968028846154 0.6422094182692307
15 0.6712351177884616 0.6346254783653846 0.6752100432692308 0.6336435456730769 0.6764857980769231 0.6297599254807692 0.6728831322115384 0.6262666610576922 0.6099150408653846 0.6189774110576922 0.6065942451923078 0.6200246538461538 0.6040879350961539 0.6232840456730769 0.6061718293269232 0.6258736201923077 0.6108446923076923 0.6278442620192308 0.6376527043269231 0.6316487668269232 0.6712351177884616 0.6346254783653846
15 0.753396939903846 0.6613790408653847 0.7559859086538462 0.6607601129807693 0.7575110216346155 0.6574027572115385 0.7551777620192308 0.6542869158653846 0.7496953653846153 0.6532381971153847 0.690613201923077 0.6465875913461538 0.6890054302884615 0.6473044831730769 0.6889602307692309 0.6518123317307692 0.6927183028846154 0.6543183629807692 0.7231628774038461 0.6582352403846153 0.753396939903846 0.6613790408653847
4 0.726495141826923 0.7140950552884615 0.7305527235576924 0.7157535817307692 0.743713016826923 0.7165660841346154 0.7512242067307693 0.7184440649038462 0.7604710216346154 0.7177377692307693 0.7626778197115385 0.7153258774038461 0.7680944278846155 0.6830266754807692 0.7624905192307693 0.6795843028846154 0.7435984663461539 0.6771968173076923 0.7385208389423077 0.6756871370192308 0.7172616298076923 0.6735646947115386 0.7143880120192307 0.6844333677884615 0.7110792908653847 0.70967309375 0.7174150312500001 0.7126871562499999 0.726495141826923 0.7140950552884615
4 0.6337641586538462 0.7038343870192307 0.6438643149038461 0.7050934350961539 0.647883048076923 0.7069987716346154 0.6679392524038461 0.7093771394230769 0.6750294206730769 0.7097089663461538 0.6796810769230769 0.7065384110576923 0.6848094711538462 0.67395975 0.6814950168269232 0.6707459495192307 0.675802110576923 0.66892415625 0.639653329326923 0.6643124471153846 0.635861358173077 0.6651873052884615 0.6345418028846154 0.6661836538461539 0.6322559086538462 0.6764842860576923 0.6290637451923077 0.7009835889423077 0.6337641586538462 0.7038343870192307
4 0.5475921153846154 0.6888387716346155 0.5488000745192307 0.6917169254807691 0.551039375 0.6933192668269231 0.5590054831730769 0.6933625120192308 0.5915841057692307 0.6984951923076923 0.5940678149038462 0.6974897235576923 0.5959588461538462 0.6939182139423077 0.6008929807692308 0.6625735961538461 0.5996461754807693 0.6599422500000001 0.593559798076923 0.6574544543269231 0.5871901610576923 0.6578212812500001 0.5783043100961538 0.65517934375 0.5564849302884615 0.6545050961538461 0.5536628509615384 0.6566048774038461 0.5525425048076923 0.6595012692307692 0.5475921153846154 0.6888387716346155
4 0.4718189639423077 0.6489352548076923 0.46844523317307696 0.6661465120192307 0.46665806249999997 0.6774996850961539 0.46803768028846154 0.6813977211538462 0.47350877884615383 0.6835734014423077 0.47991726682692304 0.682959766826923 0.49309381009615383 0.6857793846153846 0.5066588725961538 0.686130923076923 0.5095523028846154 0.6877985697115385 0.5139821514423077 0.6849819014423078 0.5154295600961538 0.6821181634615385 0.5196092668269231 0.6534557788461538 0.5179802908653847 0.6490314711538462 0.5163562644230769 0.6477412427884615 0.5097372668269231 0.6475818004807692 0.5010619254807692 0.6457129375 0.4924416875 0.6456043870192307 0.4797638653846154 0.6438373076923077 0.47466363701923076 0.6445815528846153 0.4718189639423077 0.6489352548076923
12 0.38809952163461536 0.6215248149038461 0.3875972331730769 0.6099430745192308 0.3855083822115385 0.6042194206730769 0.3803431418269231 0.5969351995192308 0.37988961538461535 0.5913748076923077 0.37533965384615386 0.5844026995192307 0.36662685336538464 0.5753855240384615 0.3556132980769231 0.5672667403846154 0.35022485336538456 0.5677315264423076 0.3338751802884615 0.5766280793269231 0.3226546778846154 0.5782654230769231 0.31640159615384617 0.5778918245192307 0.30976634375 0.5757252644230769 0.30378026923076923 0.5704899302884615 0.3025461514423077 0.5593364975961539 0.30046225480769234 0.5567469254807692 0.2891315432692308 0.5548636466346154 0.2786817235576923 0.5558258725961539 0.25300257932692305 0.5627882596153846 0.24017925721153846 0.5682765697115385 0.22720548317307693 0.5778861947115385 0.2142529182692308 0.5926370120192308 0.2079582019230769 0.60730046875 0.205853875 0.6248891466346154 0.20720455048076922 0.6353021538461537 0.21047875721153847 0.6461578846153846 0.21569910096153844 0.6552024158653846 0.22692812259615386 0.6672283581730769 0.24622850240384614 0.6796840841346155 0.2533624783653846 0.6829031826923077 0.2784737139423077 0.68904515625 0.29483824759615385 0.6895508389423076 0.3052492163461538 0.6888354254807693 0.31822159855769233 0.6866209206730769 0.33435441586538467 0.6812123365384615 0.35662515865384614 0.669522641826923 0.3618256875 0.6660308557692307 0.3646979110576923 0.6625573052884615 0.37307513221153843 0.6578785456730769 0.37797119471153845 0.6521001802884616 0.38607924278846156 0.6343588317307692 0.38809952163461536 0.6215248149038461
15 0.2812706923076923 0.5552069399038462 0.28570549038461535 0.5555243533653846 0.28804509615384616 0.5543791514423076 0.2913058341346154 0.5484375216346155 0.3004014182692308 0.5265330889423077 0.30162345913461536 0.5134940360576923 0.29765983173076926 0.5133490072115385 0.2956472908653846 0.5145268629807692 0.28830002403846156 0.5253249302884615 0.2775076634615385 0.549566829326923 0.27811659855769233 0.5541399879807692 0.2812706923076923 0.5552069399038462
10 0.3233052427884615 0.5678015264423076 0.31889304326923074 0.5652301899038462 0.31940445913461535 0.5577606418269231 0.324025 0.5431807307692308 0.3305627331730769 0.5333045865384615 0.3428385697115385 0.5207423846153846 0.3637409951923077 0.5040276947115385 0.366768625 0.4995669134615385 0.38258072596153847 0.4898646298076923 0.38882389903846154 0.48397006490384614 0.40215724278846154 0.4784073269230769 0.41898938942307695 0.4685561947115385 0.4302826418269231 0.46329115625 0.43659221875000004 0.45802994230769234 0.44993686298076924 0.4513402427884615 0.4561348389423077 0.44995353125 0.4594669375 0.44777932932692305 0.49556339663461535 0.43584048076923076 0.5022600985576923 0.43550631009615387 0.5067613004807693 0.4364570673076923 0.5122486538461538 0.44063986298076924 0.51701903125 0.45465320913461543 0.5201893798076923 0.45772728125 0.5319157283653846 0.47820088221153845 0.5378304447115384 0.4796687908653846 0.5422101394230769 0.47822589182692304 0.5425046995192307 0.4742443100961538 0.5294538389423077 0.45163297836538463 0.5235694567307692 0.43625498076923075 0.5204104086538461 0.43205394711538464 0.5141248221153846 0.4276661153846154 0.509413108173077 0.4259422788461539 0.49902474038461536 0.4244037692307692 0.48992203125 0.42524979567307697 0.46945966826923075 0.43072751442307694 0.4636438581730769 0.4339071875 0.45288322836538464 0.436843875 0.4442177932692308 0.4412431730769231 0.43798096634615385 0.44287669230769233 0.4182052355769231 0.45243394951923077 0.4098506129807692 0.45485878605769237 0.39839065625000003 0.46223801682692306 0.38929290144230766 0.46621812259615386 0.37295947836538457 0.4771217956730769 0.3245617980769231 0.5186670144230769 0.3137044278846154 0.5348804447115385 0.3045699903846154 0.5570316826923076 0.30313248557692307 0.5661635817307692 0.3039356754807692 0.5695026971153846 0.30828642788461535 0.5745747668269231 0.31494922836538464 0.5776214807692308 0.3223276153846154 0.5782327692307693 0.3332987524038461 0.5760691586538461 0.34023986298076925 0.5731271754807692 0.34830131971153844 0.5672887980769231 0.3591785048076923 0.5636116899038461 0.36211713221153846 0.560771485576923 0.3621785841346154 0.55827075 0.35740046634615386 0.5559135697115385 0.34614111057692304 0.55779771875 0.32807840625 0.5670246274038462 0.3233052427884615 0.5678015264423076
0 0.5730347355769231 0.4015545673076923 0.5198448725961539 0.41028680528846156 0.46335254807692305 0.41467720432692307 0.39555427884615385 0.41492975240384616 0.32906393269230766 0.41531287499999997 0.27397076682692306 0.41081559855769234 0.2324243701923077 0.40466167548076926 0.21733938701923078 0.39992553365384614 0.22504805769230768 0.4100608245192308 0.24164513221153847 0.4136065793269231 0.31081593750000003 0.42151536057692307 0.3730711201923077 0.4227155 0.44987018509615384 0.4243646201923077 0.510286579326923 0.4203659855769231 0.5724774495192307 0.4135353653846154 0.6329203605769231 0.39248775240384615 0.6563628533653846 0.3617278653846154 0.6638245024038463 0.31432696875 0.64758590625 0.2655629711538462 0.6295730384615384 0.2196309206730769 0.5929099399038461 0.1908946490384615 0.5650923870192307 0.16504756730769232 0.54208871875 0.1606710889423077 0.5711396201923077 0.1857120721153846 0.5678561370192308 0.1862619158653846 0.5813575072115384 0.19676257451923077 0.610794076923077 0.22076522596153847 0.6308923197115385 0.2618902956730769 0.6492806033653846 0.31387803846153844 0.645587576923077 0.36265818509615383 0.6142968581730769 0.3926344951923077 0.5730347355769231 0.4015545673076923
6 0.7257994975961538 0.19914666346153845 0.6521737572115385 0.18577792548076924 0.614340014423077 0.18550224519230768 0.6260685264423077 0.19687986298076923 0.6087516682692308 0.19805453846153845 0.6210384903846153 0.21476671394230767 0.6580768990384616 0.2495587283653846 0.7097235264423076 0.2928303557692308 0.7832582235576923 0.3152173653846154 0.8285999591346154 0.3057015817307692 0.8312047331730769 0.26383402884615387 0.7831712764423078 0.22292915625 0.7257994975961538 0.19914666346153845
6 0.776316076923077 0.3255577163461538 0.7023151225961539 0.3061332788461538 0.6607421033653846 0.3170283581730769 0.5738273509615385 0.33743922115384617 0.4919893341346154 0.35935996875000004 0.4567659495192308 0.3661571682692308 0.4604489182692308 0.374156875 0.4474313942307692 0.3764802692307692 0.46874018509615384 0.4142120625 0.5447088557692308 0.4548967572115385 0.6310396947115385 0.4635157139423077 0.7125667067307693 0.44356999999999996 0.7613017403846154 0.42937777884615386 0.8023062043269231 0.38833478365384616 0.8098322668269231 0.34896462019230773 0.776316076923077 0.3255577163461538