9 0.5686106274038462 0.3168400096153846 0.5761851442307692 0.3265810264423077 0.5813463966346154 0.3299066153846154 0.5914855504807692 0.3299696586538462 0.5953788125 0.32900419471153847 0.6030857836538461 0.3246634879807692 0.6059943341346153 0.3197169855769231 0.60546028125 0.3112933389423077 0.5998998197115385 0.3025950769230769 0.5958164134615385 0.29986837259615384 0.58535759375 0.2968424375 0.5808856370192308 0.2963035697115385 0.5725014951923076 0.29874184375 0.5686135649038462 0.30348756490384615 0.5669676754807692 0.30894486538461535 0.5686106274038462 0.3168400096153846
15 0.7890763846153847 0.32903231009615386 0.7851710024038462 0.329113483173077 0.7831622764423076 0.3318509831730769 0.7821096033653846 0.35682960576923073 0.7841479062500001 0.35964093990384616 0.7893712548076923 0.3607117620192308 0.7911641129807693 0.3591897307692308 0.7924161201923077 0.3521400168269231 0.7933499350961538 0.33545118990384615 0.7924084014423076 0.3312270600961539 0.7890763846153847 0.32903231009615386
15 0.8285590264423077 0.3391420769230769 0.8257572091346154 0.3349144927884616 0.82394009375 0.3346679447115385 0.8208171466346154 0.33415368990384614 0.8176321057692307 0.3358942043269231 0.8172867235576924 0.3378389543269231 0.8189107524038461 0.3477457740384615 0.8180390336538461 0.36217983173076923 0.8204712187500001 0.36658358173076927 0.8270625 0.36566734375 0.829810485576923 0.3625775072115385 0.8285590264423077 0.3391420769230769
15 0.8514058413461538 0.3400466682692308 0.8485230024038461 0.3400855240384616 0.8466006274038461 0.3423368389423077 0.8485375216346154 0.3581025168269231 0.8481353725961539 0.36608228846153845 0.8519597403846154 0.37026756009615386 0.8570603677884615 0.36917169471153843 0.8577322067307692 0.367293875 0.8558278293269231 0.3437245889423077 0.8541159831730769 0.34098018028846155 0.8514058413461538 0.3400466682692308
11 0.8454362596153846 0.42700335576923076 0.8459649903846155 0.43164674278846155 0.8555414326923076 0.4415462259615385 0.8618115793269231 0.44434331490384615 0.870175329326923 0.4505929375 0.8755349927884615 0.4480385144230769 0.8783572019230769 0.44357820192307695 0.8880539735576923 0.4385116658653846 0.8920903461538461 0.4310249903846154 0.8906011634615385 0.42416914663461536 0.8887598004807693 0.4221540168269231 0.8818988293269231 0.41696830769230775 0.8743349687499999 0.41478780048076924 0.8662287860576924 0.41375584134615384 0.8543520673076923 0.4158560288461538 0.8479077596153846 0.4207075336538461 0.8454362596153846 0.42700335576923076
11 0.8422987980769231 0.40847211057692306 0.8411414014423078 0.4054634495192308 0.8348106274038462 0.39824490625000003 0.8285957764423078 0.3960890144230769 0.8143542956730769 0.3953109399038462 0.80266771875 0.4011033004807692 0.8004310048076922 0.40417197836538465 0.7988525360576924 0.4111547644230769 0.8012968509615385 0.41644280528846156 0.8059279038461539 0.42180123076923076 0.8124381658653845 0.4251514326923077 0.8142363557692308 0.42740965625 0.812590466346154 0.43286695673076925 0.8068786250000001 0.44026209375 0.8043018581730769 0.44905577644230765 0.8056198221153846 0.45020777163461534 0.8076527956730769 0.4492388509615385 0.8102969855769231 0.44197065625 0.8124284302884616 0.44139984134615384 0.8183508076923077 0.42900897836538465 0.8236241225961538 0.4269407403846154 0.8326733052884615 0.42552061057692303 0.8394440721153846 0.4207360336538462 0.8422987980769231 0.40847211057692306
11 0.7965785288461539 0.3877616490384615 0.7903394278846154 0.38383717548076923 0.7852577259615384 0.3829213653846154 0.7742376586538462 0.3830556442307692 0.7697036081730769 0.3847715480769231 0.7643128990384616 0.3884533557692308 0.7604060432692308 0.3952107524038461 0.7594562451923077 0.40055881249999997 0.7611612956730769 0.4061991875 0.7692107067307692 0.41326617307692304 0.7733683317307692 0.4146224014423077 0.7754066346153846 0.4174337403846154 0.7750719110576922 0.4269390024038462 0.7722656874999999 0.4427400841346154 0.7741070504807692 0.4447552139423077 0.7761831971153845 0.4435432019230769 0.7762399639423077 0.4375081754807692 0.7801929254807691 0.41715524278846156 0.7937640360576924 0.41313491826923077 0.7983480600961539 0.4082799567307692 0.79936528125 0.4044573846153846 0.8001370624999999 0.39630144471153844 0.7965785288461539 0.3877616490384615
14 0.7584965408653846 0.5069344903846154 0.756076483173077 0.5034150288461539 0.7591766490384615 0.4954844807692308 0.753783548076923 0.4820335865384615 0.7542477908653846 0.4717990480769231 0.7500295408653846 0.46602136298076924 0.7434450600961539 0.4640416370192308 0.7384724831730769 0.47108444471153843 0.7371962259615384 0.4763655745192308 0.7414076754807692 0.4850392235576923 0.7434687620192307 0.49629536538461544 0.7542957475961539 0.5058213533653846 0.7567332596153846 0.5140053605769231 0.7584965408653846 0.5069344903846154
14 0.6111734182692308 0.3820011899038462 0.6078763100961538 0.3891355336538461 0.6110409639423077 0.3960829158653846 0.6111879326923076 0.4000181802884616 0.6228070865384615 0.39270033173076924 0.6246445913461538 0.3842589855769231 0.6281871394230769 0.38145801201923074 0.6284840216346154 0.37597610096153844 0.6318053798076922 0.3706103389423077 0.6231893894230769 0.36292331250000004 0.6197399831730769 0.3623421346153846 0.6158345961538461 0.36242330769230774 0.6124336899038462 0.3653792860576923 0.6132510336538461 0.3741129543269231 0.6109711514423076 0.3774247259615385 0.6111734182692308 0.3820011899038462
14 0.5910299495192308 0.38492608173076925 0.5962751586538462 0.3706327836538461 0.5992511346153846 0.36721176923076926 0.5968931706730769 0.3614375432692307 0.5916455721153846 0.35859813701923077 0.5873395072115385 0.3599828653846154 0.5829281754807693 0.3638654495192308 0.5770732235576923 0.3777818028846154 0.5765794014423077 0.38246750721153844 0.5797198052884616 0.3876463076923077 0.5802606586538461 0.39317398798076925 0.5832676826923077 0.3886255913461539 0.5910299495192308 0.38492608173076925
14 0.5593556899038462 0.3575212668269231 0.5541997692307692 0.3579759278846154 0.5510564278846154 0.36614957211538457 0.5495128701923077 0.382461454326923 0.5503869783653846 0.38516009375 0.5541681730769231 0.3895884567307692 0.5595520865384616 0.38880261538461536 0.5618508942307693 0.3834791706730769 0.5640852139423077 0.3632777908653846 0.5626445360576923 0.35995911057692304 0.5593556899038462 0.3575212668269231
10 0.4191408269230769 0.28972488942307695 0.4273969158653846 0.2813396730769231 0.43504179326923076 0.2792537331730769 0.4600443004807693 0.28135609134615386 0.46307557692307694 0.2785762740384615 0.46294073317307693 0.27552530048076923 0.4603722307692308 0.2747467932692308 0.4463466129807693 0.27275325 0.4359241706730769 0.2723801875 0.42478671153846154 0.27412803846153844 0.4138204759615384 0.2815797403846154 0.40661651682692307 0.29547148076923074 0.40340814423076926 0.3192523365384616 0.3986881826923077 0.38202661298076923 0.4010538677884616 0.4087137956730769 0.40061626682692303 0.43784962259615384 0.39890828125 0.4455616875 0.4008291923076923 0.4499865985576923 0.40369310576923073 0.45195941105769233 0.4073152043269231 0.4515682163461538 0.4100078918269231 0.44783718509615383 0.4082165024038461 0.4426829975961538 0.4103780721153846 0.417175875 0.40847130048076924 0.3764738894230769 0.4130617451923077 0.31442889423076925 0.4158437163461538 0.29685923317307694 0.4191408269230769 0.28972488942307695
3 0.8542437956730768 0.5682434807692307 0.9009615528846153 0.32042714903846153 0.4004364855769231 0.233273125 0.3650072115384615 0.46324228125 0.8520932379807692 0.5651144182692308 0.8542437956730768 0.5682434807692307
1 0.7193206201923077 0.7967432716346153 0.7631793485576923 0.5628936394230769 0.3667824350961538 0.473564954326923 0.3229302956730769 0.6950869230769231 0.7193206201923077 0.7967432716346153
14 0.8285322211538462 0.5310761225961539 0.8280278125 0.4771221322115385 0.8074967548076923 0.4809776875 0.8068594927884616 0.5252021009615384 0.8285322211538462 0.5310761225961539
14 0.7855799663461538 0.5189113581730769 0.7947217596153846 0.47163826201923076 0.7720401466346154 0.4723647379807692 0.7722090072115384 0.5120500865384615 0.7855799663461538 0.5189113581730769
10 0.6524547187499999 0.7342782307692308 0.6323094567307692 0.7664387932692308 0.6515871370192308 0.7797995264423078 0.6708111201923077 0.7528264326923076 0.6990847187499999 0.7256924423076924 0.7384567884615384 0.7122584951923077 0.7752685432692308 0.6929232980769231 0.7977304110576923 0.6578774086538461 0.8057033437500001 0.63330209375 0.8110516153846153 0.5981080048076923 0.813443141826923 0.564323875 0.8169488341346154 0.5395048581730769 0.83349728125 0.5072789182692308 0.8434547860576923 0.49184707692307694 0.8587499182692307 0.4768374495192308 0.8239333846153846 0.46969982211538464 0.8080489951923078 0.4778681826923077 0.7873279182692308 0.5132709711538461 0.7758358966346154 0.5525819110576923 0.7761333125000001 0.6017022740384615 0.7532241899038462 0.6494253653846154 0.7163375865384616 0.69965934375 0.6524547187499999 0.7342782307692308
10 0.7591157860576924 0.4994227019230769 0.76279034375 0.5142890240384616 0.7652489615384616 0.5309221370192307 0.7642902451923077 0.5515590480769231 0.75799384375 0.5717737355769231 0.7466678677884615 0.6050702884615384 0.7273795384615384 0.6273258725961538 0.7196235384615384 0.6405208653846154 0.6997460192307692 0.6559351682692308 0.6728034639423076 0.6806538509615384 0.6477169326923077 0.7050809927884616 0.6340742836538461 0.7412628581730769 0.6187926105769231 0.7663559567307693 0.6298268028846153 0.7753385072115384 0.6376336874999999 0.756777576923077 0.6489730528846154 0.7335644639423078 0.6727420000000001 0.7216360985576924 0.6982517475961539 0.7100646129807693 0.7159786418269231 0.6915212211538461 0.7362016466346154 0.6741615817307692 0.762222920673077 0.6546303966346153 0.7756995216346154 0.62446290625 0.7814575504807693 0.5920410168269231 0.7829920697115385 0.5681618894230769 0.7858576875 0.54186753125 0.7848961586538461 0.5168047091346154 0.78388375 0.4971078004807692 0.7953517379807693 0.48332969230769235 0.807165201923077 0.46760630048076923 0.7887713774038462 0.46450747596153846 0.7673833076923077 0.4782680600961538 0.7591157860576924 0.4994227019230769
10 0.7159512475961538 0.45293907932692307 0.6970458894230769 0.4577999759615385 0.6434151298076922 0.480407625 0.6263283100961539 0.5004263365384616 0.6066302259615385 0.5199097163461539 0.5984644807692308 0.5303324639423077 0.5915922620192308 0.5537893894230769 0.569475875 0.58688996875 0.5711552115384616 0.62822909375 0.5701830432692307 0.6387825288461539 0.5736915625 0.6596631923076923 0.581667235576923 0.6807876201923077 0.5870826009615384 0.6960107692307692 0.5930362692307692 0.723441125 0.5942147259615385 0.7371236442307693 0.5923212716346155 0.7528645985576923 0.5957655168269231 0.7690277307692307 0.6103392259615384 0.7626439350961539 0.6218242139423077 0.7340471562499999 0.6146546586538462 0.7083836971153846 0.6122468653846154 0.6863845913461539 0.6068181081730769 0.6610779951923077 0.6050504591346153 0.6405542211538461 0.6020160456730769 0.62716325 0.605752 0.6010472908653847 0.6051494158653846 0.58412259375 0.6256401658653845 0.5500166850961539 0.6393095961538461 0.5340017163461538 0.6459139879807693 0.5272910985576923 0.6762739375 0.4985686754807693 0.69894215625 0.4877587788461539 0.7142506875 0.48283254326923075 0.7362922235576923 0.4806307475961538 0.7644266298076924 0.47967802884615385 0.7840872163461537 0.47564404807692306 0.7621983341346154 0.46174801442307695 0.7357912716346154 0.45297415384615386 0.7159512475961538 0.45293907932692307
10 0.5660316346153846 0.5707268125 0.5704748245192308 0.5965034206730769 0.5814581346153846 0.61085190625 0.5917745192307693 0.6035581754807692 0.5944740937499999 0.5832781778846153 0.5966621442307692 0.5709578485576923 0.5905305721153846 0.5503090961538462 0.59065759375 0.5488933918269231 0.5867795576923076 0.5554909206730769 0.5871625384615384 0.5380961850961539 0.5890425264423077 0.5122718269230769 0.5903093028846154 0.5051389711538461 0.6004971201923077 0.4884102980769231 0.5977036033653846 0.43810615865384617 0.6161751658653846 0.45600592307692306 0.6240463197115385 0.4421625240384615 0.624429298076923 0.42476778846153845 0.60316703125 0.40226364423076927 0.5879093870192308 0.40182391826923075 0.5806783100961538 0.4171426586538462 0.5872855192307692 0.45613177163461543 0.5802981490384616 0.4802371009615385 0.5742455264423076 0.5092383365384616 0.5677188076923076 0.5307498557692308 0.5617813341346154 0.5591027379807693 0.5660316346153846 0.5707268125
10 0.43076365144230766 0.4079145865384615 0.4289988100961538 0.4330905697115384 0.43165038461538463 0.46387625 0.4404187980769231 0.4703781394230769 0.45337323557692305 0.4837865985576923 0.46349952884615386 0.5080401394230769 0.48330213701923075 0.5235245552884615 0.5099662980769231 0.55116846875 0.5421341370192307 0.5732201634615385 0.5563285504807692 0.5593289543269231 0.565121 0.5402979855769231 0.5779200192307692 0.524104625 0.5780217908653846 0.5133727307692307 0.5554657548076923 0.52548446875 0.5413895384615385 0.5367770192307693 0.5158154591346154 0.5436309375 0.5079040504807693 0.5272240673076923 0.48989313221153846 0.5067305432692307 0.47879466105769236 0.49303048798076926 0.46907811778846153 0.4715491923076923 0.4596561730769231 0.4534885048076923 0.4615496274038462 0.43774755048076924 0.4732479326923077 0.4226725889423077 0.47689564663461537 0.4173719639423077 0.50636109375 0.4140039230769231 0.530912125 0.42306937259615385 0.5403983485576923 0.44584754326923076 0.55218778125 0.4556569615384615 0.5619149014423077 0.4415219615384615 0.5408830288461538 0.4177209254807692 0.5222963052884615 0.40046958894230766 0.4831785913461539 0.3870738485576923 0.44321726201923073 0.39366650240384615 0.43076365144230766 0.4079145865384615
10 0.5690845240384615 0.46718544711538457 0.5721189375 0.48057641586538463 0.5736937572115385 0.4869476947115385 0.5572832884615384 0.47714785096153844 0.5631470576923077 0.49553828125 0.5802098389423077 0.5010524278846155 0.5981804495192308 0.49129559855769234 0.5887585697115385 0.47323492307692305 0.5812943533653846 0.4441508125 0.5755201225961538 0.4207895 0.5754932716346154 0.40062260096153846 0.5834018557692308 0.37132978605769235 0.5853730384615384 0.3703898221153846 0.5776918966346154 0.3526860072115384 0.5850515913461538 0.3468022956730769 0.5926041201923077 0.3550710817307693 0.6018572043269231 0.3334464014423077 0.5705223389423076 0.3270225384615385 0.5512848990384616 0.34391216105769234 0.5361317764423077 0.37844025961538463 0.5341740528846154 0.38946367788461533 0.54878103125 0.4240444278846154 0.5608784543269231 0.4473579134615384 0.5690845240384615 0.46718544711538457
10 0.5388610264423077 0.4240268629807692 0.5686719471153846 0.4187135408653846 0.5826094326923077 0.4361501033653846 0.6015307524038461 0.43687459134615386 0.6028483966346154 0.424375875 0.5971893269230769 0.4003661346153846 0.5589554062500001 0.3972322235576923 0.5405240865384615 0.4095828004807692 0.5019072548076923 0.4238436394230769 0.47933021875000004 0.45953798076923075 0.46203993269230764 0.5010204471153846 0.4783742692307692 0.5258745384615385 0.5255560288461538 0.5395794447115384 0.5465611298076923 0.543213548076923 0.5588218389423077 0.5148130024038461 0.5455487139423076 0.5235166875 0.5146236105769231 0.5198649735576922 0.49197942067307693 0.5051420624999999 0.4824931875 0.48236393990384613 0.5158098894230769 0.4522315120192308 0.5201484951923077 0.44304025721153845 0.5388610264423077 0.4240268629807692
0 0.5529972740384616 0.7152328533653846 0.5568993389423077 0.6831025312500001 0.5485138365384615 0.6592059158653847 0.5168815576923077 0.6036616923076923 0.5075104975961539 0.5802350697115385 0.4915215841346154 0.5534356057692308 0.4783877283653846 0.5359579951923077 0.46164356490384617 0.5083317139423077 0.4398055 0.48906973317307695 0.4209241802884615 0.46839776923076926 0.3799878653846154 0.43984414903846153 0.36767358173076925 0.4279109783653846 0.3554235048076923 0.42069532211538463 0.3309127163461539 0.4418802139423077 0.33265351682692307 0.4422370889423077 0.3661658509615385 0.47195696394230774 0.3847525048076923 0.48920828365384617 0.34194972115384614 0.4965625192307692 0.3306611081730769 0.514409670673077 0.32106260576923074 0.537979670673077 0.3326485 0.5692528774038462 0.3380773197115384 0.5945594855769231 0.35470624519230765 0.6228342548076923 0.35941718509615384 0.6318645937499999 0.3858136033653846 0.6762547331730769 0.4085220721153846 0.6956951394230769 0.4195053798076923 0.7100436370192308 0.43270359375 0.7322386826923076 0.4323581081730769 0.734184016826923 0.4588428389423077 0.7577588245192307 0.4737684567307693 0.7702273293269231 0.507958298076923 0.7859730961538461 0.5530537884615385 0.8012663942307692 0.5669909615384615 0.7685051418269231 0.5529972740384616 0.7152328533653846
6 0.42552339423076924 0.7421915 0.4280462860576923 0.7635421514423076 0.47351410096153845 0.7970570432692308 0.5024172019230769 0.8070146586538461 0.51633034375 0.7997862524038462 0.5496095480769231 0.7851032259615385 0.5765012211538462 0.7657504903846154 0.5881112139423077 0.7714908533653847 0.62842084375 0.8086525985576922 0.6467771754807692 0.8272008004807693 0.6783692115384615 0.8524946875 0.7115226778846153 0.8740763990384616 0.7315556033653846 0.8882639831730769 0.7776981105769232 0.8621050432692308 0.7501635432692308 0.8342827379807692 0.7340968966346153 0.7926823125 0.7425679591346154 0.7500638701923077 0.7631095937500001 0.7105920264423078 0.7733991225961538 0.683131420673077 0.7903305408653847 0.6335107932692308 0.79857121875 0.592189204326923 0.8079768894230769 0.5544667091346154 0.7937797283653846 0.5226581730769231 0.7413246057692308 0.5132486346153846 0.64924025 0.49840297596153843 0.6006256682692308 0.4978453149038462 0.5488106370192308 0.48991101923076924 0.48863700721153847 0.4782470985576923 0.4524759783653846 0.4634412884615384 0.4176969350961538 0.44085430288461536 0.37554468028846155 0.4140675144230769 0.36442986778846154 0.4199754711538462 0.3615431514423077 0.4421112860576923 0.4092124831730769 0.4733892932692308 0.4782831370192308 0.5009901826923077 0.5267451274038462 0.5176456899038462 0.5980038269230769 0.5329262740384615 0.6585604254807692 0.5271955384615384 0.7255822884615385 0.5409354807692307 0.7223069110576923 0.5644576682692308 0.7342517451923077 0.6038689951923076 0.72968275 0.6143571153846155 0.7033054182692309 0.6714498990384615 0.709901983173077 0.7460553173076924 0.6981662548076923 0.7765796586538461 0.6993714903846153 0.8104290889423077 0.6434453485576923 0.7646894735576922 0.6031491802884615 0.7376111850961539 0.5553916105769231 0.7271484783653845 0.5045113125 0.7241102067307692 0.46947785096153843 0.7283528894230769 0.42552339423076924 0.7421915