9 0.7389472692307693 0.5493870889423077 0.7355291634615385 0.5590490408653846 0.7364661129807692 0.5716269206730769 0.7402862067307693 0.5849902451923077 0.7456095600961539 0.5920072716346154 0.7528325889423078 0.5948397668269231 0.777195204326923 0.5932617091346154 0.7889269999999999 0.5872698389423077 0.7957773701923077 0.5790293461538462 0.7981199855769231 0.5693986802884615 0.7979303677884615 0.558537701923077 0.7930802932692308 0.5478122980769231 0.7866890336538461 0.5412609975961539 0.7798017451923077 0.5371147620192308 0.7569878966346154 0.5349531538461538 0.7521671514423077 0.5361800432692307 0.7450806466346154 0.5411674567307693 0.7389472692307693 0.5493870889423077
4 0.7750163798076923 0.4890067283653846 0.7772593846153846 0.48394288942307695 0.7773296610576923 0.4674237692307692 0.7758066730769231 0.44182314423076924 0.7738776658653846 0.43405538221153844 0.7679207524038462 0.43183804567307693 0.7318804423076923 0.43223450961538457 0.72763915625 0.4358351730769231 0.7263872019230769 0.44630343028846153 0.7277129903846155 0.46060863701923077 0.7274814158653846 0.4884336057692308 0.7305627716346154 0.4902999326923077 0.7711032524038461 0.4908592043269231 0.7750163798076923 0.4890067283653846
4 0.7665716826923077 0.3442933317307692 0.7620335865384615 0.3411654038461539 0.734597201923077 0.3413115649038462 0.7233310985576923 0.3431606201923077 0.7204014375000001 0.3499830745192308 0.7205056057692307 0.3764942956730769 0.723386735576923 0.3977088125 0.7268265841346153 0.3995647163461538 0.766978233173077 0.39839665865384616 0.7695190576923078 0.389846875 0.7691625745192308 0.3694282331730769 0.7665716826923077 0.3442933317307692
15 0.6783976899038462 0.49160014423076925 0.6759413028846153 0.49471422115384617 0.678606028846154 0.5446225865384615 0.6798180432692308 0.5524112043269231 0.6836239759615383 0.5546911153846155 0.6868276923076924 0.5532939350961539 0.6890934519230769 0.5495334110576923 0.6867720552884615 0.4987457403846154 0.6861395024038461 0.4933308942307692 0.6825166105769231 0.4912629879807692 0.6783976899038462 0.49160014423076925
15 0.6755054230769232 0.42865860336538464 0.6770304254807692 0.4338301586538461 0.6811948533653845 0.43609963701923077 0.6856115961538461 0.43227654326923076 0.6859245841346154 0.4296594783653846 0.6854431947115385 0.3609972259615385 0.6837882427884616 0.35865474038461537 0.6771522596153846 0.3586304591346154 0.6750391995192307 0.3608652283653846 0.6755054230769232 0.42865860336538464
15 0.6381060168269231 0.5977426298076923 0.6403945288461539 0.5952854230769231 0.6417299134615385 0.5895959975961539 0.6389539639423076 0.5846781658653846 0.6362462764423077 0.5836702836538461 0.5973966514423077 0.608054766826923 0.5947572283653846 0.6109568389423077 0.5941388341346154 0.6166254086538461 0.5952750024038461 0.6200696346153846 0.59727328125 0.6215328125 0.6033601442307692 0.6209210793269231 0.6150388461538461 0.6118881322115385 0.6381060168269231 0.5977426298076923
10 0.6684381153846153 0.3936567524038462 0.6657000913461538 0.39091111298076925 0.6608641754807691 0.3912691274038461 0.6584229591346153 0.3952520841346154 0.6622713774038461 0.4307822355769231 0.6634030336538461 0.5572353341346153 0.6654392379807692 0.5608707067307692 0.668673295673077 0.5612112836538462 0.6724033798076923 0.5591468028846154 0.6737387668269231 0.553457375 0.6728194783653846 0.4391685793269231 0.6684381153846153 0.3936567524038462
14 0.6126723677884616 0.3222561826923077 0.6048243677884615 0.3144432836538461 0.5876165192307693 0.3149438822115384 0.5757254447115385 0.31181252403846155 0.5705310336538462 0.31218096394230765 0.563978483173077 0.3169355144230769 0.5606599855769231 0.3220306442307692 0.5699950649038461 0.3328429014423077 0.5893614783653847 0.33271417067307696 0.6044790240384615 0.3357516634615385 0.6115503605769231 0.32989537019230764 0.6141670312499999 0.3256899807692308 0.6126723677884616 0.3222561826923077
3 0.9714483052884616 0.923602735576923 0.9241249543269231 0.1596624110576923 0.5442117331730769 0.17245363221153848 0.5445698798076923 0.93244928125 0.9714483052884616 0.923602735576923
1 0.5190697403846154 0.7954984807692308 0.5213931538461538 0.18007405528846154 0.1383999375 0.1807809182692308 0.11034076682692308 0.7920368076923077 0.5190697403846154 0.7954984807692308
0 0.08467232211538461 0.825301920673077 0.08654367548076923 0.8257727908653846 0.09221789182692307 0.8221294855769231 0.11744802403846154 0.45965344951923076 0.14560710336538463 0.42926887259615387 0.21253806009615386 0.40123461298076923 0.3422506466346154 0.35398251923076923 0.490359125 0.2922820600961539 0.5786142379807692 0.2531925528846154 0.61369928125 0.20869328125 0.6159243581730769 0.17981047596153846 0.5649592812500001 0.12837145432692307 0.45626748317307697 0.1471857451923077 0.3510804399038462 0.20242008413461537 0.28417971875 0.23219258173076923 0.20342706490384616 0.29019426442307694 0.15394383653846155 0.33163422596153846 0.11318457692307692 0.3797767355769231 0.10481554086538461 0.5105491442307692 0.10694911057692308 0.5156115024038461 0.10444347115384615 0.5163630024038461 0.08467232211538461 0.825301920673077
6 0.2424034206730769 0.05775435576923076 0.16783434134615385 0.11201539182692308 0.15324865625 0.13117479326923076 0.11585437740384616 0.20404558894230768 0.0894629639423077 0.2535094375 0.0765518076923077 0.3356248293269231 0.07740154086538462 0.3842961370192307 0.07992789182692307 0.44683181009615386 0.11067380048076923 0.4824594495192308 0.16435977884615383 0.5174196634615384 0.28784439423076924 0.5242622019230769 0.3863179014423077 0.4953103317307692 0.47597650721153845 0.4544409423076923 0.5638067548076923 0.3910158125 0.5685780384615385 0.2534845168269231 0.5282584254807692 0.16248289182692308 0.5088002548076923 0.11609197836538462 0.5058847331730769 0.10993536298076924 0.5015101177884616 0.10934758413461537 0.4326901057692308 0.11134963461538461 0.4299796634615385 0.11167545673076923 0.4298226514423077 0.11143305048076924 0.41045552403846153 0.07025697596153846 0.3562827403846154 0.03626013461538462 0.32809455528846154 0.036130944711538465 0.2424034206730769 0.05775435576923076
6 0.16783434134615385 0.11201539182692308 0.1799557283653846 0.09609303365384615 0.1926166033653846 0.08181150480769231 0.2465529735576923 0.048937918269230773 0.28654615144230766 0.03907875240384616 0.3495400985576923 0.03202870192307693 0.3562827403846154 0.03626013461538462 0.43138515624999996 0.03660434134615385 0.4461628701923077 0.03783865144230769 0.4297996923076923 0.027954740384615387 0.38794781009615387 0.013519937499999999 0.24149299278846154 0.005606512019230769 0.1425035721153846 0.005007855769230769 0.08573020432692308 0.03970322596153846 0.03014039423076923 0.1421908173076923 0.025224870192307694 0.18929065865384614 0.00877111298076923 0.3149877211538462 0.015719927884615383 0.3843513413461539 0.03190862740384615 0.4899682331730769 0.07735641586538462 0.5460378557692308 0.08532148076923077 0.509284141826923 0.06391377884615385 0.43338440625 0.058459278846153845 0.36745574759615385 0.057670240384615386 0.32226091105769233 0.06932986298076924 0.2506167620192308 0.1053629639423077 0.1782636298076923 0.1406907860576923 0.1476705048076923 0.15324865625 0.13117479326923076 0.1602474951923077 0.11753604326923076 0.16783434134615385 0.11201539182692308