3 0.4109853605769231 0.7243117788461538 0.6899017788461539 0.7864501225961539 0.8560689855769231 0.22676741105769233 0.5644104975961539 0.13975824278846155 0.4164682836538462 0.7228487451923077 0.4109853605769231 0.7243117788461538
1 0.24503697596153848 0.1914360360576923 0.1398831105769231 0.6557758990384616 0.40365299759615386 0.7212370889423076 0.5262805600961539 0.26780758173076924 0.24503697596153848 0.1914360360576923
0 0.1735185264423077 0.41972586778846155 0.1731002644230769 0.4197874375 0.17323089182692308 0.4185155192307692 0.16563684855769228 0.38656018990384616 0.17571313461538463 0.3943456009615385 0.17694561778846152 0.3823447163461538 0.26910151682692307 0.41823730048076924 0.26438724038461536 0.4136373461538462 0.18140745192307695 0.34641455769230767 0.14461057451923076 0.3200560072115385 0.13212659615384614 0.3746580697115384 0.1551989230769231 0.49092869471153844 0.18060617548076924 0.5830971153846154 0.23753927403846153 0.6716450624999999 0.3207233269230769 0.7457612620192309 0.3799373341346154 0.7376276923076923 0.39290286778846156 0.6735534447115386 0.38379420192307695 0.6426818870192308 0.3790826274038462 0.6035587548076923 0.37400346153846153 0.5952214495192307 0.35098084855769235 0.5734361610576924 0.36603927644230766 0.6673048990384616 0.34882761298076925 0.7166996394230769 0.27729141826923076 0.6562462067307693 0.23344722596153847 0.5721119879807692 0.18871293028846156 0.48366312980769227 0.1735185264423077 0.41972586778846155
6 0.28568300240384614 0.16118403605769233 0.20447560096153847 0.14092581009615385 0.16364073317307692 0.08761363942307693 0.1432849158653846 0.09520150480769231 0.1511567980769231 0.14221555528846153 0.17204818990384615 0.1977348485576923 0.1793652716346154 0.27748030528846157 0.16715104567307693 0.3540519423076923 0.11204824999999999 0.3658802475961539 0.07652687980769231 0.4726293629807692 0.10146399519230768 0.5167669615384616 0.14628676923076925 0.5052859302884616 0.2046337860576923 0.37783159134615385 0.22547886298076922 0.32243606730769236 0.23103885576923078 0.27854614903846153 0.20569711057692308 0.20145408173076923 0.21762236057692308 0.19875116826923078 0.2895746802884615 0.23465607932692306 0.37112500000000004 0.25362490625 0.47077315865384617 0.2466813221153846 0.5194991490384615 0.2511691971153846 0.5421090216346154 0.28107357692307694 0.5081673822115385 0.37039069471153846 0.4754548076923077 0.48190084375000003 0.4415131514423077 0.5712180120192307 0.4350516322115385 0.6682963485576923 0.4412200649038462 0.7222093870192308 0.4712282211538461 0.71230990625 0.4650016057692307 0.6629401129807693 0.46789515625 0.5869388389423077 0.49381861538461536 0.49712578125 0.5277564399038461 0.4269762764423077 0.589598125 0.3017040240384615 0.5865233485576924 0.25580568990384617 0.5356782139423077 0.22481036778846153 0.46180317788461533 0.2076268317307692 0.368396985576923 0.18726945913461537 0.28568300240384614 0.16118403605769233
15 0.7889696394230769 0.2297461514423077 0.7859281153846154 0.22920977884615384 0.7822694254807693 0.23195182692307695 0.7820976009615385 0.23738700961538461 0.7840593990384614 0.24006760817307693 0.8029248846153846 0.24958872115384614 0.8093503413461539 0.2541630721153846 0.8117665024038462 0.2536984903846154 0.8143799110576923 0.25105550721153846 0.8152029326923077 0.24508739903846152 0.8133096201923077 0.24310712259615386 0.7889696394230769 0.2297461514423077
15 0.7798676033653845 0.2649284423076923 0.7743328245192308 0.2646676322115385 0.7716251009615385 0.2681441658653846 0.7723529807692308 0.2725909326923077 0.7851013822115385 0.2782938221153846 0.7995630745192308 0.28713279807692305 0.8010024350961539 0.28746759615384615 0.8052951009615386 0.2852152139423077 0.8064949807692308 0.2807035528846154 0.8036765384615384 0.27645491105769227 0.7931044062500001 0.27023163942307693 0.7798676033653845 0.2649284423076923
15 0.7807631875 0.3118466201923077 0.7675948677884615 0.30724375 0.763113983173077 0.3063725841346154 0.7597124110576924 0.30814784375 0.7576214375 0.313136625 0.7580581658653845 0.3158046875 0.7602684663461539 0.3180297932692308 0.7855426009615385 0.3283571826923077 0.7897064975961539 0.32898351923076924 0.7927996947115384 0.32645213701923076 0.7941709855769231 0.3212959543269231 0.7922264158653847 0.3175927716346154 0.7807631875 0.3118466201923077
14 0.6430226586538462 0.5634889447115385 0.6464070048076922 0.5627362692307692 0.6424403533653845 0.5599315336538462 0.6409501442307692 0.5530831658653846 0.6280988149038461 0.548725125 0.6218443533653846 0.5482969110576923 0.6160442572115384 0.544723514423077 0.611374735576923 0.5455194519230769 0.6061737572115384 0.5492715456730769 0.6050595817307692 0.5534609423076924 0.6071238966346153 0.5595873557692308 0.6098996923076924 0.5616018004807692 0.6187757572115384 0.5636663966346154 0.6215343293269231 0.5667034230769231 0.62610953125 0.5667410384615384 0.633529014423077 0.5694934182692308 0.6380529591346153 0.5678081274038461 0.6430226586538462 0.5634889447115385
14 0.6329323701923077 0.5334239759615385 0.6391527956730769 0.5311066995192307 0.6468293942307692 0.5328922980769231 0.6528611850961539 0.5322421274038461 0.6555430745192308 0.53029946875 0.6596048701923076 0.522689329326923 0.6530941177884616 0.5136465817307692 0.6515776586538462 0.5131227524038462 0.6459739855769231 0.5169522740384616 0.6433179302884615 0.5173610600961539 0.6288213798076924 0.5153579086538461 0.6227293076923076 0.5195871225961539 0.6202700889423076 0.5226081682692307 0.6156005673076923 0.5234041081730769 0.6197214062499999 0.5265869086538462 0.6218287788461538 0.5301568581730769 0.6265237235576924 0.5326176995192308 0.6329323701923077 0.5334239759615385
14 0.66561453125 0.4804571057692308 0.6617508125 0.4763075216346154 0.6378553461538462 0.4746846346153846 0.6338968942307692 0.47615926442307693 0.6290813822115384 0.48085650721153844 0.6256798125 0.4826317692307692 0.6329873389423077 0.49203094711538464 0.6375453221153846 0.49309114663461534 0.6499172764423077 0.4925469326923077 0.6587076370192307 0.49493378846153846 0.6617836081730769 0.49342499038461535 0.6671990576923077 0.48647191586538463 0.66561453125 0.4804571057692308
14 0.6243586298076923 0.3036977283653846 0.6195017091346154 0.2917887980769231 0.6082443413461539 0.2833529567307692 0.6008769423076923 0.27274216346153846 0.5969102932692307 0.2699374278846154 0.5956337307692308 0.2694693966346154 0.5912467475961539 0.2725553341346154 0.5873826153846153 0.27319641346153845 0.5864054038461538 0.27878645673076924 0.5873128966346154 0.2868680673076923 0.58941165625 0.2909493149038461 0.6007034711538461 0.2973399831730769 0.6065974711538462 0.3048704879807692 0.6093047860576923 0.3061846081730769 0.6156449519230769 0.30629056009615385 0.6243586298076923 0.3036977283653846
14 0.6148072235576924 0.1844447403846154 0.6101549254807692 0.18421809615384616 0.6038057355769231 0.18941409374999998 0.6031373125 0.19096960096153845 0.6039849326923077 0.19783960096153846 0.6068464326923076 0.19953178125 0.6178475096153846 0.19935308653846157 0.624307826923077 0.1970916105769231 0.6304167115384616 0.19663047115384616 0.6294144879807693 0.19417307451923077 0.6239486081730768 0.18982192307692308 0.6148072235576924 0.1844447403846154
11 0.7478391153846153 0.2886184375 0.7490562211538462 0.28308419471153845 0.7481831754807692 0.27295741586538463 0.7421263725961539 0.26556014182692306 0.7359149735576923 0.26257546875000004 0.7191306153846154 0.2629488389423077 0.7066635168269231 0.27390793028846155 0.6999965168269231 0.2884404158653846 0.7011611225961538 0.2955552427884615 0.7047845408653846 0.3044396850961538 0.7082283461538462 0.3096892836538461 0.713557264423077 0.3126397884615385 0.7261006322115384 0.3114510480769231 0.7384475769230769 0.3028593846153846 0.745593954326923 0.2932291610576923 0.7478391153846153 0.2886184375
11 0.7464887596153846 0.2496361033653846 0.75416659375 0.2370497235576923 0.75591515625 0.22855932692307693 0.7544249447115384 0.2217109591346154 0.7478370985576923 0.21247918028846155 0.7426882043269232 0.20837286057692309 0.7409318509615385 0.20779323076923079 0.7331006538461539 0.21042023317307693 0.7228188485576923 0.21555698557692307 0.7176006442307692 0.2203316610576923 0.7118764062499999 0.2313192716346154 0.7101795120192308 0.23674191586538462 0.71244025 0.2502712475961538 0.7170576899038461 0.2573337211538461 0.7228491730769231 0.26141840865384613 0.7343472596153846 0.2603287331730769 0.7464887596153846 0.2496361033653846
11 0.7408125240384614 0.20057934134615385 0.7484985576923078 0.19227232932692306 0.7578388365384616 0.1763084735576923 0.7612838798076923 0.16718609134615384 0.761130516826923 0.15722671153846154 0.7569416081730769 0.14855293269230768 0.7537032475961538 0.14540430528846154 0.7505075360576924 0.144489875 0.7460266490384615 0.14361870673076924 0.7393264350961538 0.14582438221153846 0.7240146514423077 0.15885936298076922 0.7208099134615384 0.1632468846153846 0.7147768870192308 0.17826903605769231 0.7146907716346154 0.18338195432692309 0.7154785216346154 0.18904033653846156 0.7184167019230769 0.1957122091346154 0.7230771995192308 0.2002182235576923 0.7312163629807693 0.20313800240384616 0.7408125240384614 0.20057934134615385
9 0.7276977572115384 0.5693256370192308 0.7318452572115385 0.5613932379807692 0.7341080552884616 0.5509692740384615 0.7339715048076924 0.54477796875 0.7317357788461538 0.5392960793269231 0.720829846153846 0.5290599014423077 0.7049025432692309 0.5262106586538462 0.7001641274038461 0.5310969350961539 0.6938059158653846 0.5415948846153846 0.6922804326923077 0.5463730072115385 0.6915427067307692 0.5568095096153847 0.6922619735576923 0.5617675673076923 0.6945321466346154 0.5652042884615385 0.7005463004807692 0.5703673629807692 0.7154709663461538 0.5755498653846154 0.7226509687499999 0.5734557884615384 0.7276977572115384 0.5693256370192308
10 0.5673883966346154 0.7358154350961539 0.5282348725961539 0.7202064783653845 0.4888074254807692 0.7017962331730769 0.46190529807692304 0.6928011514423077 0.45469987259615385 0.6916384447115385 0.45387685096153846 0.6976065504807691 0.45612980048076923 0.7020658533653846 0.4679530721153846 0.7055003725961538 0.47103724278846154 0.7082709375 0.4850195625 0.7122076586538462 0.5285764615384616 0.7332894110576924 0.5835629639423077 0.7525811610576922 0.5920449519230769 0.7542118966346153 0.6114246682692308 0.7617994447115385 0.6332549951923077 0.7668772379807692 0.6393552692307692 0.766927391826923 0.6503907908653846 0.7647035264423077 0.6561314278846153 0.7622746514423077 0.66249784375 0.7560560697115384 0.6700387139423077 0.7420690432692307 0.6744097091346154 0.7256337091346154 0.6762784206730769 0.7147758846153847 0.6754476129807692 0.7116739639423078 0.67377696875 0.7107720721153845 0.6717807259615385 0.710136641826923 0.6681048125 0.7139012692307692 0.6628250889423076 0.73662696875 0.6597228725961538 0.7444603052884615 0.6566723221153846 0.749225889423077 0.6513856394230769 0.7533002427884615 0.6465360913461539 0.7552519951923077 0.6338385408653846 0.756062673076923 0.6207985721153846 0.7533717403846154 0.5872823461538462 0.7414694134615385 0.5673883966346154 0.7358154350961539
14 0.596533641826923 0.23348874759615384 0.58965503125 0.2502845 0.6375804326923077 0.25535902403846156 0.6324442572115385 0.23636499759615384 0.596533641826923 0.23348874759615384
10 0.43094807692307696 0.6262663125000001 0.5113271298076923 0.6764539374999999 0.5570437884615385 0.6501197596153846 0.5903652043269231 0.5784577115384615 0.5492769014423077 0.5266267668269231 0.5255409735576924 0.5387341033653846 0.5456117163461538 0.5858473173076922 0.5416969903846154 0.6273814951923077 0.5014670264423077 0.6330849110576923 0.4421335408653846 0.5535629254807692 0.4353597451923077 0.4985890985576923 0.46647721153846156 0.48118179086538465 0.4606551971153846 0.46476656490384616 0.4017147403846154 0.47570216826923073 0.4006744543269231 0.5370735048076922 0.43094807692307696 0.6262663125000001
10 0.5112075865384615 0.5887983413461538 0.581322 0.5626623918269231 0.6220373173076923 0.5283189663461538 0.6206732980769231 0.4951412932692308 0.5727025961538461 0.4839831754807692 0.574467798076923 0.5085324615384615 0.5870860793269231 0.5256659735576923 0.5453457668269232 0.5447099158653846 0.4986735360576923 0.5516532692307693 0.4510418485576923 0.5583734014423076 0.4324700216346154 0.5554227091346153 0.448240625 0.5152770745192308 0.4564013966346154 0.4884224350961538 0.4250797403846154 0.49893632211538463 0.4172580432692307 0.5436692716346154 0.4022388197115384 0.5963123100961538 0.4408889951923077 0.6080408269230769 0.5112075865384615 0.5887983413461538
10 0.5062986466346154 0.46169151201923075 0.47935801923076926 0.49786975000000006 0.4996406274038462 0.5135410072115385 0.5150069591346154 0.5118115480769231 0.5138314278846153 0.49082735096153846 0.5604960432692307 0.5222194375 0.6089446322115385 0.5430730144230769 0.6494442451923077 0.5593392572115385 0.6869308413461539 0.5639511466346154 0.6954346009615384 0.5358071225961538 0.667133795673077 0.5196399759615384 0.6410214375 0.5258888004807692 0.6198450240384615 0.5250707043269232 0.5874329134615385 0.5052088774038461 0.5553637235576923 0.48405764663461537 0.5062986466346154 0.46169151201923075
10 0.3628718245192308 0.39957712980769233 0.39151171634615384 0.4336225408653846 0.42993287259615387 0.46293635336538463 0.46120231971153847 0.4703705336538461 0.45633970673076923 0.45417846875 0.46949798557692307 0.45450074038461535 0.5073929471153846 0.4728995144230769 0.5732497139423077 0.4895871418269231 0.6053881971153846 0.5066469447115385 0.6281444615384615 0.49003318028846155 0.6093029158653847 0.46511281490384615 0.5204895384615384 0.4389778197115385 0.4560044639423077 0.4171324903846154 0.3628718245192308 0.39957712980769233
10 0.25035428846153845 0.33232970432692305 0.2905110432692308 0.34988541586538463 0.32353580288461536 0.39042746394230765 0.3617736826923077 0.4075368389423077 0.3853467884615384 0.4184967163461539 0.4141292548076923 0.42519159615384616 0.4919150913461538 0.4200086971153846 0.5184396802884615 0.4083789471153846 0.5723788725961538 0.3894341105769231 0.6145353245192308 0.34584159615384613 0.6378880024038461 0.29401231971153846 0.6346983870192309 0.27385725961538465 0.595489514423077 0.3140277956730769 0.5490138269230769 0.36619984375 0.49665055288461535 0.3868805600961539 0.45491401201923076 0.38675677884615384 0.3837785793269231 0.3784256201923077 0.3297122403846154 0.3480502524038461 0.2583108942307692 0.29858154807692305 0.2093074831730769 0.31045947596153844 0.21595022596153848 0.33528074519230766 0.25035428846153845 0.33232970432692305
10 0.47708450480769227 0.21528890384615387 0.5269779302884615 0.20772564423076922 0.5806320600961539 0.24348183894230768 0.6113294831730769 0.26979074999999997 0.6264835889423076 0.22813260576923078 0.5322604951923077 0.1802015264423077 0.4749035961538462 0.15453747115384614 0.3972526442307692 0.17070526442307693 0.32555851442307693 0.21427316346153846 0.25653459375 0.2707846826923077 0.21328390384615387 0.3031692620192308 0.247002125 0.30279702163461536 0.31992918509615387 0.26225438942307694 0.36674405769230767 0.2279605216346154 0.47708450480769227 0.21528890384615387
10 0.6057270096153846 0.1835981923076923 0.5715309831730769 0.17427493990384615 0.5173952788461539 0.14799098076923076 0.44352415865384615 0.11163975 0.38122768269230767 0.11221043028846153 0.33022837259615384 0.16606875721153846 0.24651473557692308 0.2474634110576923 0.2189054831730769 0.29352338942307693 0.2601680673076923 0.26478396875 0.32418681971153845 0.21943086057692307 0.36689037740384617 0.18144236298076924 0.4637297139423077 0.16973783894230768 0.5234177067307693 0.19046735336538462 0.556789173076923 0.21055222355769232 0.6016081057692307 0.21823890384615385 0.6523222740384615 0.21908163942307693 0.661785435096154 0.19116077644230767 0.6057270096153846 0.1835981923076923