3 0.13389263701923076 0.4329977259615384 0.1370990673076923 0.8714205360576923 0.529233985576923 0.8550727211538462 0.4841035216346154 0.41588417788461535 0.13389263701923076 0.4329977259615384
1 0.5074383485576923 0.4199753004807692 0.5439815048076923 0.7710456009615385 0.9301952788461538 0.7534904254807693 0.8499768701923076 0.39661573076923073 0.5074383485576923 0.4199753004807692
0 0.8825463028846153 0.5031606850961539 0.8692547427884616 0.5025306802884615 0.8544324855769231 0.4953311826923077 0.8214744254807692 0.48310171153846154 0.7790893076923078 0.46471860096153844 0.73046878125 0.4546440552884615 0.6834071730769231 0.44249236538461534 0.6552281634615384 0.43400126923076926 0.5861009831730769 0.4216815769230769 0.5205205649038461 0.4184852403846154 0.4568343365384615 0.4133109951923077 0.4334550721153846 0.42099913461538463 0.4331092331730769 0.4442926274038462 0.46619793990384617 0.4578451875 0.5257390552884615 0.47133469951923074 0.5963968581730769 0.4902238413461539 0.7115122932692307 0.5127567355769231 0.7647809567307693 0.5252465384615385 0.8242568100961538 0.5380744855769231 0.8925064735576923 0.5504403701923077 0.9393403004807692 0.756786423076923 0.9503916009615385 0.7615244735576923 0.9536079471153845 0.7607532475961538 0.9601068028846154 0.7437989615384615 0.9458084735576923 0.6793811754807693 0.9528569399038461 0.6078541514423077 0.9509814134615385 0.5822105649038462 0.9151406875 0.58316378125 0.9004402019230769 0.5593326706730769 0.944098908653846 0.5352653389423077 0.9327908100961538 0.5118197379807692 0.905778639423077 0.4972821370192308 0.8825463028846153 0.5031606850961539
6 0.48726432451923074 0.3903287764423077 0.48489304086538465 0.4328123365384616 0.48880359134615387 0.45455167548076925 0.4961583317307693 0.4754445769230769 0.5025050504807692 0.4950605721153846 0.51194125 0.5191689495192308 0.523617641826923 0.5391692596153846 0.5442921057692307 0.5520456370192307 0.5605143413461539 0.5644914639423078 0.5696802307692308 0.5679987860576923 0.6089759302884615 0.5818895096153847 0.6261037716346153 0.5856425216346154 0.644790264423077 0.5873184543269231 0.6760869807692308 0.5916553149038462 0.715476295673077 0.597560985576923 0.7536614038461539 0.6002050528846155 0.8037382956730769 0.5982328149038462 0.8230409375 0.5972162572115385 0.877756954326923 0.5797044975961538 0.9090075600961539 0.5567784471153846 0.9154388124999999 0.5504546682692307 0.9220198004807691 0.5188527283653847 0.9250631682692307 0.4960821177884615 0.9212372307692308 0.4484030793269231 0.9103075673076924 0.42703339903846155 0.8880934014423078 0.3896328581730769 0.8529886274038462 0.3735263774038462 0.8052737716346154 0.3547590096153846 0.7782333798076924 0.34886799278846153 0.7455366153846155 0.3392847788461539 0.6755692932692308 0.3363194759615385 0.6352033942307693 0.33903455528846155 0.5896872115384615 0.3508175120192308 0.5766287259615385 0.36148034375 0.5673299278846154 0.37155811298076924 0.5377710865384615 0.37882195913461536 0.5246101754807693 0.3795150697115384 0.4902983125 0.3893021538461538 0.48726432451923074 0.3903287764423077
6 0.8343865432692308 0.3459107283653846 0.8774903653846154 0.37157101682692306 0.8979407620192308 0.39110924759615384 0.9117920216346154 0.4063399831730769 0.9266231538461539 0.4314942331730769 0.938467360576923 0.4621258221153846 0.9389708822115386 0.4940197091346154 0.9399878557692307 0.5132513942307693 0.9382421057692307 0.5312985552884615 0.9336399447115385 0.5561461971153846 0.9195452692307692 0.5741787067307692 0.9240065745192307 0.5925639759615385 0.9461937163461538 0.5761003269230769 0.9621084759615385 0.5586369879807692 0.9742997115384615 0.503464233173077 0.9798727427884616 0.4705854110576923 0.9744597836538461 0.43362999038461536 0.9726306923076924 0.415106125 0.9574074759615385 0.38598248557692305 0.9376667716346153 0.3557667091346154 0.91936321875 0.34010545192307695 0.8530551514423077 0.31167716346153845 0.7986196490384615 0.30523384375 0.732777858173077 0.29939123076923074 0.6483239158653846 0.3104890168269231 0.6178764254807692 0.3147525528846154 0.5910692355769231 0.32015437019230764 0.5436335649038462 0.33994273317307694 0.5250494326923077 0.3482365793269231 0.5226734014423077 0.35030745673076924 0.5555622475961539 0.3446346009615385 0.6300101610576923 0.33938386057692305 0.6352033942307693 0.33903455528846155 0.6670848822115385 0.33078127163461535 0.6863875216346155 0.32976471153846154 0.7127093413461538 0.32837849278846154 0.7434181322115384 0.3267612379807692 0.7906386177884616 0.3315894807692308 0.8224579254807692 0.34121885817307696 0.8343865432692308 0.3459107283653846
15 0.4244599951923077 0.6582966826923078 0.4213704951923077 0.6588333509615385 0.4194886346153846 0.6615501658653845 0.42273885096153846 0.6659911514423077 0.4472895649038462 0.6734239014423077 0.45557925721153847 0.67697621875 0.4619541754807692 0.6778870192307692 0.4646166394230769 0.6763756201923077 0.46450490144230766 0.6718940024038461 0.46112152644230775 0.6694544783653846 0.4289882548076923 0.6589307764423077 0.4244599951923077 0.6582966826923078
15 0.37749983894230765 0.6081663245192307 0.3743858509615385 0.6084549711538462 0.37177236298076927 0.6104624038461538 0.3716560504807692 0.6226845 0.3728591153846154 0.6415683701923077 0.37492618028846153 0.64407721875 0.3792531658653846 0.6443479519230769 0.38216588221153847 0.6436959447115385 0.3837431586538462 0.6412444759615384 0.38179162499999997 0.611430579326923 0.3809375528846154 0.6094811129807692 0.37749983894230765 0.6081663245192307
15 0.3630111850961538 0.5351348990384616 0.36746524278846154 0.5735426995192308 0.3683193149038461 0.5754921634615384 0.3729700216346154 0.5773663365384615 0.3762118173076923 0.5766969975961538 0.37778908894230767 0.5742455288461539 0.3731636033653846 0.5341016177884615 0.3700059879807692 0.5322734663461538 0.3649420240384615 0.5329141129807693 0.3630111850961538 0.5351348990384616
9 0.3317764855769231 0.6509618197115384 0.3283005072115385 0.6459094615384615 0.3192600552884616 0.6397789711538462 0.3083568774038462 0.6382340817307692 0.2883267788461538 0.641408048076923 0.2769644326923077 0.6486130360576923 0.27367672596153847 0.6555174326923077 0.27620374278846155 0.6643593509615384 0.28142842307692306 0.6686963485576923 0.28628040384615383 0.6709338798076924 0.29872565384615385 0.6730208245192307 0.32077384134615383 0.671859670673077 0.32503271394230765 0.6697655889423076 0.3312821153846154 0.6627052163461538 0.3317764855769231 0.6509618197115384
14 0.4745071706730769 0.5018394278846153 0.4661386514423077 0.4991638317307692 0.4619884495192308 0.4990084399038462 0.44914907451923075 0.5013051033653846 0.4339870264423077 0.5018542956730769 0.4251838293269231 0.5081765889423078 0.42623381971153845 0.5121101850961538 0.43498039423076923 0.5152644831730769 0.4409037860576923 0.5149525336538462 0.45025111298076925 0.5124658173076923 0.46280503125 0.5123032860576923 0.46928862259615384 0.510964610576923 0.47520359134615386 0.5055423389423077 0.4745071706730769 0.5018394278846153
4 0.33282029326923074 0.5878325288461539 0.33107388221153844 0.5801960288461538 0.32639868269230765 0.57807384375 0.31766588701923076 0.5784090937499999 0.2902981298076923 0.5809722716346154 0.28766015624999997 0.5827316875 0.28512856009615384 0.5905934831730769 0.2866300769230769 0.5957498245192308 0.28739232451923075 0.61016940625 0.29080019471153845 0.6128569495192308 0.2971506201923077 0.6135197307692308 0.31282388942307693 0.6114477836538461 0.3296313245192308 0.6108119350961538 0.3328784735576923 0.6085218317307692 0.33282029326923074 0.5878325288461539
4 0.3184954206730769 0.5265098413461539 0.29006696153846157 0.5283809639423077 0.2880626514423077 0.5298577019230769 0.2863361514423077 0.5391729350961538 0.28723156250000004 0.5515910576923078 0.2895871466346154 0.5586968653846154 0.29223889903846156 0.5604270048076923 0.33046085817307697 0.5589126826923076 0.33248965865384617 0.5576839639423077 0.33066057211538463 0.5291101466346154 0.3262409855769231 0.5262265817307692 0.3184954206730769 0.5265098413461539
10 0.3921414711538462 0.5889466177884615 0.39012260336538457 0.5718508557692308 0.3915766490384615 0.553076358173077 0.3904179903846154 0.5513922379807693 0.3873093533653846 0.5500601201923077 0.3821964086538462 0.5502047355769231 0.38052117788461537 0.551664141826923 0.3785911153846154 0.5689678725961538 0.38634057451923076 0.6440993533653846 0.38863340625 0.6472195745192307 0.3908826105769231 0.6482229975961539 0.3971350817307692 0.6478937163461538 0.3990169423076923 0.6451768990384615 0.39474809134615385 0.6119947668269231 0.393825125 0.5925975336538462 0.3921414711538462 0.5889466177884615