10 0.5482390865384615 0.39054232692307694 0.5571676586538461 0.38955026442307694 0.5603918653846154 0.3912037043269231 0.5794890865384615 0.3898809519230769 0.5866815480769231 0.39087301682692305 0.6085069447115384 0.3898809519230769 0.6119791658653846 0.39087301682692305 0.6158234134615385 0.38905423317307697 0.6160714278846153 0.3850859783653846 0.6150793653846154 0.38045634855769234 0.6122271826923077 0.37764550240384614 0.540302579326923 0.37731481490384616 0.5219494038461538 0.3796296298076923 0.5194692451923077 0.3809523798076923 0.5183531754807692 0.38277116346153844 0.5181051586538461 0.3880621682692308 0.5199652788461538 0.39153439182692307 0.5220734134615385 0.392361110576923 0.5291418653846154 0.39021163942307696 0.5375744038461538 0.39087301682692305 0.5412946418269231 0.388888889423077 0.5482390865384615 0.39054232692307694
14 0.484375 0.45453042307692304 0.486111110576923 0.4446097884615385 0.486111110576923 0.4393187836538462 0.48487103125 0.4356812163461538 0.4822668653846154 0.43022486778846153 0.47978670673076923 0.4295634927884615 0.4785466274038462 0.4295634927884615 0.4744543653846154 0.43501984134615385 0.4727182548076923 0.4393187836538462 0.4724702379807692 0.4432870360576923 0.4729662692307692 0.4502314807692308 0.47123015865384615 0.4697420625 0.47420634855769234 0.47800925961538465 0.4744543653846154 0.4866071418269231 0.47619047596153846 0.4872685192307692 0.4786706346153846 0.48561507932692305 0.47916666586538464 0.48131613701923076 0.48412698317307695 0.4723875673076923 0.484375 0.45453042307692304
15 0.5415426586538461 0.36574074038461535 0.5142609134615385 0.3650793653846154 0.5021081346153846 0.3650793653846154 0.5 0.3702050264423077 0.5002480168269231 0.3731812163461538 0.5021081346153846 0.375 0.5262896826923077 0.37549603125 0.5417906754807692 0.375 0.5441468245192308 0.37285052884615383 0.5443948413461539 0.37053571394230767 0.5415426586538461 0.36574074038461535
15 0.6085069447115384 0.36474867788461535 0.6035466274038461 0.36441799038461536 0.5770089278846154 0.3670634927884615 0.5761408725961539 0.36954365144230766 0.576388889423077 0.37384259375 0.5794890865384615 0.3759920625 0.5828373004807692 0.37582671875 0.6090029759615384 0.3746693125 0.6113591274038461 0.37152777884615384 0.6108630961538462 0.3665674591346154 0.6085069447115384 0.36474867788461535
15 0.6330605168269231 0.40972222115384616 0.629340278846154 0.4100529110576923 0.6279761899038461 0.4131944447115385 0.6287202379807693 0.4178240745192308 0.6408730168269231 0.4492394182692308 0.6432291658653846 0.45304232692307694 0.647197420673077 0.4556878317307692 0.6512896826923077 0.45618386298076924 0.6475694447115384 0.4426256610576923 0.6438492067307693 0.4356812163461538 0.6356646826923077 0.41253306971153847 0.6330605168269231 0.40972222115384616
4 0.576884920673077 0.28753306971153847 0.5740327379807693 0.28240740625 0.5507192451923077 0.28240740625 0.5448908725961539 0.2852182548076923 0.5434027788461538 0.29712301682692305 0.5431547620192307 0.3239087307692308 0.5452628966346154 0.3287037043269231 0.5540674591346154 0.32953042307692304 0.5646081346153846 0.32771163942307696 0.5735367067307693 0.32804232692307694 0.5753968245192308 0.3262235456730769 0.576884920673077 0.28753306971153847
4 0.521701389423077 0.33432539663461536 0.5238095240384616 0.3321759254807692 0.5245535721153846 0.30009920673076923 0.5243055552884616 0.29216269951923074 0.5224454374999999 0.2883597884615385 0.5184771826923077 0.2873677259615385 0.49962797596153846 0.2883597884615385 0.493923610576923 0.2893518509615384 0.4915674591346154 0.29183200961538464 0.4915674591346154 0.30505952403846154 0.49057539663461536 0.31266534375 0.4913194447115385 0.32919973557692306 0.4941716274038462 0.33333333413461536 0.498263889423077 0.33482142788461544 0.5031001995192308 0.33267195673076927 0.5142609134615385 0.3320105817307692 0.5179811514423076 0.3320105817307692 0.521701389423077 0.33432539663461536
9 0.6359126995192308 0.3067129639423077 0.6356646826923077 0.2855489423076923 0.6334325408653847 0.27562830769230773 0.6307043653846154 0.2700066129807692 0.6276041658653846 0.26653439182692307 0.6201636899038461 0.2638888894230769 0.6156994038461538 0.2638888894230769 0.6073908725961539 0.2713293653846154 0.6036706346153846 0.280588625 0.6016865072115385 0.29712301682692305 0.6039186514423076 0.31101190384615385 0.6102430552884616 0.3191137572115385 0.6160714278846153 0.3222552908653846 0.6273561514423077 0.32010581971153845 0.6336805552884616 0.31332671875 0.6354166658653846 0.31035052884615383 0.6359126995192308 0.3067129639423077
3 0.3958333100961538 0.1441798966346154 0.38753032211538463 0.48790909855769227 0.8299172475961538 0.49717100480769233 0.8249577548076924 0.10155353365384616 0.3958333100961538 0.1441798966346154
1 0.3958333100961538 0.5128968269230769 0.38753032211538463 0.8623564134615385 0.7416381634615384 0.8927885673076923 0.7376706298076924 0.520987483173077 0.3958333100961538 0.5128968269230769
0 0.7793303485576922 1 0.7882573774038462 0.9668841298076922 0.7823060745192307 0.924543735576923 0.7363322884615384 0.92929771875 0.7555248389423077 0.9324826298076924 0.7475896177884616 0.965561014423077 0.6999784447115385 0.989377391826923 0.6523672716346154 0.9907005072115385 0.5958290697115385 0.9774691538461538 0.5878938485576923 0.9602684543269231 0.5836264447115385 0.9450884711538462 0.5434942451923077 0.9492383942307693 0.5472260889423077 0.9840848317307693 0.5502016658653847 1 0.7793303485576922 1
0 0.4797768653846154 0.6929950889423077 0.4520037451923077 0.6268383173076923 0.4460523653846154 0.6016987235576923 0.4069940240384616 0.47982804326923073 0.39447358413461536 0.46409262019230774 0.3845545961538462 0.5024635673076923 0.3845545961538462 0.5276031610576923 0.39447358413461536 0.5990524423076923 0.4024088028846154 0.6466853485576922 0.41232779326923075 0.6837331298076923 0.4301819254807692 0.7221040264423078 0.45398751201923077 0.7551824639423077 0.46688222596153844 0.7789988413461538 0.4797768653846154 0.8147235576923078 0.5015986850961538 0.8570638509615385 0.5065581778846154 0.8888191201923077 0.5065581778846154 0.9192512764423076 0.5263961538461538 0.9510064447115384 0.5434942451923077 0.9492383942307693 0.5422665961538462 0.9377750913461539 0.5700396418269231 0.9139587139423077 0.57599109375 0.9179280600961538 0.5836264447115385 0.9450884711538462 0.7363322884615384 0.92929771875 0.5482178966346154 0.8980810288461538 0.5442503629807692 0.8927885673076923 0.5412746370192308 0.8716183197115386 0.5392908701923077 0.8530945048076923 0.53234753125 0.8253085793269231 0.5075500625 0.7631212548076923 0.49663918990384615 0.7340123677884616 0.4797768653846154 0.6929950889423077
6 0.3111540697115384 0.8941116826923078 0.33396777163461533 0.9311594134615385 0.35578951442307694 0.9562990072115384 0.41927105288461536 0.9734998076923076 0.46589034134615387 0.9761460384615385 0.53234753125 0.9787923701923076 0.5789668221153846 0.9787923701923076 0.5849181225961538 0.9443907692307693 0.5809505889423077 0.924543735576923 0.5551611586538462 0.9218975072115385 0.5262566466346154 0.9263040408653846 0.5148735600961538 0.9311244735576923 0.4867202019230769 0.9510064447115384 0.43117388461538464 0.935128860576923 0.4063764134615384 0.924543735576923 0.36769234615384616 0.895434798076923 0.3389272644230769 0.8623564134615385 0.32900827644230773 0.8213392355769231 0.31809740625 0.7842914014423077 0.30817841826923076 0.7300428701923077 0.30817841826923076 0.6863794110576923 0.3131379110576923 0.6506547451923077 0.3210058485576923 0.6361226754807692 0.3220650168269231 0.6149300793269231 0.3220650168269231 0.5805285769230769 0.32215768990384613 0.5794434495192308 0.3091703004807692 0.5924367668269231 0.29230805288461537 0.6175763605769231 0.27643761057692307 0.6784405697115384 0.2794133365384615 0.7723831634615385 0.2903242091346154 0.8186929038461539 0.3111540697115384 0.8941116826923078
6 0.60971559375 0.7353353822115385 0.594837110576923 0.6943183052884615 0.5561531177884615 0.6030218389423078 0.5353231826923077 0.5580352668269231 0.509533829326923 0.5249568798076922 0.48572831730769234 0.5143718076923076 0.44406852403846153 0.5064329639423076 0.4073682980769231 0.5090792451923076 0.39149793269230765 0.5130486418269231 0.35614019230769234 0.5463416850961539 0.35380574759615385 0.5527427043269231 0.3502537932692308 0.591324608173077 0.3389272644230769 0.6030218389423078 0.3210058485576923 0.6361226754807692 0.32008117307692313 0.6546242427884615 0.31710552163461536 0.7154883509615384 0.33396777163461533 0.7697369326923076 0.3458705264423077 0.801492204326923 0.3637247355769231 0.8491250576923076 0.3746356081730769 0.865002641826923 0.39447358413461536 0.8901422355769231 0.4410928725961538 0.929836298076923 0.5085419447115385 0.9338057451923076 0.5148735600961538 0.9311244735576923 0.5204447764423077 0.9271900673076924 0.5262566466346154 0.9263040408653846 0.5710316009615385 0.9073430360576923 0.5829343557692307 0.8835265576923077 0.5938453028846153 0.846478826923077 0.6087237860576923 0.796199641826923 0.60971559375 0.7353353822115385