3 0.16335976923076923 0.48627645673076925 0.16286494711538463 0.7719873629807693 0.7527141129807693 0.7692770384615385 0.7483056730769231 0.48612607451923073 0.16335976923076923 0.48627645673076925
1 0.2846119735576923 0.20519180048076924 0.2792477115384615 0.4705246610576923 0.7483056730769231 0.46920154567307687 0.7438972355769231 0.19795877163461537 0.2846119735576923 0.20519180048076924
0 0.4220811129807692 0.38531783413461534 0.4873260240384615 0.4031801442307692 0.5887201249999999 0.4210424759615385 0.7130381610576924 0.42831973557692304 0.7466856009615385 0.42464297596153844 0.7513680889423077 0.4169133389423077 0.6874691346153846 0.41839622115384617 0.5851933605769231 0.41045740384615387 0.4855626754807692 0.3945797692307692 0.41943608894230766 0.37605587740384616 0.3832869014423077 0.34694688701923077 0.3832869014423077 0.2973293221153846 0.4018023317307692 0.241757625 0.43706984615384614 0.2020635673076923 0.4767457980769231 0.18023183173076923 0.4953762259615385 0.17453660576923077 0.49025541105769227 0.16300946875 0.4890894399038462 0.16303106971153847 0.42296285336538464 0.19875573076923075 0.38769534134615385 0.24903487259615384 0.36565314663461534 0.31254539903846157 0.37623337259615386 0.3588551274038462 0.4220811129807692 0.38531783413461534
6 0.23251823076923075 0.28513973798076925 0.28012938701923074 0.2831550408653846 0.3356757451923077 0.2686005456730769 0.3700615841346154 0.23816843990384615 0.4044473557692308 0.21038259134615386 0.42583215625 0.18731660096153846 0.4116688028846154 0.18554537499999998 0.4182480096153846 0.17772900721153845 0.3682981682692308 0.18061204567307693 0.30217158173076925 0.19119711778846152 0.22634644230769232 0.22361394711538463 0.20518592067307692 0.25801547115384615 0.23251823076923075 0.28513973798076925
6 0.28012938701923074 0.2865992403846154 0.23516331971153845 0.31107725 0.22987320673076922 0.3494481730769231 0.26337730528846154 0.38649597836538463 0.3153968990384615 0.41295868750000003 0.3806418125 0.43346727644230765 0.4502951634615385 0.43545197355769233 0.5067231971153846 0.41692808413461535 0.5499258461538461 0.38384969711538464 0.5538852716346153 0.37860106490384615 0.54551740625 0.37671743509615385 0.5412929855769231 0.3751872043269231 0.5524190480769231 0.36266467307692307 0.5428723846153847 0.3600332716346154 0.4705739423076923 0.34084779567307694 0.40885579567307695 0.3157082283653846 0.35154608653846153 0.29189180048076924 0.28012938701923074 0.2865992403846154
12 0.7258597884615384 0.64893353125 0.7334656081730769 0.6392609134615385 0.7400793653846154 0.6241319447115384 0.7414021153846153 0.6114831346153846 0.7400793653846154 0.5973462307692308 0.7371031754807693 0.5946180552884616 0.7314814807692307 0.5819692451923077 0.7242063485576923 0.5735367067307693 0.7091600528846154 0.5627480168269231 0.6899801586538461 0.5538194447115384 0.6787367716346153 0.5510912692307692 0.6658399471153846 0.5503472211538462 0.6526124326923076 0.5510912692307692 0.6507936514423077 0.5527033725961539 0.6511243389423077 0.5576636899038461 0.6484788365384616 0.5633680552884616 0.6440145504807693 0.5662202379807693 0.6380621682692307 0.5674603173076923 0.62450396875 0.5649801586538461 0.6220238100961539 0.5618799591346154 0.6119378317307692 0.5543154759615384 0.5967261899038461 0.564236110576923 0.5889550264423077 0.5710565480769231 0.5744047620192307 0.5911458341346154 0.5724206346153846 0.6090029759615384 0.5753968245192308 0.6256200408653847 0.5803571418269231 0.634052579326923 0.5859788365384616 0.6382688485576923 0.5929232812499999 0.647197420673077 0.6119378317307692 0.6609623004807692 0.628472221153846 0.668402778846154 0.6374007932692307 0.6711309519230769 0.6502976201923077 0.6728670625 0.669642858173077 0.6732390865384615 0.6850198413461539 0.6711309519230769 0.701223545673077 0.6651785721153847 0.7151124326923076 0.657490079326923 0.7258597884615384 0.64893353125
15 0.6822089951923077 0.5207093245192308 0.6803902115384616 0.517361110576923 0.6744378317307693 0.516865079326923 0.6726190480769231 0.5184771826923077 0.6726190480769231 0.5244295625000001 0.6765873004807692 0.5450148798076924 0.6792328052884616 0.5507192451923077 0.6803902115384616 0.5515873004807692 0.6858465600961539 0.5519593245192308 0.6884920625 0.5504712307692308 0.6888227524038462 0.5477430552884616 0.684193122596154 0.5323660721153846 0.6822089951923077 0.5207093245192308
15 0.4970238100961539 0.5023561514423076 0.49255952403846154 0.501736110576923 0.49057539663461536 0.5022321418269231 0.4884259254807692 0.5048363100961539 0.4818121682692308 0.5447668653846154 0.48462301682692305 0.5483630961538462 0.4880952379807692 0.5487351201923076 0.4914021153846154 0.5467509927884615 0.4920634927884615 0.5370783725961539 0.4980158725961538 0.5078125 0.4970238100961539 0.5023561514423076
15 0.4413029110576923 0.5915178581730769 0.39368386298076924 0.5917658725961539 0.38607804326923073 0.5922619038461538 0.3832671947115385 0.5938740072115385 0.38227513221153847 0.5958581346153846 0.3829365072115385 0.5983382932692307 0.3864087307692308 0.5997023798076924 0.4252645504807692 0.5995783725961539 0.4413029110576923 0.5987103173076923 0.44510581971153845 0.5961061514423076 0.44477513221153847 0.5923859134615385 0.4413029110576923 0.5915178581730769
15 0.36954365144230766 0.5749007932692307 0.31398809615384615 0.5749007932692307 0.30985449759615386 0.5767609134615385 0.3095238100961539 0.5807291658653846 0.31266534375 0.5823412692307692 0.3419312163461538 0.5832093245192308 0.3688822740384615 0.5825892860576923 0.3730158725961538 0.5804811514423076 0.37367724759615384 0.5765128966346154 0.36954365144230766 0.5749007932692307
15 0.23561507932692308 0.5907738100961539 0.23313492067307692 0.5921378966346154 0.23214285817307692 0.5951140865384615 0.23247354567307693 0.5968501995192308 0.23561507932692308 0.5982142860576923 0.28802910096153844 0.5983382932692307 0.2953042331730769 0.5963541658653846 0.2961309519230769 0.5917658725961539 0.28885581971153845 0.5907738100961539 0.23561507932692308 0.5907738100961539
4 0.26289682451923074 0.6459573413461539 0.2652116394230769 0.6432291658653846 0.2652116394230769 0.6278521826923077 0.26686507932692305 0.6169394831730769 0.26537698317307695 0.6138392860576923 0.2620701057692308 0.6125992067307693 0.2243716923076923 0.6133432548076923 0.21891534375 0.6156994038461538 0.21792328125000002 0.6186755961538462 0.21858465625 0.6439732139423077 0.22139550240384614 0.6470734134615385 0.22585978846153848 0.6481894831730769 0.23660714182692308 0.6463293653846154 0.2541335985576923 0.6475694447115384 0.2597552908653846 0.6473214278846153 0.26289682451923074 0.6459573413461539
4 0.3406084663461538 0.6137152788461538 0.3371362427884615 0.6128472211538462 0.3024140216346154 0.6130952379807693 0.29778439182692307 0.6140873004807692 0.29497354567307693 0.6164434519230769 0.29398148076923075 0.6226438485576923 0.29497354567307693 0.647197420673077 0.29811507932692305 0.6490575408653847 0.3017526466346154 0.6493055552884616 0.31398809615384615 0.6483134927884616 0.3247354495192308 0.6491815480769231 0.3377976201923077 0.6483134927884616 0.34126984134615385 0.646701389423077 0.3419312163461538 0.6171875 0.3406084663461538 0.6137152788461538
4 0.41666666586538464 0.6156994038461538 0.41534391586538466 0.6134672620192307 0.4131944447115385 0.6121031754807692 0.4032738100961539 0.6116071418269231 0.37648809615384615 0.6116071418269231 0.37417328125 0.6125992067307693 0.3720238100961539 0.6152033725961539 0.3713624326923077 0.6414930552884616 0.37235449759615386 0.6459573413461539 0.3791335985576923 0.6475694447115384 0.3976521153846154 0.6478174591346153 0.4032738100961539 0.6465773798076923 0.40889550240384614 0.6470734134615385 0.4133597884615385 0.6486855168269231 0.41567460336538464 0.6474454375 0.4163359783653846 0.6454613100961539 0.4169973533653846 0.6231398798076923 0.41666666586538464 0.6156994038461538
4 0.48974867788461535 0.6129712307692308 0.4869378317307692 0.6113591274038461 0.44990079326923077 0.6116071418269231 0.4474206346153846 0.6152033725961539 0.4474206346153846 0.6412450408653847 0.4490740745192308 0.644965278846154 0.4677579375 0.6468253966346154 0.4816468245192308 0.6455853173076923 0.4871031754807692 0.64794146875 0.48908730048076926 0.646701389423077 0.49107142788461544 0.6424851201923077 0.49107142788461544 0.6156994038461538 0.48974867788461535 0.6129712307692308
14 0.2146164014423077 0.5623759927884615 0.20535714182692308 0.5492311514423076 0.20171957692307693 0.5420386899038461 0.19890873076923077 0.5399305552884616 0.19080687740384614 0.5370783725961539 0.1835317451923077 0.524677579326923 0.1835317451923077 0.5182291658653846 0.1871693125 0.5107886899038461 0.18865740625 0.5101686514423076 0.19361772596153845 0.5116567451923077 0.1967592596153846 0.5105406754807692 0.19394841346153846 0.5054563485576924 0.18832671874999998 0.5049603173076923 0.18568121634615384 0.5057043653846154 0.18088624278846155 0.5112847211538462 0.17592592548076924 0.5142609134615385 0.17427248557692307 0.521701389423077 0.18518518509615384 0.5375744038461538 0.18485449759615386 0.5487351201923076 0.19477513221153847 0.5608878966346154 0.19543650721153846 0.5651041658653846 0.19775132211538463 0.5688244038461538 0.20667989423076924 0.5732886899038461 0.2096560841346154 0.5789930552884616 0.21197089903846156 0.5770089278846154 0.21197089903846156 0.5725446418269231 0.21527777884615384 0.5653521826923077 0.2146164014423077 0.5623759927884615
14 0.28108465625 0.5063244038461538 0.28075396874999997 0.5018601201923076 0.27910052884615383 0.4991319447115385 0.2723214278846154 0.49379960336538464 0.26355820192307694 0.5021081346153846 0.2612433870192308 0.5179811514423076 0.25793650721153843 0.525173610576923 0.2585978846153846 0.5286458341346154 0.26157407451923076 0.5323660721153846 0.26686507932692305 0.5345982139423077 0.2751322740384615 0.5293898798076924 0.2774470889423077 0.5256696418269231 0.2767857139423077 0.5204613100961539 0.28108465625 0.5063244038461538
14 0.34920634855769234 0.5259176586538461 0.34589947115384617 0.5184771826923077 0.34656084615384614 0.5053323413461539 0.34804894230769234 0.5034722211538462 0.3521825408653846 0.5021081346153846 0.35284391586538466 0.49838789663461536 0.35945767307692306 0.490451389423077 0.35912698317307695 0.48673115144230766 0.3556547620192308 0.4851190480769231 0.3506944447115385 0.486111110576923 0.34523809615384615 0.49094742067307695 0.3419312163461538 0.4981398798076923 0.34126984134615385 0.5137648798076924 0.33928571394230767 0.5182291658653846 0.3320105817307692 0.5256696418269231 0.3300264543269231 0.5375744038461538 0.326388889423077 0.5460069447115384 0.32705026442307694 0.5519593245192308 0.3303571418269231 0.5569196418269231 0.32936507932692305 0.5608878966346154 0.3306878317307692 0.5611359134615385 0.3397817451923077 0.5602678581730769 0.3455687836538462 0.5574156754807692 0.34589947115384617 0.5370783725961539 0.34920634855769234 0.5259176586538461
14 0.423611110576923 0.5412946418269231 0.4226190480769231 0.5271577379807693 0.42493386298076924 0.5177331346153846 0.4246031754807692 0.5145089278846154 0.4189814807692308 0.5102926586538461 0.4181547620192308 0.5066964278846154 0.4133597884615385 0.5080605168269231 0.4130291009615385 0.5102926586538461 0.4080687836538462 0.5147569447115384 0.40707671875 0.5177331346153846 0.4080687836538462 0.5311259927884615 0.40674603125 0.5412946418269231 0.4123677259615385 0.5489831346153846 0.4123677259615385 0.5531994038461538 0.41369047596153846 0.5539434519230769 0.4169973533653846 0.552951389423077 0.4169973533653846 0.5499751995192308 0.4189814807692308 0.5462549591346154 0.423611110576923 0.5412946418269231
10 0.6491402115384616 0.5502232139423077 0.6415343918269231 0.5296378966346154 0.6296296298076923 0.5097966274038461 0.6253306875 0.506572420673077 0.6147486778846154 0.493923610576923 0.6035052908653846 0.48400297596153846 0.5859788365384616 0.4646577379807692 0.576554233173077 0.45932539663461536 0.5687830697115385 0.45151289663461536 0.56266534375 0.4471726201923077 0.5543981490384615 0.44419642788461544 0.5358796298076923 0.43105158653846154 0.5157076730769231 0.4208829375 0.5024801586538461 0.41245039663461536 0.49718915384615386 0.41071428605769233 0.4899140216346154 0.4099702379807692 0.47966269951923074 0.41096230048076926 0.4758597884615385 0.4148065480769231 0.4669312163461538 0.4336557548076923 0.45469576682692303 0.4510168653846154 0.4550264543269231 0.45448908653846154 0.4608134927884615 0.4551091274038462 0.4656084663461538 0.4537450408653846 0.46858465625 0.4472966274038462 0.47751322836538457 0.4368799591346154 0.4824735456730769 0.4254712307692308 0.4866071418269231 0.42137896875 0.4915674591346154 0.42162698317307695 0.5021494711538461 0.4255952379807692 0.5289351850961539 0.44072420673076923 0.5547288365384616 0.4610615072115385 0.5593584663461538 0.46254960336538464 0.5658068774038462 0.4668898798076923 0.5687830697115385 0.4708581346153846 0.5873015865384615 0.48474702403846154 0.5929232812499999 0.48970734134615385 0.6015211634615384 0.5006200408653846 0.6071428581730769 0.5040922620192307 0.6150793653846154 0.5125248004807692 0.6223544975961539 0.5231894831730769 0.625661375 0.5261656754807692 0.6316137572115385 0.5370783725961539 0.6365740745192308 0.5549355168269231 0.6347552908653846 0.5565476201923076 0.6311177259615385 0.5560515865384615 0.6225198413461539 0.5488591274038461 0.6172288365384616 0.5466269831730769 0.6116071418269231 0.545634920673077 0.6084656081730769 0.5492311514423076 0.6157407403846153 0.5546875 0.6170634927884616 0.5571676586538461 0.6210317451923076 0.5593998004807692 0.6264880961538462 0.5652281754807692 0.638227514423077 0.5670882932692307 0.6433531754807693 0.5662202379807693 0.6474867716346153 0.5638640865384615 0.6504629639423077 0.5576636899038461 0.6491402115384616 0.5502232139423077