14 0.20445852403846151 0.6466252596153846 0.2031346298076923 0.6427674399038461 0.1997768389423077 0.6398097956730768 0.19367514182692308 0.6425103100961539 0.19133695192307693 0.6454496225961539 0.18940979567307695 0.6583641682692308 0.1863616033653846 0.6660614687499999 0.18643473076923078 0.6706633004807692 0.1890713125 0.6759080913461539 0.1923727860576923 0.677970170673077 0.19888580528846156 0.6737862259615385 0.20091439182692308 0.66019196875 0.20396258173076923 0.6524946682692309 0.20445852403846151 0.6466252596153846
14 0.2301715264423077 0.6703507283653847 0.22504992788461536 0.6817589014423077 0.21918470673076923 0.6905125288461539 0.21959573317307693 0.7004877620192308 0.22311127403846154 0.7036612596153845 0.23130318509615386 0.700956139423077 0.23589523076923077 0.6880048365384616 0.24119138701923076 0.6805187836538462 0.2413099110576923 0.6720866778846154 0.2377887716346154 0.6676777572115384 0.2301715264423077 0.6703507283653847
4 0.22341933173076922 0.5526595240384615 0.22308142788461538 0.5472861250000001 0.22176873798076924 0.5458991514423077 0.2163319375 0.5454169567307692 0.20110334134615385 0.5405396586538461 0.18839869230769232 0.5391160168269231 0.1869394639423077 0.5399840384615385 0.18509132451923077 0.5472771754807693 0.18351327884615387 0.5680359639423077 0.18451607692307695 0.5702266538461539 0.18729359615384616 0.5719810264423077 0.21114783653846156 0.57761146875 0.22050029326923076 0.5773128846153847 0.22341933173076922 0.5526595240384615
4 0.24201721394230769 0.5515066490384615 0.24014106490384618 0.5526226778846154 0.23722202403846152 0.5772760384615384 0.23808388221153848 0.5829571418269232 0.26508185096153847 0.5904338076923077 0.2744343076923077 0.5901352235576923 0.2770773605769231 0.5622394519230769 0.27543797596153846 0.5579499278846154 0.2518429134615384 0.5518556298076923 0.24201721394230769 0.5515066490384615
13 0.3530746658653846 0.554504954326923 0.35509735817307697 0.5511339375 0.3552778076923077 0.5448328197115384 0.35248907692307696 0.5406075985576924 0.34813998317307693 0.5264714495192307 0.3409567644230769 0.5211440216346154 0.33620166105769234 0.5211853846153847 0.3315423846153846 0.5193116129807692 0.32919859615384617 0.5210155 0.3323028125 0.5256724278846154 0.33290549759615384 0.5318173894230769 0.33854487019230767 0.5423988197115385 0.3419869951923077 0.5524291466346154 0.3507869014423077 0.5685630697115385 0.35344618509615383 0.5672908894230769 0.3544999855769231 0.5576830600961539 0.3530746658653846 0.554504954326923
13 0.3438174543269231 0.5758057235576923 0.3381273653846154 0.5655641490384615 0.3354005600961539 0.5634699158653846 0.33438095673076923 0.5575729615384616 0.32906828125 0.5498940841346154 0.3244939182692308 0.5321756706730769 0.3208489350961538 0.5235047692307693 0.3156432932692308 0.5163816009615385 0.30821209855769227 0.5139888774038461 0.2994287091346154 0.5130198822115385 0.29502271634615385 0.5209054927884615 0.28463355528846157 0.5230595096153846 0.27655427884615386 0.527555764423077 0.2731003701923077 0.5379719158653846 0.2747621658653846 0.5472031322115385 0.2815959903846154 0.5561449783653847 0.29049761778846156 0.5601405288461538 0.29392853846153844 0.5677000072115385 0.34183987259615384 0.5776014615384615 0.3438174543269231 0.5758057235576923
7 0.4338259110576923 0.5925637379807692 0.4181915985576923 0.5904052884615385 0.41580829807692304 0.5949198822115385 0.4158920504807692 0.6249098846153847 0.4176272620192308 0.6272842716346154 0.4585299302884615 0.6357804158653846 0.5222501370192307 0.6517624399038462 0.5240248581730769 0.6513261274038461 0.5251629927884616 0.6487909783653846 0.5264709471153846 0.6145665432692308 0.4338259110576923 0.5925637379807692
10 0.5710092259615385 0.779460766826923 0.5738542692307692 0.7845815528846154 0.5776177788461538 0.7848203485576923 0.58089684375 0.7819407355769231 0.6015802067307692 0.7451718509615385 0.6394140168269231 0.6876716370192307 0.6483669399038461 0.6684100048076923 0.6520803125 0.6460713341346154 0.6503453894230768 0.6322382836538462 0.6397542403846154 0.6013757403846154 0.6072082860576923 0.5343324423076923 0.6043632379807693 0.5292116538461539 0.6004307764423077 0.5262861610576923 0.5954672139423077 0.5264515288461539 0.5950727019230769 0.5316412235576923 0.6103007163461538 0.5594358461538461 0.6330439639423078 0.6081545336538462 0.6414885817307692 0.6381261153846154 0.64160653125 0.6526113341346154 0.6366706923076924 0.6704124759615385 0.6271882115384616 0.6881309759615385 0.6165958990384616 0.7031030841346154 0.5753588990384615 0.7706795913461538 0.5710092259615385 0.779460766826923
10 0.5688538076923076 0.6844296682692307 0.5512463557692308 0.7311370264423077 0.5342592644230769 0.7533196346153846 0.5343323894230769 0.75792146875 0.5387832067307692 0.7599192451923076 0.5413410600961538 0.7593267764423076 0.5525136418269231 0.7455579399038462 0.5658386490384616 0.7224568269230769 0.5810571995192307 0.6790286346153847 0.5839196298076923 0.6649383653846154 0.5848837908653846 0.6355637716346153 0.5803996490384615 0.6146947980769231 0.5725574278846154 0.6023268413461539 0.5593571274038461 0.5953139471153845 0.5482131394230769 0.5923425745192308 0.5299646538461539 0.5898810288461539 0.5261165216346154 0.5940282139423076 0.5288489326923077 0.5973578677884616 0.5532215240384615 0.6020605913461539 0.5622752956730769 0.6050365673076923 0.5664162211538462 0.6078380625 0.5716330673076923 0.6174320745192308 0.575334079326923 0.6384572019230769 0.5751872451923077 0.6521708533653846 0.5688538076923076 0.6844296682692307
10 0.38316535817307695 0.5756263629807692 0.38785824759615384 0.5849126730769231 0.39756542067307693 0.5936937572115385 0.4026416177884615 0.5953195240384616 0.41032078125 0.5947775432692308 0.4157858894230769 0.5899781899038461 0.41194925240384617 0.5851375600961538 0.41323952884615384 0.5815828413461538 0.41177469951923074 0.5812154399038462 0.41059145192307694 0.5853258677884615 0.4026587163461538 0.5875671298076923 0.3959431298076923 0.5816518389423077 0.3813177980769231 0.5600021802884615 0.37402754326923077 0.5541190408653847 0.35885024278846156 0.5259845624999999 0.3546025769230769 0.5111687019230768 0.35407891346153847 0.4994023341346154 0.35254095432692306 0.4944330961538462 0.352456625 0.4873604158653846 0.3561812043269231 0.46749258894230766 0.36465528365384614 0.4463479783653846 0.3742616033653846 0.43289145192307693 0.38232407692307696 0.4246889278846154 0.3924823629807692 0.4177172235576923 0.39445434375 0.41468606009615383 0.4019701586538461 0.4126928028846154 0.39824615625 0.40964331009615385 0.3868993100961538 0.40803136057692313 0.3762170649038462 0.4146953605769231 0.3677883870192308 0.42280603365384617 0.35724679326923076 0.43743828125 0.35062085096153844 0.45128975721153847 0.34506523076923074 0.47069832692307695 0.3429629399038462 0.5026080721153846 0.3471203798076923 0.5205744951923077 0.3573117043269231 0.5439326466346154 0.3797061346153846 0.5733484278846154 0.38316535817307695 0.5756263629807692
10 0.4752442283653846 0.48431012740384616 0.46281382211538463 0.5548808629807692 0.46120805288461536 0.558003875 0.4544246538461539 0.5601808365384615 0.4529822331730769 0.564755125 0.45441876201923076 0.5704040721153846 0.45997940624999994 0.5751482451923077 0.4645711586538462 0.5736556057692308 0.47273505769230767 0.5647733701923077 0.4733719375 0.5554135432692308 0.4793444807692308 0.5357569663461539 0.4844383581730769 0.5067130168269232 0.4871828413461538 0.47813753125 0.4864846225961538 0.46244904086538463 0.48234959134615385 0.4494243125 0.47756647596153845 0.4432885625 0.47685115865384614 0.4353524711538462 0.4720904543269231 0.4341584110576923 0.4610588076923077 0.4444368293269231 0.45438804567307695 0.44840492067307697 0.4518469975961539 0.45270365625000003 0.4544891875 0.45918386778846154 0.4601963701923077 0.4616730528846154 0.46442191586538456 0.46008856009615384 0.46977438701923074 0.4534980721153846 0.47308706971153847 0.45803099759615384 0.47537985096153845 0.468125625 0.4752442283653846 0.48431012740384616
2 0.02625463701923077 0.902313360576923 0.12931506490384617 0.9426302259615384 0.21095190384615387 0.9657489831730769 0.24224544951923077 0.952893389423077 0.25666137019230767 0.842711451923077 0.05491888701923077 0.7559664687500001 0.030175009615384614 0.7381332524038461 0.09786359375 0.7325391802884614 0.17557473076923077 0.6937207067307691 0.17095136778846154 0.6568230528846153 0.03780945432692308 0.7005480889423077 0.020144759615384613 0.6923304495192307 0.02625463701923077 0.902313360576923
5 1 0.33004448798076924 0.9645559567307692 0.19884125240384615 0.648445752403846 0.11109156971153845 0.46542586778846157 0.21754454567307693 0.4415660865384616 0.5920370600961539 0.50875965625 0.5923779206730769 0.5907511370192308 0.2329900048076923 0.782053295673077 0.23394773076923076 0.8792589423076923 0.5668048221153846 1 0.5414675504807692 1 0.33004448798076924
15 0.3249632884615385 0.4993274975961538 0.32505618990384616 0.45225454086538464 0.31906249759615385 0.4516916899038461 0.31229858173076924 0.4970190360576923 0.3249632884615385 0.4993274975961538
15 0.4565222307692308 0.501216389423077 0.4627699639423077 0.5432936009615384 0.4737034423076923 0.54220428125 0.46709783173076924 0.49822603125000003 0.4565222307692308 0.501216389423077
15 0.47588537980769235 0.5004300865384615 0.48175656009615386 0.5433547163461538 0.49043736057692305 0.5454609471153846 0.48999015625 0.5077297043269231 0.47588537980769235 0.5004300865384615
15 0.35206229807692313 0.5214026658653846 0.3610004975961539 0.48290089423076926 0.35403042788461536 0.48209315625 0.35206229807692313 0.5214026658653846
10 0.40599174759615386 0.6361974086538461 0.4159865841346154 0.6361572764423078 0.40075086538461535 0.617013858173077 0.39095750961538467 0.6079741875 0.3826991322115385 0.5682837788461538 0.38615750721153846 0.5315321225961539 0.40369116105769226 0.49548934134615386 0.4087553918269231 0.47512856490384614 0.39633281490384614 0.47013182932692305 0.3878277692307692 0.49997482211538463 0.37430555288461537 0.5294999110576923 0.3732352644230769 0.5706124807692308 0.38122301201923076 0.6121159663461538 0.40599174759615386 0.6361974086538461
10 0.3864344639423077 0.6247087932692307 0.40723868509615385 0.6346291995192307 0.40408039182692307 0.6225937259615384 0.3872461346153846 0.6192695240384616 0.35121346875000004 0.5688509735576923 0.3296619807692308 0.5164216802884616 0.3130983076923077 0.45771958653846156 0.3201152956730769 0.43784859615384614 0.32663808413461537 0.4009250769230769 0.31451556490384613 0.4007059807692308 0.30525777884615385 0.44916975 0.31297497355769227 0.49248630048076925 0.32516836538461535 0.5397470144230769 0.35453102403846154 0.5941354711538461 0.3864344639423077 0.6247087932692307
10 0.45064000240384616 0.4320266947115385 0.45454558894230773 0.43300627644230766 0.46657974519230766 0.41345317067307696 0.43004741346153846 0.4071117139423077 0.38025139903846156 0.39462209615384614 0.32663808413461537 0.4009250769230769 0.27150735576923074 0.41060935096153844 0.21589437259615385 0.4371012403846154 0.1786975120192308 0.4691526850961539 0.17952112740384615 0.4975735480769231 0.20789538942307692 0.5178569447115385 0.2427455264423077 0.5218955192307692 0.28585958894230773 0.5044948774038461 0.2696962019230769 0.5042027692307692 0.2396516826923077 0.5154766706730769 0.19416701923076923 0.5012469663461538 0.18873199759615386 0.46978853125 0.23208718509615386 0.4439840769230769 0.26375512019230773 0.42183162259615387 0.3133274951923077 0.41545561057692304 0.37458719230769233 0.4054276514423077 0.41307236057692304 0.412258875 0.45405139182692306 0.41595374759615383 0.45064000240384616 0.4320266947115385
10 0.18454953125 0.3756322788461538 0.25761419951923076 0.38831518990384617 0.30808668028846153 0.39627209375 0.36317049278846153 0.40726655048076926 0.4011439783653846 0.4243147019230769 0.42891826923076926 0.43504281490384616 0.4267713004807692 0.4222781298076923 0.37320497836538463 0.4079023966346154 0.3286672572115385 0.3873268725961539 0.2607551105769231 0.3740553293269231 0.19927176923076925 0.36521769230769235 0.12488374278846154 0.36819097355769226 0.07927573798076923 0.388728 0.057430668269230774 0.4265108365384615 0.06181288461538462 0.4718124038461538 0.08324658173076924 0.49787879086538467 0.12411984615384616 0.509070889423077 0.1567171658653846 0.5078420360576923 0.19554923557692308 0.49877218749999996 0.2256634831730769 0.49108485817307695 0.2244821658653846 0.4881599975961538 0.21276540865384613 0.48522125240384617 0.1789505889423077 0.49460898798076924 0.1302193076923077 0.5021364759615385 0.08177600480769232 0.48058137019230773 0.06530069471153846 0.44165145432692304 0.08896331971153847 0.4052649519230769 0.12703063221153846 0.3809556778846154 0.18454953125 0.3756322788461538
1 0.19400621153846156 0.12219448798076923 0.16909189663461538 0.38971723076923076 0.5375684014423077 0.4604130360576923 0.5593767908653846 0.1649302956730769 0.19400621153846156 0.12219448798076923
3 0.15860640625 0.4069368846153846 0.14290509855769232 0.6840144014423076 0.6074956995192308 0.8063707716346153 0.6314685432692309 0.49638329086538463 0.15860640625 0.4069368846153846
10 0.4569421682692308 0.15221234134615386 0.4486663052884615 0.13979136057692307 0.3975644230769231 0.11568848076923076 0.35243867548076924 0.11941788701923077 0.30439573317307694 0.15627277403846154 0.25896445673076923 0.21635412740384613 0.24450716346153845 0.2860851995192308 0.24412521153846153 0.35652518028846153 0.2808637043269231 0.4090016899038461 0.30750877403846155 0.44766091586538465 0.3023976274038462 0.4887004182692308 0.3255451370192307 0.5124012379807692 0.3260896826923077 0.45890462259615383 0.3054382283653846 0.42080822836538456 0.2668058389423077 0.3810233725961538 0.2507068605769231 0.3327830600961538 0.25846471634615387 0.26043120192307695 0.2909618076923077 0.20557002403846153 0.34463952163461536 0.15131889182692307 0.3896474759615384 0.12122662740384614 0.4228742788461538 0.13614373798076923 0.44303153125 0.15718760576923077 0.4569421682692308 0.15221234134615386
6 0.2304540576923077 0.0408579375 0.3063716057692308 0.06836343990384616 0.36376708653846157 0.0978068125 0.37246073798076923 0.14136824038461537 0.3853949182692308 0.13614810096153845 0.37841297355769227 0.10148023076923077 0.33338113461538466 0.06385219711538462 0.2690155721153846 0.03360115625 0.21369063942307692 0.031010490384615383 0.14023200480769232 0.05490734134615384 0.09858850961538461 0.08960545673076922 0.06416809375 0.15056757932692308 0.06327446153846153 0.23122443990384617 0.08152040865384615 0.2922294158653846 0.11967053846153847 0.3488219254807693 0.12639988701923077 0.3534368798076923 0.127046375 0.34690998076923074 0.12507214663461538 0.33012968990384617 0.11032993990384615 0.3163838557692307 0.08026152884615384 0.2599374783653846 0.07202063942307692 0.19297761778846154 0.08209009615384615 0.13907458413461538 0.12017498076923078 0.08749579807692308 0.17936413461538464 0.050615137019230774 0.2304540576923077 0.0408579375
6 0.29908406009615385 0.09004753365384616 0.23226599519230767 0.10338385576923076 0.17671186778846154 0.1430572043269231 0.12552810096153846 0.1941719326923077 0.11632917067307692 0.25581711778846156 0.12507214663461538 0.33012968990384617 0.1341845168269231 0.3386261826923077 0.13786084134615384 0.36129674519230764 0.15642651923076922 0.37402899519230765 0.2389846394230769 0.3909739230769231 0.3112257668269231 0.3752359903846154 0.345628625 0.34154330769230773 0.37527292548076924 0.27185944951923074 0.3770840769230769 0.17826603125 0.3518386995192308 0.10986263701923077 0.29908406009615385 0.09004753365384616
0 0.3299585841346154 0.2021843341346154 0.3415963004807692 0.12419598798076924 0.3322287548076923 0.1232448798076923 0.3351930625 0.12637814903846153 0.3281291610576923 0.16692787259615385 0.29208540625 0.23876853125 0.24854802403846155 0.2861582475961538 0.22700293990384615 0.32871870673076925 0.2032169783653846 0.3998719254807692 0.16595467067307693 0.42771377403846156 0.17703105528846155 0.43280412259615386 0.21843341346153847 0.40650987019230767 0.2279912596153846 0.3628237644230769 0.23882547115384614 0.3241601754807692 0.26498196634615384 0.2846372548076923 0.2920679182692308 0.2660379855769231 0.3299585841346154 0.2021843341346154
0 0.3161179591346154 0.09808189663461539 0.28472065865384616 0.11842126923076922 0.3322287548076923 0.1232448798076923 0.3308213413461539 0.12175724278846153 0.34178614663461543 0.12292375961538463 0.3421336370192308 0.12059511057692308 0.3161179591346154 0.09808189663461539
0 0.6189819783653847 0.15241392548076924 0.5994716057692308 0.12024661057692308 0.5669681177884616 0.080118 0.5304826995192308 0.0530978125 0.4719743317307692 0.03576407692307692 0.4640801682692308 0.035165891826923076 0.4210503269230769 0.03975761778846154 0.3767187596153846 0.06531718028846153 0.35180928365384617 0.10327184134615384 0.3514622956730769 0.11917299759615384 0.36247316826923076 0.1200536658653846 0.37805405528846153 0.08352117067307693 0.43740791586538463 0.05232466346153846 0.48169256009615385 0.04744386538461538 0.5478461033653846 0.07250044230769231 0.5866137620192308 0.11137881490384616 0.6060138245192308 0.15103427644230769 0.6189819783653847 0.15241392548076924
15 0.27150251923076923 0.4506610576923077 0.2690573004807692 0.45304465865384613 0.2520531129807692 0.4829796586538461 0.25129239423076927 0.4880775048076923 0.2544417235576923 0.49115915144230765 0.2574221033653846 0.49155410096153845 0.2593489735576923 0.49009822115384616 0.2760883822115385 0.4593916586538462 0.2774688822115384 0.4526863798076923 0.27547449038461536 0.45077585096153844 0.27150251923076923 0.4506610576923077
15 0.21182152163461537 0.44961890144230765 0.19850771875 0.47519086057692306 0.1989977668269231 0.4795446875 0.20131325 0.48312234855769226 0.20595572115384617 0.4812898533653846 0.21160687740384615 0.47142480528846153 0.2231627668269231 0.44999542788461533 0.22437991826923076 0.44183887259615384 0.21769794951923077 0.4433361201923077 0.21182152163461537 0.44961890144230765