3 0.10604054326923076 0.17542989423076924 0.14611286298076923 0.6117526033653846 0.4979063197115385 0.6104294375 0.49966966826923076 0.17114848076923075 0.10604054326923076 0.17542989423076924
1 0.5227072115384616 0.2539682548076923 0.5208301899038461 0.6051369254807692 0.8655701826923077 0.6104294375 0.9105361802884615 0.2511981754807692 0.5227072115384616 0.2539682548076923
0 0.7677027788461538 0.48692764423076923 0.7156832524038462 0.5021436730769231 0.6028271826923077 0.5305911033653846 0.5340555072115385 0.5530844158653846 0.47586412259615385 0.569623608173077 0.4441233076923077 0.5848396370192307 0.4467683990384615 0.6079945048076923 0.4708994519230769 0.6144179903846154 0.5340555072115385 0.6059338774038461 0.5993004182692308 0.5993181995192308 0.667190420673077 0.5834405408653847 0.6945226634615385 0.5735170240384615 0.7403704038461538 0.5589625552884615 0.7879816274038463 0.5463928100961538 0.8285391850961539 0.5258841706730769 0.86028 0.5119912331730769 0.8743870600961539 0.5040524158653846 0.8876123774038462 0.5027293004807692 0.9114179206730769 0.5073602524038462 0.9369868149038462 0.49148264423076926 0.94597709375 0.46756588221153844 0.899955951923077 0.4459104158653846 0.9122995288461537 0.42143240625 0.9482234278846153 0.42050293028846153 0.9475670408653846 0.39489374278846157 0.9334601177884616 0.32410603125000004 0.9413952548076924 0.2592723822115385 0.9332247812500001 0.24274629326923075 0.9299332860576922 0.24214756730769232 0.9193530576923077 0.24744010336538463 0.892902423076923 0.455172375 0.8258942283653846 0.4710500096153846 0.7677027788461538 0.48692764423076923
6 0.9316967692307692 0.5551765408653846 0.9308150264423076 0.5075437115384616 0.9255248461538461 0.4850503485576923 0.9158263605769231 0.45395668509615383 0.9087728317307693 0.4480025673076923 0.8752686658653845 0.42683239423076924 0.8188406995192307 0.41227789903846157 0.79944359375 0.41227789903846157 0.74918728125 0.41293948317307694 0.7112748125 0.41757046153846156 0.67248046875 0.4255092548076923 0.6416213942307691 0.43146337259615386 0.62310603125 0.43410965384615385 0.6063538798076923 0.438740608173077 0.56844134375 0.4546182427884615 0.5596244663461538 0.4585876394230769 0.5446357331730769 0.47181899278846157 0.5252386274038462 0.48571193028846155 0.5155400745192308 0.5062205192307693 0.5084865456730769 0.5306985552884615 0.5040781057692307 0.5505455865384615 0.49878799278846153 0.5717157331730769 0.49702457692307694 0.5935474879807692 0.5035887956730769 0.63568703125 0.5067231971153846 0.6365493894230769 0.5419907091346153 0.6444881802884616 0.5552160264423077 0.6444881802884616 0.5854828894230769 0.6501658076923077 0.5957736538461538 0.6597042596153847 0.6098807139423077 0.6696277740384615 0.6565461490384615 0.6789650985576923 0.6971677548076923 0.6795512908653846 0.7668210384615384 0.6729356129807692 0.7985618533653847 0.6616889326923077 0.8250124879807692 0.6544116971153847 0.8708602283653846 0.6332415504807692 0.9043643918269232 0.6153791923076923 0.9228798894230769 0.5770082956730769 0.9316967692307692 0.5551765408653846
6 0.67248046875 0.7066755552884616 0.7580041586538461 0.713291233173077 0.8232491394230769 0.7040292740384615 0.877032014423077 0.6947673173076924 0.9405136466346153 0.6630120961538462 0.9572656610576923 0.6464729038461539 0.9740176754807692 0.6153791923076923 0.9863613870192308 0.5856086442307692 0.9863613870192308 0.5670847788461538 0.988124735576923 0.5300369471153846 0.9793078581730769 0.49762019471153845 0.9616741009615384 0.44337158653846154 0.94404034375 0.42683239423076924 0.9202348004807692 0.4116163413461538 0.9175897091346154 0.4301402331730769 0.9334601177884616 0.44734100961538464 0.9405136466346153 0.47181899278846157 0.94404034375 0.489681326923077 0.9449220865384615 0.5088668004807693 0.9475670408653846 0.5406220721153846 0.9387501634615384 0.5717157331730769 0.9264065865384615 0.5975168846153847 0.9140630120192307 0.6133945192307693 0.895547514423077 0.6339031081730769 0.8549898197115385 0.6616889326923077 0.8435279855769231 0.6669814927884615 0.8126689134615385 0.678228125 0.7659394302884616 0.6855053581730769 0.7350803557692308 0.6855053581730769 0.7086297211538461 0.6855053581730769 0.6892326177884616 0.6855053581730769 0.6565461490384615 0.6789650985576923 0.6513200144230769 0.6788896826923078 0.5763764807692308 0.6775665673076923 0.5429376802884616 0.6736461658653846 0.54551740625 0.6755818437500001 0.5649145793269231 0.6828591274038461 0.6142891514423077 0.7000598798076924 0.6416213942307691 0.7040292740384615 0.67248046875 0.7066755552884616
15 0.45271163942307696 0.3523065480769231 0.44990079326923077 0.3509424591346154 0.4436177259615385 0.3521825408653846 0.4356812163461538 0.35615079326923077 0.4118716923076923 0.36483134855769234 0.40906084615384614 0.3694196418269231 0.4112103173076923 0.3720238100961539 0.4143518509615385 0.37239583413461536 0.41881613701923076 0.37152777884615384 0.44990079326923077 0.359375 0.45304232692307694 0.35677083413461536 0.45271163942307696 0.3523065480769231
15 0.37351190384615385 0.38913690384615385 0.37053571394230767 0.3886408725961538 0.36623677163461543 0.38913690384615385 0.36441799038461536 0.39174107211538456 0.3650793653846154 0.41059027884615384 0.3664021153846154 0.4227430552884615 0.3692129639423077 0.4246031754807692 0.37235449759615386 0.4247271826923077 0.375661375 0.42323908653846154 0.37632275240384616 0.4212549591346154 0.3753306875 0.3914930552884615 0.37351190384615385 0.38913690384615385
15 0.3708664014423077 0.45560515865384615 0.3664021153846154 0.45771329326923077 0.36574074038461535 0.45969742067307695 0.3650793653846154 0.4981398798076923 0.36722883653846156 0.5002480168269231 0.37235449759615386 0.5006200408653846 0.3753306875 0.49863591346153846 0.3759920625 0.45845734134615385 0.37417328125 0.4561011899038461 0.3708664014423077 0.45560515865384615
9 0.3207671947115385 0.3728918653846154 0.31382275240384616 0.3661954375 0.3093584663461538 0.3643353173076923 0.2872023798076923 0.3643353173076923 0.27496693028846153 0.3670634927884615 0.27033730048076926 0.36954365144230766 0.26554232692307694 0.3741319447115385 0.2638888894230769 0.38306051682692305 0.2678571418269231 0.3897569447115385 0.27992724759615384 0.3963293653846154 0.3002645504807692 0.3984375 0.31101190384615385 0.3963293653846154 0.3194444447115385 0.3897569447115385 0.3224206346153846 0.384548610576923 0.3207671947115385 0.3728918653846154
14 0.4737103173076923 0.5166170625000001 0.46709656009615386 0.515625 0.45453042307692304 0.51612103125 0.44494047596153846 0.5141369038461538 0.43898809615384615 0.5141369038461538 0.4305555552884615 0.5177331346153846 0.42989418028846155 0.521701389423077 0.4393187836538462 0.5275297620192307 0.45453042307692304 0.5272817451923077 0.46759259375 0.5288938485576924 0.4717261899038461 0.5285218245192308 0.47982804326923073 0.5254216274038461 0.4801587307692308 0.521701389423077 0.4737103173076923 0.5166170625000001
4 0.32771163942307696 0.4267113100961539 0.3242394182692308 0.4246031754807692 0.3073743389423077 0.4248511899038461 0.2915013221153846 0.423611110576923 0.2852182548076923 0.4246031754807692 0.28207671875 0.4274553581730769 0.28273809615384615 0.44184027884615384 0.28174603125000003 0.447048610576923 0.2850529110576923 0.45473710336538464 0.28786375721153845 0.45634920673076923 0.3154761899038461 0.45746527884615384 0.3242394182692308 0.4573412692307692 0.3287037043269231 0.4549851201923077 0.32969576682692303 0.4472966274038462 0.32771163942307696 0.4267113100961539
4 0.3301917980769231 0.47619047596153846 0.29183200961538464 0.4766865072115385 0.2893518509615384 0.4785466274038462 0.28769841346153846 0.48573908653846154 0.28802910096153844 0.4981398798076923 0.29067460336538464 0.50731646875 0.29282407451923076 0.5086805552884616 0.32142857211538456 0.509052579326923 0.32919973557692306 0.5089285721153846 0.33333333413461536 0.5058283725961539 0.3323412692307692 0.4773065480769231 0.3301917980769231 0.47619047596153846
10 0.388888889423077 0.4430803581730769 0.39021163942307696 0.4393601201923077 0.38921957692307696 0.4200148798076923 0.39021163942307696 0.3867807548076923 0.3880621682692308 0.38417658653846154 0.3817791009615385 0.38417658653846154 0.3796296298076923 0.38529265865384615 0.37764550240384614 0.3885168653846154 0.37731481490384616 0.4636656754807692 0.3809523798076923 0.4807787692307692 0.38277116346153844 0.4821428581730769 0.3878968245192308 0.48201884855769234 0.39087301682692305 0.4805307548076923 0.39186507932692305 0.4787946418269231 0.3885582019230769 0.4601934519230769 0.388888889423077 0.4430803581730769