15 0.22602553605769232 0.6135276346153846 0.2296126153846154 0.6147503653846154 0.2918487884615385 0.6082251706730769 0.29557833173076925 0.6069392283653846 0.29976159375 0.6028608197115385 0.2979858173076923 0.5991937091346153 0.29231927403846153 0.5990740024038461 0.23289761778846152 0.60541184375 0.22670233173076923 0.6070957668269231 0.22448040625 0.6107074615384616 0.22602553605769232 0.6135276346153846
15 0.3788282019230769 0.5725325600961538 0.3468729038461538 0.5768227956730769 0.3154275961538462 0.5790621947115384 0.3118856081730769 0.5828202259615385 0.31214818028846153 0.5862811514423076 0.3157352596153846 0.5875038822115385 0.36117812259615384 0.5833388677884616 0.3794658846153846 0.5809376634615384 0.3846148557692307 0.5786218605769231 0.38921632692307695 0.577862483173077 0.38995696634615384 0.5766585865384616 0.38590858653846155 0.5737419759615384 0.3788282019230769 0.5725325600961538
15 0.4587599399038461 0.582119125 0.4316986129807692 0.5851189783653846 0.40005457692307694 0.5891254206730769 0.39549061538461533 0.59037921875 0.3941462115384615 0.5923979086538462 0.39411628125 0.5963898389423077 0.39607203125 0.5980426947115385 0.3990984447115385 0.5984550673076924 0.4372246826923077 0.5943532692307693 0.45976514423076925 0.5909820600961538 0.4640796995192308 0.5886341129807693 0.4663822331730769 0.5838916850961539 0.46343643028846154 0.5823485793269231 0.4587599399038461 0.582119125
15 0.51212240625 0.5332015 0.5169142475961539 0.48231412740384616 0.5161716129807693 0.4769121153846154 0.5128770384615385 0.47515838701923074 0.5083318341346155 0.4766593894230769 0.5070061826923077 0.4789252908653846 0.5020754759615385 0.523595858173077 0.5030731057692308 0.527972451923077 0.5099304134615384 0.5328212716346153 0.51212240625 0.5332015
15 0.7211463269230769 0.5072881995192308 0.7238371322115384 0.5098567235576923 0.727679204326923 0.5100540384615384 0.7308480817307692 0.5079577379807693 0.7310017211538462 0.5012099302884615 0.7215469879807692 0.4730913293269231 0.7174986057692307 0.47017471875 0.7126233846153845 0.47171230769230765 0.7110239831730769 0.47475642067307694 0.713499298076923 0.48545069471153846 0.7211463269230769 0.5072881995192308
12 0.6967179423076922 0.52744634375 0.6909596177884616 0.5326965048076923 0.6858106466346154 0.5350123052884616 0.6765514399038461 0.5357894375 0.6694710552884615 0.5345800192307693 0.6502136057692307 0.5220067932692308 0.6478659831730769 0.5217684639423077 0.6329741490384616 0.5316457836538462 0.6219806586538461 0.5424620456730769 0.6162055697115385 0.5540709086538461 0.6087053798076923 0.5648738533653846 0.6069355793269231 0.5810244783653846 0.6075920168269231 0.5896767884615385 0.6120550072115385 0.6046379038461539 0.6179917043269231 0.6127048798076923 0.6256834302884615 0.6175858413461538 0.6365029254807693 0.6286015721153846 0.6562085144230768 0.6405019014423078 0.6733094903846154 0.64658340625 0.6951544038461539 0.649396860576923 0.7171473653846154 0.6475820745192308 0.7360013798076923 0.6438716586538462 0.7507882620192308 0.6369974254807692 0.769509 0.6249506370192308 0.7850588725961539 0.6083942355769231 0.7937590120192308 0.591475358173077 0.7961964278846154 0.5797379134615385 0.7956186105769232 0.5633489567307692 0.7904393173076923 0.5477193822115385 0.7787347259615385 0.5338103149038461 0.7687815721153846 0.5254407163461539 0.7619805264423077 0.5213335240384616 0.7469159110576923 0.5157741442307692 0.7306625192307692 0.5120915576923077 0.7275423317307692 0.5104431418269231 0.7171993004807693 0.5100939807692307 0.6986808846153847 0.5116482451923077 0.6967327115384615 0.5144817283653846 0.6967179423076922 0.52744634375
10 0.5159054879807692 0.3790960745192308 0.5057049182692308 0.3762382379807692 0.4997458701923077 0.3766495360576923 0.48908040384615387 0.38082330048076923 0.4840758870192308 0.38723633653846157 0.4771383581730769 0.4054555528846154 0.4671855913461539 0.4190232548076923 0.46536311778846157 0.4257067716346154 0.4673883076923077 0.43046803125 0.47317296634615386 0.4299514254807692 0.4761487019230769 0.4275026033653846 0.4780837067307692 0.42230234134615385 0.4811963149038462 0.41946441346153845 0.4849801298076923 0.41231418750000004 0.4910365480769231 0.40441345913461535 0.4963878413461539 0.3916051346153846 0.5006836394230769 0.38900998076923077 0.5063876899038461 0.3896241033653846 0.5153619711538462 0.3938643173076923 0.5461699879807692 0.4051571177884616 0.5557556153846154 0.4130688822115385 0.57695565625 0.4249281875 0.5813208846153846 0.4254414399038462 0.5909121009615385 0.4312336322115385 0.5991589086538461 0.4390445216346154 0.6150336009615385 0.44650840865384617 0.6422828653846153 0.4679179423076923 0.6626879879807692 0.48684543269230773 0.6704435649038462 0.49695437019230765 0.6747489326923077 0.5054514711538461 0.6789569326923076 0.5214380072115385 0.6742560961538462 0.5230809086538462 0.6592026586538461 0.5132823942307693 0.65268853125 0.510763766826923 0.6476445120192308 0.5100764759615385 0.6421092596153847 0.5116872331730768 0.6422912283653847 0.516278889423077 0.6516517884615385 0.5212241466346154 0.6609261562500001 0.529419701923077 0.6701123365384615 0.5342596442307692 0.6751938653846155 0.5354413533653847 0.6862775360576923 0.5345866153846154 0.6942466105769232 0.529963891826923 0.6964741225961538 0.5242326298076923 0.6945275504807692 0.5117347235576923 0.6854742620192307 0.4932938533653846 0.6691530384615384 0.47117147836538464 0.6332706826923077 0.44124600961538457 0.6214048725961538 0.4295984038461539 0.6033118557692307 0.4170207379807692 0.5982490817307693 0.4160862403846154 0.592843125 0.41282154567307694 0.5845344615384616 0.4063885985576923 0.5734188653846154 0.40462935096153846 0.5656896274038462 0.39925396875 0.558322329326923 0.3964559855769231 0.5538689062500001 0.39258712500000004 0.5421794735576924 0.3876507451923077 0.5299988076923077 0.38501241346153847 0.5159054879807692 0.3790960745192308
14 0.1874300216346154 0.5895119134615384 0.1931528293269231 0.5903732451923077 0.19549486538461538 0.5927311466346153 0.1985587860576923 0.5936379399038462 0.19955641346153846 0.59801453125 0.20161153125 0.5987838653846154 0.20436978125000002 0.5978548846153846 0.2078555048076923 0.5933552235576923 0.2036459014423077 0.592700079326923 0.20132262259615383 0.5905893870192307 0.2013713076923077 0.586844670673077 0.20340008894230768 0.5828804519230769 0.2027137235576923 0.5782200673076923 0.19261052403846154 0.567872798076923 0.1857699783653846 0.5566652740384616 0.18174035096153848 0.5539958725961539 0.1737261875 0.5536378341346154 0.1709735264423077 0.5524472524038462 0.1687703581730769 0.5563061610576923 0.16757040625 0.5624220889423077 0.16820050721153848 0.5663408485576923 0.17898249278846154 0.5768621586538462 0.18123274519230767 0.5845899254807693 0.1874300216346154 0.5895119134615384
14 0.24896029326923078 0.5342045216346154 0.25432315384615384 0.5390943629807692 0.26015849038461536 0.5414389495192308 0.2679962764423077 0.5350857644230769 0.26965753365384615 0.5306637091346154 0.2695110841346154 0.5199605600961539 0.27210612259615385 0.5146871298076923 0.2735610721153846 0.5075457788461539 0.2719708509615385 0.4997448413461539 0.26771056971153845 0.4962285048076923 0.2681080288461538 0.49269441346153847 0.27178689182692306 0.4885472764423077 0.27344814903846154 0.48412522355769233 0.2712860841346154 0.47975306730769235 0.2658689519230769 0.4807275096153846 0.26151888221153846 0.48918694951923075 0.26068645673076923 0.4957607163461538 0.25213995432692304 0.5059317860576923 0.2525864831730769 0.5205902812500001 0.24862269951923077 0.5297547620192308 0.24896029326923078 0.5342045216346154
14 0.34993128125 0.47676856009615387 0.34450297355769227 0.48198213701923076 0.34174671634615383 0.48951703125 0.3426657283653846 0.501630266826923 0.34180337259615384 0.5121959615384616 0.34037835576923076 0.5153453846153846 0.33471939663461536 0.5197120240384615 0.3324168629807692 0.5244544519230769 0.3322332956730769 0.5351941850961539 0.3285995216346154 0.5443220817307692 0.3285396634615385 0.5523059375 0.3324886778846154 0.5561060697115384 0.3337600576923077 0.5597044519230769 0.3307300528846154 0.5680175552884615 0.33614159615384614 0.5691626826923077 0.3392278701923077 0.5615912019230769 0.34062854326923075 0.5603141346153846 0.34849266586538463 0.5586945048076923 0.351393375 0.5552568485576923 0.34934943509615385 0.5502483774038461 0.3491016298076923 0.5338228413461539 0.35180161778846153 0.5255463173076923 0.35100271875 0.5194026802884616 0.34767622115384617 0.5150349639423077 0.34696711298076927 0.49691554807692306 0.34887777644230766 0.49358764182692305 0.3538523629807692 0.49116652884615386 0.3572686514423077 0.48355846634615385 0.3609850264423077 0.47990574759615384 0.3606661850961539 0.4757031971153846 0.356711576923077 0.47402263221153845 0.35343017307692304 0.47463567788461536 0.34993128125 0.47676856009615387
14 0.42300969230769236 0.494718125 0.4175382836538461 0.5015568533653846 0.4162820673076923 0.5069311586538462 0.4185398990384615 0.5191452668269231 0.4177900721153846 0.5311942139423077 0.42361423798076925 0.5377779326923077 0.4240456105769231 0.5434637379807692 0.42600136298076924 0.5451165961538462 0.42885338942307694 0.54542365625 0.4312309471153846 0.5416700649038462 0.4321008798076923 0.5355907139423077 0.43603473798076925 0.5304181610576924 0.43681847596153844 0.527589110576923 0.4349956129807693 0.5123353269230769 0.4364693173076923 0.5054411826923076 0.43618040625000004 0.4972467067307692 0.43259332932692307 0.49602397836538464 0.4292049759615385 0.4930341995192308 0.43073494711538457 0.4868816850961538 0.43580889423076924 0.4835770504807692 0.43663014663461536 0.4812424206730769 0.4347362451923077 0.47821162259615385 0.43085666105769227 0.4775198918269231 0.42872093269230765 0.4778812908653846 0.4265121778846154 0.48385976201923075 0.42405960096153844 0.4866245216346154 0.42300969230769236 0.494718125
4 0.24891394471153847 0.6695730480769231 0.2539260384615385 0.6676463533653846 0.26415654326923077 0.6665122620192308 0.2689435745192308 0.6616190576923077 0.2672404326923077 0.6303975697115385 0.26608158413461536 0.6282824423076924 0.26111817548076927 0.6264644182692307 0.23647949759615386 0.6306914447115385 0.22322258653846155 0.6314131610576923 0.21449970432692306 0.6348730048076923 0.21231529086538461 0.6389791201923077 0.21436681490384618 0.6484739326923077 0.21314810576923077 0.65434265625 0.21483210096153846 0.6633796346153846 0.21419840384615385 0.6681863533653847 0.21576229086538462 0.6712537355769231 0.22730726682692307 0.672092875 0.23319129086538462 0.6706927475961538 0.24891394471153847 0.6695730480769231
4 0.35159206009615385 0.6565703966346154 0.3529177139423077 0.6543044951923077 0.3503669855769231 0.6206840865384616 0.34569608173076927 0.6183350600961539 0.3132982331730769 0.6211786274038461 0.3034915264423077 0.6235121802884614 0.29793193269230767 0.6269952932692308 0.2971669447115385 0.6300715528846154 0.2999351586538462 0.6621721274038461 0.3015046298076923 0.6631199423076922 0.3108763701923077 0.6638260649038461 0.3233607139423077 0.6616942596153846 0.3325018028846154 0.6615534399038462 0.3374951442307692 0.6593795384615385 0.34776315384615386 0.6587398629807691 0.35159206009615385 0.6565703966346154
4 0.4205654326923077 0.6489244254807692 0.4317053701923077 0.6488113173076923 0.43516675 0.6461840168269231 0.43631043750000004 0.6393264543269231 0.43380480288461537 0.6106868076923078 0.4288226394230769 0.6086215745192308 0.4222785817307692 0.6100948774038462 0.4116242860576923 0.6100295072115385 0.3971785985576923 0.6126280192307691 0.39147454807692306 0.6120138966346154 0.3869480985576923 0.6137621105769231 0.3840174567307692 0.6211916923076923 0.38532634615384614 0.6252844951923078 0.3848953605769231 0.6415359927884615 0.38644049038461536 0.6443561634615385 0.3873706778846154 0.6522302620192307 0.3896376923076923 0.6535993269230769 0.39915189663461537 0.6517967764423077 0.4160389831730769 0.650672639423077 0.4205654326923077 0.6489244254807692
4 0.5169501105769231 0.6012205336538462 0.5115629086538461 0.5982030504807693 0.48127644471153846 0.6025575745192308 0.47522362259615386 0.601732826923077 0.4706596634615385 0.602986625 0.4684828317307692 0.6115790817307692 0.46978452884615385 0.6331228389423077 0.4725335961538461 0.6430389038461539 0.4968366682692308 0.6409680288461538 0.5096322764423077 0.6385524350961538 0.5152182067307692 0.6398028750000001 0.5187170985576923 0.6376699903846154 0.5201421129807693 0.6345205673076924 0.5181277115384615 0.6035828701923077 0.5169501105769231 0.6012205336538462
3 0.819511264423077 0.7370481466346154 0.7947675865384615 0.42260465144230774 0.1354769783653846 0.4976333125 0.15676937740384614 0.8198251850961539 0.819511264423077 0.7370481466346154
1 0.7926063365384616 0.40581196875000003 0.7681335048076924 0.10663257451923076 0.24646415865384613 0.16208648798076922 0.2659776899038462 0.45820618750000003 0.7926063365384616 0.40581196875000003
0 0.3690680240384615 0.2966331129807692 0.3751742019230769 0.23677467548076925 0.39401981249999996 0.19279302403846155 0.43129321634615386 0.14610361298076924 0.4705472019230769 0.11382378365384614 0.49003871394230775 0.10700239182692307 0.4846549326923077 0.10095554807692309 0.49258002163461534 0.09547095913461538 0.47052656730769227 0.10185678365384615 0.4067061706730769 0.1494941346153846 0.37589218990384615 0.19945727403846153 0.35882698317307693 0.25521085576923075 0.3606398918269231 0.31419143269230765 0.4006973221153846 0.35097849759615385 0.48887836778846155 0.36713674278846153 0.5760587740384615 0.37010671875 0.6649489831730769 0.37222218028846155 0.7848651682692308 0.36225384855769227 0.7980168942307693 0.35920026442307695 0.8040543918269231 0.3523134182692308 0.7975633293269231 0.35419654567307696 0.7401198846153847 0.3572395769230769 0.6674680745192307 0.3586437091346154 0.587777 0.3608281682692308 0.4943872451923077 0.3578815745192308 0.4260642548076923 0.34617156971153845 0.38622750961538466 0.3239891850961539 0.3690680240384615 0.2966331129807692
6 0.18760611057692306 0.2555724663461538 0.23841058173076923 0.2585850769230769 0.27984519951923076 0.2433525048076923 0.33302737259615384 0.20753381490384618 0.36388262019230766 0.18150470432692306 0.3974069110576923 0.1438753846153846 0.41192700480769234 0.1286939230769231 0.39150934855769226 0.1292052403846154 0.39346644951923077 0.12702323076923078 0.4013214759615385 0.11883788701923076 0.3410021971153846 0.12552451923076924 0.26238242788461535 0.1535237019230769 0.19595177163461536 0.1901460889423077 0.17235647836538462 0.22999956490384615 0.18760611057692306 0.2555724663461538
6 0.4711066610576923 0.2966260673076923 0.41877186538461536 0.28513858413461535 0.35419798798076924 0.26436848557692305 0.2780559735576923 0.2548552139423077 0.23285167548076924 0.26718084134615383 0.19032823317307693 0.30314790865384617 0.20828824519230768 0.3410546322115385 0.2688541105769231 0.39086235576923073 0.35190581009615385 0.40958411538461537 0.43081699038461535 0.40881600961538467 0.49683865624999995 0.3901929254807692 0.5484111490384616 0.35654754326923077 0.5707070600961539 0.32852143028846154 0.5554624423076923 0.32594182692307694 0.5574484519230769 0.32362759375 0.5624107211538462 0.31367160336538463 0.5520984206730769 0.3115863990384616 0.4711066610576923 0.2966260673076923