7 0.6488553942307692 0.421088014423077 0.6539466826923076 0.4200565096153846 0.6637618221153846 0.3710398966346154 0.6694158028846153 0.3506105528846154 0.6674173413461539 0.3483539350961538 0.6436690600961538 0.34526956971153844 0.6335331850961539 0.34491969471153844 0.6207230336538461 0.4115122331730769 0.6205180216346153 0.41682839423076923 0.6220051923076924 0.4191240793269231 0.6488553942307692 0.421088014423077
13 0.5661280144230769 0.4968777596153846 0.5678998293269231 0.5038097067307692 0.5739510120192308 0.510334360576923 0.582884360576923 0.5130248173076923 0.5897418197115385 0.5130630216346154 0.5979133990384615 0.5102702572115384 0.6032564134615385 0.5015097043269231 0.6042300865384616 0.49428766346153846 0.6032018557692308 0.4885035576923077 0.5991309495192307 0.47990013942307697 0.59371175 0.47501371875 0.5815956033653846 0.47674260336538465 0.5739911129807692 0.4792511081730769 0.5693644086538462 0.4826564326923077 0.5661280144230769 0.4968777596153846
14 0.7220840625 0.5555543197115385 0.7270819375 0.5593485889423077 0.7377507307692308 0.5603002307692307 0.7410325913461538 0.5569173533653846 0.7400908870192308 0.5536965745192307 0.7376585600961539 0.5518746610576923 0.7297694278846154 0.5497469038461539 0.71771596875 0.5438414951923077 0.7117478629807692 0.5435747163461538 0.7078340216346154 0.5453193605769231 0.7071211586538462 0.5469800384615385 0.7106625889423076 0.5512871442307692 0.7220840625 0.5555543197115385
14 0.7210749735576923 0.5769137235576923 0.7182771298076923 0.5737544591346154 0.7124331610576923 0.5714704326923077 0.6932648774038461 0.5673936298076924 0.6850067740384616 0.5676230697115384 0.6839033125 0.5710001153846154 0.6899670336538463 0.5759979110576923 0.7076572427884616 0.5799467211538462 0.7163366682692308 0.5808094350961539 0.7210749735576923 0.5769137235576923
4 0.59990028125 0.5368618581730769 0.6271376394230769 0.5408039735576924 0.6309558677884616 0.5343283125 0.6315389423076923 0.5288226442307692 0.6346568461538461 0.5224808052884615 0.6318840793269231 0.5162678245192308 0.6265172355769231 0.5148307572115385 0.6011234783653846 0.5123539831730769 0.6015322620192308 0.5149729975961539 0.5980294038461539 0.5288934447115385 0.5987228365384616 0.5361487163461539 0.59990028125 0.5368618581730769
4 0.5924538149038462 0.5725265504807692 0.6204472956730769 0.5760896490384615 0.6226416778846153 0.5708624158653847 0.6250774471153846 0.5689897764423077 0.6233921538461539 0.5646211586538462 0.6271853052884615 0.5611992163461539 0.6244376129807693 0.5519325168269231 0.5965773605769231 0.548519860576923 0.5942839182692308 0.5527106274038461 0.5914939230769231 0.5649703918269231 0.591443766826923 0.571077826923077 0.5924538149038462 0.5725265504807692
10 0.749137548076923 0.3395398461538462 0.7583897163461538 0.34598054086538466 0.7633226971153846 0.3478523100961538 0.7685130504807692 0.3478572764423077 0.7693500480769231 0.34417934615384616 0.7441123942307691 0.32924250961538465 0.72995796875 0.3237385649038461 0.6946584278846154 0.31254203605769226 0.6647997211538462 0.30687276201923075 0.6422721442307692 0.3057831971153846 0.6263321201923078 0.3081255048076923 0.6202057091346155 0.31076200480769234 0.6171128822115384 0.31405012499999996 0.6119121947115385 0.3251288100961538 0.6104419639423078 0.34041984375 0.6126169206730769 0.3441085649038461 0.6161401634615384 0.3440802884615385 0.6179530408653846 0.34273711057692313 0.6205267259615385 0.32406902884615385 0.6245123533653847 0.31685778365384615 0.6284819975961539 0.31486794471153845 0.6465229903846154 0.3121241730769231 0.6668937980769231 0.3138603942307692 0.6830068653846154 0.3166447427884615 0.6978741514423077 0.3204880024038462 0.7386395985576922 0.3341580697115385 0.749137548076923 0.3395398461538462
10 0.7763955817307693 0.3213146682692308 0.78669540625 0.32462350961538466 0.7887314807692308 0.32229955048076925 0.7873342836538462 0.31887264182692304 0.7719158870192308 0.31009223557692306 0.7552949687499999 0.30365240625 0.697184454326923 0.27347871153846154 0.6829309663461539 0.2669383004807692 0.6621081105769231 0.26130140144230773 0.64156990625 0.26030076682692305 0.6150134423076923 0.26514078365384613 0.5484200913461538 0.2854881153846154 0.5449275697115384 0.28832491346153843 0.5455470168269231 0.2914900048076923 0.5505141682692307 0.29247575 0.5877804855769231 0.2803122451923077 0.6131162427884616 0.27347742548076925 0.6397285096153845 0.26839221153846154 0.6561331153846154 0.26842371875 0.6724568461538462 0.2717541442307692 0.6848451033653846 0.27618837980769234 0.7029964519230769 0.28620555528846153 0.7210612764423078 0.29365940384615385 0.7398013461538462 0.3040331490384615 0.7763955817307693 0.3213146682692308
15 0.4996346826923077 0.5410696850961538 0.4967992235576923 0.5424909975961538 0.5027946057692307 0.5492608485576923 0.5311808846153846 0.5606643701923077 0.534815733173077 0.5601457043269231 0.5374963317307693 0.5579331177884616 0.5045244038461538 0.541659795673077 0.4996346826923077 0.5410696850961538
15 0.54193084375 0.5222576322115384 0.5359661826923077 0.5182963052884616 0.5072360120192307 0.5061962644230769 0.502935014423077 0.5059627235576923 0.5011779350961538 0.5070607067307692 0.5014318581730769 0.508888451923077 0.5046635673076924 0.5116130096153846 0.5340598942307693 0.5244652548076923 0.53983896875 0.5248267884615385 0.54193084375 0.5222576322115384
15 0.5498678317307693 0.3777346442307692 0.5400325889423077 0.3767996225961538 0.5362645096153846 0.3771678485576923 0.5318610096153846 0.37959238942307694 0.5316810673076924 0.38185483653846153 0.5330133774038461 0.38335924759615386 0.5590641947115385 0.3844205336538461 0.5717474350961539 0.3824073846153846 0.5498678317307693 0.3777346442307692
15 0.5683808461538461 0.37472590865384614 0.5690373701923077 0.3685601105769231 0.5386514831730769 0.3670395432692307 0.5321819423076923 0.3689805264423077 0.5683808461538461 0.37472590865384614
15 0.5527624615384615 0.4551281995192307 0.5238659855769231 0.44931052644230773 0.5339119879807692 0.45849852403846153 0.5527624615384615 0.4551281995192307
15 0.5458919855769231 0.47943213461538464 0.5403408846153847 0.4743943221153846 0.5046494158653846 0.4723053990384616 0.5030865649038462 0.47917284615384614 0.5458919855769231 0.47943213461538464
10 0.44145617067307696 0.41448184134615385 0.44513986538461536 0.46304176923076923 0.465045639423077 0.5138950408653846 0.4966269783653846 0.5575890480769231 0.5220534615384615 0.5782970793269231 0.5540154687500001 0.5761727812499999 0.5771586899038461 0.5480531129807692 0.5681420360576923 0.5199842235576922 0.5408431995192308 0.5045606730769231 0.560282125 0.5339207211538461 0.5593738100961538 0.5526272211538461 0.5405335168269231 0.5677252331730769 0.5157615769230769 0.5588562163461538 0.4918370456730769 0.5256621225961539 0.47079974038461536 0.49449642788461534 0.4553287956730769 0.4535863076923077 0.4542227235576923 0.4054717980769231 0.46140270913461534 0.3827508100961538 0.4579218485576923 0.37450196875 0.44226811057692306 0.3814836442307692 0.44145617067307696 0.41448184134615385
10 0.4332612355769231 0.49463749038461535 0.42364561057692307 0.5516055480769231 0.4328042908653846 0.6143669471153846 0.4653142139423077 0.6628097884615385 0.5406652451923077 0.6554375576923076 0.5716176057692308 0.6194904783653846 0.5616622427884616 0.5749450360576923 0.5434258750000001 0.5399723485576924 0.5292740360576923 0.5377393173076923 0.5495400913461539 0.5840664519230769 0.5556188389423077 0.6162160697115385 0.5307402259615385 0.6460751634615385 0.4752849519230769 0.6278254879807693 0.4482246298076923 0.5966386634615385 0.44339923076923077 0.556038610576923 0.4452919639423077 0.509461985576923 0.4599259302884615 0.4569298100961538 0.44666725 0.4475011706730769 0.4332612355769231 0.49463749038461535
10 0.2002620264423077 0.35597921634615387 0.16989321634615384 0.3864190865384615 0.1661179783653846 0.4265525745192308 0.2147027716346154 0.4691062019230769 0.2687422908653846 0.5024059519230769 0.3440019543269231 0.5189796033653846 0.4358084086538462 0.5246473413461539 0.4857329591346154 0.4965670625 0.5162082235576924 0.4921465745192308 0.5425176826923077 0.49720267788461536 0.5592207019230769 0.46688752884615387 0.5409244375 0.46888709375 0.4922684831730769 0.4737347331730769 0.44796106730769225 0.4859614783653846 0.4030193149038462 0.5098045961538461 0.31232913701923076 0.4992315 0.2436913076923077 0.4623894903846154 0.21935580048076925 0.43983071875 0.1958778533653846 0.4046744735576923 0.21505309855769233 0.38810485576923076 0.21590045432692306 0.36377977403846157 0.2002620264423077 0.35597921634615387
10 0.5127882716346154 0.4895163052884615 0.5773567427884616 0.4853790745192308 0.6408749182692308 0.4652558461538462 0.6696554927884615 0.4447379879807692 0.6585699567307692 0.4203457403846154 0.6208067884615385 0.4210022139423077 0.6382922403846153 0.4265728245192308 0.6157325600961538 0.4491853028846154 0.5560809182692308 0.4699766730769231 0.4814250721153846 0.47135115144230766 0.4655886634615385 0.46147709855769226 0.4734739110576923 0.44448603125 0.4546995985576923 0.4386927019230769 0.4320130216346154 0.4765779927884616 0.46160541826923074 0.4878094134615385 0.5127882716346154 0.4895163052884615
10 0.4333222692307693 0.4355085240384616 0.5171927019230769 0.4642764230769231 0.57689 0.4638858461538462 0.6339285024038461 0.43397592788461536 0.6140427043269231 0.40628046875 0.588910766826923 0.4022351514423077 0.598536360576923 0.42174226682692306 0.579112514423077 0.4423475096153846 0.5218558701923077 0.44672857692307694 0.47407271634615383 0.42419657932692306 0.4656142235576923 0.39367502403846155 0.48454075961538456 0.38114103125 0.4661267355769231 0.3708215480769231 0.4380058221153846 0.3766685384615384 0.4218293966346154 0.39477598317307694 0.4333222692307693 0.4355085240384616
10 0.5817258245192307 0.3867185456730769 0.5832115649038461 0.3945818942307693 0.6051226610576923 0.39280083173076924 0.5942082572115385 0.3730709975961538 0.5558782019230769 0.3649180985576923 0.5201866826923077 0.36282914903846153 0.4798726370192308 0.3604512764423077 0.47361109855769234 0.3761934495192308 0.4842667692307692 0.3882312163461539 0.5038732355769231 0.38448169230769236 0.49890568750000003 0.3739366514423077 0.5284625600961539 0.37649497836538465 0.5817258245192307 0.3867185456730769
3 0.731290716346154 0.6124141201923077 0.808667485576923 0.3016623509615385 0.510353204326923 0.2647733533653846 0.46706498317307693 0.5815406201923077 0.731290716346154 0.6124141201923077
1 0.45574484615384614 0.5812516177884615 0.4812734615384615 0.3307513966346154 0.20971562740384617 0.2761787283653846 0.19510146875 0.5464087764423077 0.45574484615384614 0.5812516177884615
6 0.36209161298076925 0.425143 0.23086074759615385 0.4092638798076923 0.1562978389423077 0.4426033317307692 0.1519407139423077 0.5009898798076923 0.2345272451923077 0.5893551778846153 0.3222828293269231 0.6079182067307692 0.3710909326923077 0.6094077115384615 0.40340149759615385 0.5967842980769231 0.40396394471153846 0.5954655288461539 0.4072849302884615 0.5954160456730769 0.4422975264423077 0.5867616682692307 0.4635944951923077 0.5324116225961538 0.42621515625 0.45729631249999997 0.36209161298076925 0.425143
6 0.1189386923076923 0.4341083653846154 0.0866399903846154 0.48970588221153843 0.11694248076923076 0.5880698894230769 0.22374297596153847 0.6445918509615385 0.36082594230769227 0.6465274206730769 0.4222703653846154 0.6109695865384616 0.3710909326923077 0.6094077115384615 0.34067156730769227 0.6212922548076923 0.24463490624999998 0.6155732860576923 0.17662798557692308 0.5847882908653846 0.13296340625 0.5412155096153847 0.1268271514423077 0.4857740264423077 0.15618291346153848 0.4391846514423077 0.20157958653846153 0.41236123076923076 0.1848756057692308 0.40335691586538464 0.1189386923076923 0.4341083653846154
0 0.14004071875000002 0.2589768125 0.08133621875 0.31680905769230766 0.08540888221153847 0.3616974879807692 0.09985999759615384 0.4002221706730769 0.14729301682692308 0.43900800721153843 0.172210375 0.4433137379807693 0.18321404807692307 0.4257934230769231 0.1838255817307692 0.41646425961538464 0.13039960817307691 0.3837469711538462 0.1235868389423077 0.3234302379807692 0.14107585096153846 0.28974506971153846 0.1847203173076923 0.26669746875 0.18465983413461537 0.4037374495192308 0.19508506971153847 0.24469676923076925 0.14004071875000002 0.2589768125
0 0.3000312908653846 0.4898727836538462 0.34554969951923076 0.5174515072115384 0.40377371634615383 0.5519841947115385 0.4597042307692308 0.5691264110576923 0.4922200480769231 0.5666384014423077 0.46501529326923075 0.5340166442307692 0.3598790841346154 0.501574016826923 0.2693700841346154 0.4519458076923077 0.19640398317307695 0.43118010817307695 0.1846450408653846 0.43725014423076924 0.18463181971153847 0.4672126298076923 0.20187050240384613 0.4463997091346154 0.2175664951923077 0.4559096274038461 0.2531395264423077 0.4722531274038462 0.3000312908653846 0.4898727836538462
2 0.6042998966346154 0.785265451923077 0.6408810408653847 0.8011033990384615 0.6925831586538462 0.8093577475961538 0.7204774447115384 0.8005826105769231 0.7779032211538461 0.7758378509615385 0.7815769975961538 0.747922608173077 0.7973136802884616 0.7180132163461538 0.8194842259615385 0.7422372211538462 0.872870903846154 0.7548612860576923 0.9316836514423077 0.7357943293269231 0.9572032836538462 0.702137326923077 0.9730508076923077 0.6470958341346154 0.9959253485576922 0.5406938653846154 0.9114484879807693 0.5304076971153846 0.8497807307692308 0.5306277211538462 0.8140112716346154 0.5897040889423077 0.7945670336538462 0.6516014615384615 0.7532162307692307 0.6057094855769231 0.7153631971153847 0.58761246875 0.6832742908653846 0.5834270240384616 0.7108098653846154 0.6350888942307692 0.6849451923076924 0.6584897884615385 0.6268224903846153 0.6980689591346153 0.5966414326923076 0.7404371490384616 0.6042998966346154 0.785265451923077
5 0.23356975 0 0.1908706778846154 0.05131704326923077 0.15870047115384617 0.1259701826923077 0.1400273798076923 0.21587121153846153 0.16688638221153845 0.2626577884615385 0.2374032860576923 0.30203371394230766 0.2971495913461539 0.3259531875 0.4165948365384615 0.36222798076923074 0.49623859134615383 0.3732713942307692 0.6156026394230769 0.40205471153846156 0.627685875 0.3803509543269231 0.6081606442307692 0.3484269134615384 0.5462967524038461 0.3377368028846154 0.43216923076923075 0.3173357548076923 0.31505120673076925 0.2943786346153846 0.2831451274038462 0.2854664254807692 0.23636828365384616 0.2712654759615385 0.2208414783653846 0.24139187019230768 0.21209375 0.18957769951923076 0.24077300240384616 0.13811306971153844 0.2817381658653846 0.1268382331730769 0.3401652259615385 0.13693445913461538 0.3843847235576923 0.13098032451923075 0.45479347115384616 0.13159099519230769 0.4936818629807692 0.09412625721153846 0.5352763076923077 0.07616256009615384 0.53492403125 0.04479792307692308 0.5349516754807693 0.04619681730769231 0.5430703413461538 0.01836986298076923 0.5043581009615384 0.00012438221153846153 0.5037853846153847 0 0.23356975 0
10 0.5032914543269231 0.42860881490384617 0.5226543293269231 0.4455500168269231 0.6135694663461538 0.4463053798076923 0.6659345841346155 0.4437981009615385 0.6763332524038461 0.41772466346153847 0.6496635600961539 0.41719471394230767 0.631978420673077 0.4399697451923077 0.5736664182692308 0.43329222596153844 0.5388848942307692 0.42524267307692304 0.5098727740384615 0.4099835168269231 0.5032914543269231 0.42860881490384617