9 0.49834656009615386 0.6744791658653846 0.4953703701923077 0.6670386899038461 0.4862764543269231 0.6589781754807693 0.4806547620192308 0.65674603125 0.4707341274038462 0.6587301586538461 0.46709656009615386 0.6604662692307692 0.4603174591346154 0.666294641826923 0.45833333413461536 0.6717509927884616 0.4603174591346154 0.6799355168269231 0.46726190384615385 0.6873759927884616 0.4717261899038461 0.689236110576923 0.4824735456730769 0.6901041658653846 0.4869378317307692 0.689732141826923 0.4947089951923077 0.6856398798076923 0.49768518509615384 0.68018353125 0.49834656009615386 0.6744791658653846
15 0.2772817451923077 0.668402778846154 0.2719907403846154 0.668402778846154 0.2705026466346154 0.6702628966346154 0.2705026466346154 0.677455358173077 0.2724867716346154 0.694072420673077 0.2741402115384615 0.6980406754807693 0.27777777884615384 0.6995287692307692 0.28158068750000004 0.6986607139423077 0.28306878365384613 0.6955605168269231 0.27976190384615385 0.6707589278846153 0.2772817451923077 0.668402778846154
15 0.24537037019230767 0.6871279759615384 0.24371693028846153 0.6727430552884616 0.24057539663461538 0.6688988100961539 0.23429232692307694 0.6711309519230769 0.23214285817307692 0.6747271826923077 0.23743386298076924 0.697544641826923 0.2409060841346154 0.7011408725961539 0.24272486778846153 0.7010168653846154 0.2458664014423077 0.700892858173077 0.24867724759615387 0.6985367067307693 0.24867724759615387 0.696552579326923 0.24537037019230767 0.6871279759615384
15 0.21362433894230767 0.6749751995192308 0.2091600528846154 0.6716269831730769 0.20436507932692308 0.6737351201923077 0.2040343918269231 0.6757192451923076 0.20998677163461538 0.6985367067307693 0.21213624278846155 0.700892858173077 0.2149470889423077 0.7012648798076923 0.2177579375 0.7006448413461539 0.21924603125 0.6980406754807693 0.2146164014423077 0.6829117067307693 0.21362433894230767 0.6749751995192308
11 0.2056878317307692 0.6144593245192308 0.20436507932692308 0.6099950408653846 0.19328703605769232 0.6021825408653846 0.18667328125000002 0.6006944447115384 0.17741402163461537 0.5962301586538461 0.17261904807692308 0.599826389423077 0.17063492067307692 0.6047867067307693 0.16203703605769232 0.6117311514423076 0.15939153365384615 0.6199156754807693 0.16203703605769232 0.6263640865384615 0.16418650721153846 0.6279761899038461 0.17179232692307694 0.6316964278846153 0.17956349278846154 0.63231646875 0.18766534375 0.6316964278846153 0.19890873076923077 0.627232141826923 0.20436507932692308 0.6211557548076924 0.2056878317307692 0.6144593245192308
11 0.2539682548076923 0.620659721153846 0.250661375 0.615947420673077 0.24520502644230768 0.6116071418269231 0.23826058173076922 0.6096230168269231 0.23611111057692308 0.6077628966346154 0.23677248557692307 0.60205853125 0.24107142788461539 0.5936259927884615 0.24206349278846154 0.5844494038461538 0.24057539663461538 0.5835813485576924 0.23875661298076922 0.5849454374999999 0.23743386298076924 0.5926339278846154 0.23544973557692309 0.5936259927884615 0.2318121682692308 0.6070188485576924 0.22701719471153847 0.6101190480769231 0.2184193125 0.6133432548076923 0.21263227403846155 0.619419641826923 0.21197089903846156 0.6320684519230769 0.21362433894230767 0.6347966274038461 0.22106481490384616 0.640625 0.22751322836538462 0.6414930552884616 0.2415674591346154 0.639384920673077 0.2519841274038461 0.6313244038461538 0.2536375673076923 0.6278521826923077 0.2539682548076923 0.620659721153846
11 0.2943121682692308 0.6285962307692308 0.2943121682692308 0.6231398798076923 0.2916666658653846 0.6179315480769231 0.28257275240384616 0.6125992067307693 0.2782738100961538 0.6121031754807692 0.2757936514423077 0.6097470240384616 0.27447089903846156 0.600322420673077 0.27447089903846156 0.584201389423077 0.2723214278846154 0.5825892860576923 0.2705026466346154 0.584201389423077 0.2714947091346154 0.5901537692307692 0.2711640216346154 0.6109871033653846 0.2585978846153846 0.61768353125 0.2549603173076923 0.6233878966346154 0.2546296298076923 0.6273561514423077 0.2552910048076923 0.6355406754807693 0.2602513221153846 0.6432291658653846 0.26703042307692304 0.6458333341346154 0.2721560841346154 0.6457093245192307 0.28290343990384614 0.6433531754807693 0.2870370360576923 0.6407490072115384 0.2916666658653846 0.6360367067307693 0.2943121682692308 0.6285962307692308
14 0.2933201057692308 0.5256696418269231 0.28108465625 0.5184771826923077 0.2772817451923077 0.5109126995192308 0.2767857139423077 0.5182291658653846 0.27976190384615385 0.5212053581730769 0.2781084663461538 0.5296378966346154 0.2857142860576923 0.5417906754807692 0.2870370360576923 0.5519593245192308 0.29216269951923074 0.5567956346153846 0.29894179807692306 0.5574156754807692 0.3025793653846154 0.5494791658653846 0.30291005288461537 0.5440228173076923 0.2972883605769231 0.5363343245192308 0.2933201057692308 0.5256696418269231
14 0.4434523798076923 0.615947420673077 0.4424603173076923 0.6114831346153846 0.4444444447115385 0.6037946418269231 0.44014550240384614 0.5975942451923077 0.4393187836538462 0.59375 0.4292328052884615 0.603298610576923 0.4289021153846154 0.6119791658653846 0.4259259254807692 0.615451389423077 0.42658730048076926 0.6209077379807693 0.4242724855769231 0.6268601201923077 0.43402777884615384 0.6326884927884616 0.4375 0.6325644831730769 0.4413029110576923 0.6316964278846153 0.4441137572115385 0.6281001995192308 0.44179894230769234 0.6196676586538461 0.4434523798076923 0.615947420673077
14 0.47619047596153846 0.6040426586538461 0.47222222115384616 0.5995783725961539 0.4707341274038462 0.59424603125 0.46858465625 0.5993303581730769 0.4616402115384615 0.6045386899038461 0.4589947091346154 0.6196676586538461 0.4566798942307692 0.6236359134615385 0.45998677163461543 0.6288442451923076 0.4656084663461538 0.630580358173077 0.46957671875 0.6283482139423077 0.47321428605769233 0.6236359134615385 0.47652116346153844 0.6087549591346154 0.47619047596153846 0.6040426586538461
14 0.5013227524038462 0.5961061514423076 0.4968584663461538 0.592509920673077 0.4917328052884615 0.5943700408653846 0.49041005288461537 0.6000744038461538 0.4917328052884615 0.6204117067307693 0.49371693028846153 0.6233878966346154 0.49735449759615386 0.6251240072115384 0.5023148149038461 0.6236359134615385 0.5039682548076923 0.6149553581730769 0.5026455024038461 0.5985863100961539 0.5013227524038462 0.5961061514423076
10 0.652777778846154 0.6705109134615385 0.6574074062499999 0.6553819447115384 0.65641534375 0.6313244038461538 0.6501322740384615 0.568576389423077 0.6431878317307693 0.5427827379807693 0.638558201923077 0.5140128966346154 0.638888889423077 0.506076389423077 0.6362433870192308 0.5021081346153846 0.6331018509615384 0.5007440480769231 0.6296296298076923 0.5018601201923076 0.6276455024038461 0.506076389423077 0.6302910048076923 0.5107886899038461 0.6326058197115384 0.5363343245192308 0.6415343918269231 0.5760168653846154 0.6478174591346153 0.6380208341346154 0.6481481490384616 0.6558779759615384 0.6461640216346154 0.66356646875 0.6395502644230769 0.6734871033653846 0.6324404759615384 0.6770833341346154 0.607638889423077 0.6800595240384616 0.6051587307692308 0.6834077379807693 0.6058201057692307 0.6863839278846153 0.6084656081730769 0.6866319447115384 0.6225198413461539 0.685763889423077 0.6327711634615384 0.684027778846154 0.6433531754807693 0.6800595240384616 0.652777778846154 0.6705109134615385
3 0.1752085216346154 0.47984518028846157 0.17256349759615386 0.4771989134615385 0.16991840865384616 0.7305793413461538 0.6742438173076923 0.7153632884615385 0.6689537692307692 0.4818298918269231 0.1752085216346154 0.47984518028846157
1 0.2647707019230769 0.22503306971153847 0.2624956298076923 0.4640875889423077 0.6654269375 0.4720264326923077 0.6698353774038461 0.2451086875 0.2647707019230769 0.22503306971153847
14 0.20414460096153847 0.5085978846153846 0.21400280048076922 0.5616088100961538 0.23339997115384614 0.5536699927884615 0.22634644230769232 0.5100065336538462 0.20414460096153847 0.5085978846153846
14 0.2482363125 0.5119047620192307 0.2475069639423077 0.5602856706730769 0.26954915865384615 0.5549931346153846 0.2624956298076923 0.5159606538461539 0.2482363125 0.5119047620192307
10 0.22810979086538463 0.3385251177884615 0.21223945192307692 0.37755759855769233 0.20871268509615384 0.4033587475961538 0.20959436057692307 0.43908341586538463 0.213121125 0.47282340865384614 0.21400280048076922 0.49796292548076926 0.20342257211538461 0.5330260360576923 0.19636904326923077 0.5502267860576923 0.18402539903846152 0.56808909375 0.21929291346153848 0.56808909375 0.23339997115384614 0.5568424615384615 0.2475069639423077 0.5178099567307692 0.25191540384615385 0.47679275480769234 0.24309852403846152 0.42849831730769233 0.25720551682692305 0.37689604086538464 0.28453782451923076 0.3200012283653846 0.34096586057692313 0.27302990384615383 0.35507285096153846 0.2373052764423077 0.3339123293269231 0.22804330528846156 0.31980533894230767 0.25847542307692306 0.29688146875 0.29089223798076924 0.26073228125000003 0.31206240865384616 0.22810979086538463 0.3385251177884615
10 0.344492625 0.27302990384615383 0.32333210336538465 0.2895690985576923 0.3004082331730769 0.3061082908653846 0.28630124038461535 0.3279400192307692 0.26954915865384615 0.3491101923076923 0.2475069639423077 0.3735882019230769 0.2395717596153846 0.4060050288461538 0.2395717596153846 0.43908341586538463 0.24221685096153844 0.46289989423076927 0.24398019951923075 0.4893625769230769 0.2492703125 0.5138405625 0.25367875240384613 0.5330260360576923 0.24486187259615383 0.548903670673077 0.23604499519230768 0.5667659783653846 0.25456042548076924 0.5661044206730769 0.2730759230769231 0.5482420625000001 0.27748436298076923 0.5257488004807692 0.2713125072115385 0.5118558389423077 0.26602239423076923 0.4959782524038462 0.26337730528846154 0.4754696394230769 0.26602239423076923 0.4542994663461538 0.2713125072115385 0.4192363846153846 0.28630124038461535 0.39343523317307694 0.2915913557692308 0.3788807379807692 0.3083434375 0.3596952908653846 0.3303856322115385 0.32992474278846157 0.3506644110576923 0.3008157548076923 0.3577179423076923 0.2624448197115385 0.3682981682692308 0.23465898317307693 0.3559545264423077 0.22804330528846156 0.35154608653846153 0.24789033653846154 0.344492625 0.27302990384615383
10 0.3982755673076923 0.3358788365384615 0.40356568269230764 0.35572586778846155 0.40885579567307695 0.3682956658653846 0.4097375360576923 0.3947583725961538 0.4132642331730769 0.4112975673076923 0.3991572427884615 0.4490069302884615 0.38857701442307696 0.4675308221153846 0.3832869014423077 0.4754696394230769 0.3585996153846154 0.5098711658653846 0.33832076923076926 0.5250871923076923 0.3242137764423077 0.5330260360576923 0.3030532572115385 0.5396417115384615 0.27572094711538464 0.5462573894230769 0.25720551682692305 0.5541961826923077 0.28101106009615384 0.5634581394230769 0.3083434375 0.5667659783653846 0.3277405408653846 0.5627965817307692 0.34537429807692305 0.5541961826923077 0.3938671298076923 0.5211177956730769 0.4070924471153846 0.49796292548076926 0.42296285336538464 0.47480805769230766 0.4291346418269231 0.46289989423076927 0.43177973317307694 0.4384218317307692 0.4476500721153846 0.40137405048076924 0.4388331947115385 0.36101840625000003 0.4379515192307692 0.35043333173076924 0.4308979903846154 0.3305863004807692 0.41943608894230766 0.3114008269230769 0.41150088461538464 0.2975079158653846 0.4009206586538462 0.2717067764423077 0.3973938942307692 0.25847542307692306 0.39651221875 0.24259778846153848 0.3903403629807692 0.22738175961538462 0.3772045649038462 0.23660714423076923 0.37094325961538466 0.2670758221153846 0.3824051610576923 0.29089223798076924 0.38857701442307696 0.31206240865384616 0.3982755673076923 0.3358788365384615
10 0.4388331947115385 0.45297637740384616 0.44147828365384617 0.47877747836538465 0.44147828365384617 0.48605476201923076 0.4344247548076923 0.5045786033653846 0.4458867235576923 0.5535346250000001 0.424726201923077 0.5396417115384615 0.41943608894230766 0.5548577403846153 0.4220811129807692 0.5720585408653845 0.4467683990384615 0.5899208485576923 0.46175706490384616 0.5872745673076923 0.46616550240384613 0.570735375 0.4529401850961538 0.53368759375 0.4555852764423077 0.508548 0.45646695192307696 0.47877747836538465 0.45911204086538465 0.45628421634615385 0.4599937163461538 0.4271751754807692 0.45382192788461534 0.4165901033653846 0.4450050504807692 0.39211209375 0.43177973317307694 0.3802038798076923 0.42296285336538464 0.3894658365384615 0.4238445288461538 0.40997442548076923 0.4238445288461538 0.42254422355769233 0.4334214975961539 0.4416335985576923 0.4335430817307693 0.44305286298076924 0.43618817067307697 0.4357755769230769 0.4388331947115385 0.45297637740384616
10 0.5393456201923077 0.4642229831730769 0.5525709375 0.4754696394230769 0.5657962548076922 0.4946550889423077 0.5781398966346154 0.5105327235576923 0.5790215721153846 0.5264103581730769 0.5702046923076923 0.5436111081730769 0.5675596033653846 0.5495652283653846 0.5393456201923077 0.5588271850961538 0.5137766586538461 0.5548577403846153 0.5005513413461539 0.5343491514423077 0.4873260240384615 0.5270719158653846 0.4802725625 0.5429495504807692 0.50495978125 0.5621350240384616 0.5261203028846154 0.5753663798076923 0.5666779278846155 0.580658889423077 0.60459053125 0.5661044206730769 0.6142891514423077 0.5495652283653846 0.6116440625 0.5244256346153846 0.6037087908653846 0.4946550889423077 0.5940102379807692 0.49002413461538463 0.5790215721153846 0.47943908653846157 0.5649145793269231 0.45760730528846155 0.5428723846153847 0.44636069951923074 0.5120133100961538 0.4245289206730769 0.4767457980769231 0.40931286778846154 0.4652838293269231 0.42585206009615384 0.4599937163461538 0.44636069951923074 0.4502951634615385 0.4648845408653846 0.45205851201923075 0.4754696394230769 0.4720017427884615 0.4589947091346154 0.4837992596153846 0.44503750961538463 0.5076048701923077 0.43312934615384613 0.5181850985576923 0.4476837908653846 0.5393456201923077 0.4642229831730769
10 0.44853174759615383 0.5171483990384615 0.46087538942307693 0.5442726658653846 0.4705739423076923 0.5661044206730769 0.47410070673076926 0.585951451923077 0.4714556850961538 0.6163835576923078 0.46969226923076923 0.6177066706730769 0.4802725625 0.6335843076923078 0.47410070673076926 0.6408615408653847 0.4652838293269231 0.6342458653846154 0.4599937163461538 0.6574007331730769 0.4917344639423077 0.6574007331730769 0.5076048701923077 0.6368921442307692 0.51642175 0.5998443629807693 0.51642175 0.588597733173077 0.49614290384615384 0.5575040192307692 0.4802725625 0.5369954302884615 0.46881059375 0.5191331225961539 0.4635204807692308 0.5065633269230769 0.46087538942307693 0.5006092067307693 0.4786155 0.5069444447115384 0.46969226923076923 0.49002413461538463 0.45205851201923075 0.48803941105769233 0.43618817067307697 0.5012707644230769 0.44853174759615383 0.5171483990384615
10 0.4529401850961538 0.59058240625 0.49085278846153846 0.585951451923077 0.5067231971153846 0.5700738173076924 0.5419907091346153 0.5482420625000001 0.5578610504807693 0.508548 0.5675596033653846 0.4642229831730769 0.5472808245192308 0.44305286298076924 0.49878799278846153 0.43908341586538463 0.47762747115384613 0.43974502403846155 0.4705739423076923 0.4701770769230769 0.4820359110576923 0.4589304471153846 0.5128949855769231 0.45628421634615385 0.5375822716346154 0.4662077307692308 0.5508075889423076 0.48671626923076927 0.5234752115384615 0.5231025192307692 0.5208301899038461 0.5330260360576923 0.5058414543269231 0.5555193485576922 0.47762747115384613 0.5667659783653846 0.4609788149038462 0.5524140216346154 0.44235995913461534 0.5555193485576922 0.4432416346153846 0.56808909375 0.4529401850961538 0.59058240625
0 0.6936410552884615 0.4245289206730769 0.6989311033653846 0.3993893533653846 0.6821790865384615 0.3709419206730769 0.67248046875 0.3471254927884615 0.6513200144230769 0.3226474831730769 0.6451482259615384 0.3147086658653846 0.6116440625 0.27633774278846157 0.5860751009615385 0.26178326201923074 0.5728497836538462 0.2498750360576923 0.556097701923077 0.23068959855769233 0.556097701923077 0.228704875 0.5261203028846154 0.21084254326923077 0.5093682211538462 0.20158059615384616 0.47321903365384616 0.1929802091346154 0.42648955048076925 0.1870261033653846 0.4185544158653846 0.22208919951923076 0.44147828365384617 0.2717067764423077 0.4432416346153846 0.30412359134615385 0.4555852764423077 0.3259553221153846 0.49614290384615384 0.37424975961538465 0.5093682211538462 0.3954199302884615 0.5296470673076923 0.4185748004807692 0.54551740625 0.43312934615384613 0.5666779278846155 0.45694572355769225 0.5913652139423077 0.47150021875000003 0.6134074110576923 0.48803941105769233 0.6583735432692308 0.5078864423076923 0.67248046875 0.5171483990384615 0.6857057860576923 0.5217793533653846 0.7059846322115385 0.4959782524038462 0.7042212836538462 0.4959782524038462 0.6663086802884616 0.47348491586538466 0.6451482259615384 0.46025356250000005 0.6857057860576923 0.44437595192307694 0.6936410552884615 0.4245289206730769
6 0.5014330168269231 0.46091514423076924 0.4291346418269231 0.46025356250000005 0.37094325961538466 0.4781158942307692 0.3030532572115385 0.4781158942307692 0.30217158173076925 0.4542994663461538 0.28365615144230766 0.41791324278846154 0.28630124038461535 0.40666658653846155 0.30217158173076925 0.3451407956730769 0.28277447596153843 0.27302990384615383 0.2889462644230769 0.24061311538461538 0.2818928028846154 0.20753470432692306 0.344492625 0.24127465865384617 0.38857701442307696 0.2597985504807692 0.43706984615384614 0.26046014663461536 0.4873260240384615 0.25318287259615385 0.5208301899038461 0.24193623076923076 0.5613878149038461 0.21944293028846154 0.5552160264423077 0.19893432932692307 0.50495978125 0.1751178894230769 0.47498238221153843 0.17114848076923075 0.4626388052884615 0.1810719951923077 0.43266140625 0.20224216826923075 0.4097375360576923 0.22672016586538463 0.3973938942307692 0.22341232692307691 0.35154608653846153 0.1949649206730769 0.3303856322115385 0.18041042548076922 0.2951181201923077 0.16188652884615384 0.2589688653846154 0.14733204086538462 0.23692666826923076 0.13740852403846154 0.19636904326923077 0.1724716201923077 0.22810979086538463 0.19430335096153847 0.2510337283653846 0.2320127139423077 0.2501519855769231 0.2756761850961538 0.23692666826923076 0.3186780865384616 0.23163655528846153 0.34778705048076924 0.22370135336538463 0.4000509110576923 0.2228196778846154 0.4423912548076923 0.22017465384615387 0.48142373317307696 0.2395717596153846 0.5098711658653846 0.29247302884615384 0.508548 0.38505025 0.5045786033653846 0.43266140625 0.49531664423076927 0.48468100240384615 0.4926704158653846 0.54551740625 0.4920088076923077 0.5834300120192307 0.4992860913461538 0.621342548076923 0.5145021201923077 0.667190420673077 0.5323644783653847 0.6770281995192308 0.5243055552884616 0.6760073004807693 0.5019323221153846 0.6239876370192309 0.4807621754807692 0.5516892620192307 0.4675308221153846 0.5014330168269231 0.46091514423076924