3 0.7633008125 0.7386195192307692 0.7009867668269231 0.4456594903846154 0.3932222668269231 0.5185232139423077 0.4570967956730769 0.7801820336538461 0.7633008125 0.7386195192307692
1 0.6338107764423077 0.44686437259615386 0.5663291514423077 0.16646018509615385 0.32762795913461534 0.24230381490384617 0.39296269230769226 0.5010745072115385 0.6338107764423077 0.44686437259615386
5 0.9431609423076923 0.37932132692307696 0.9364873533653846 0.27935821875 0.8905472379807692 0.167241 0.8280485961538461 0.0788900360576923 0.7661033413461538 0.0630896201923077 0.6459023918269231 0.06730079086538462 0.5832755649038461 0.10673455769230769 0.5102155240384616 0.20272617548076924 0.5307768557692307 0.29138978846153846 0.570635516826923 0.4191266201923077 0.5928809447115385 0.5762988173076923 0.6246755817307693 0.5906657620192308 0.657821704326923 0.5754074399038461 0.6475118485576924 0.4988014350961538 0.64546903125 0.3968648173076923 0.5975542740384616 0.25811724038461537 0.618190266826923 0.15982696875 0.7091360576923077 0.15958673557692307 0.7497005408653846 0.25898444711538465 0.8154279951923077 0.41279816586538465 0.9064126754807693 0.4555900576923077 0.9431609423076923 0.37932132692307696
2 0.5708623365384615 1 0.6035835625 0.9882887331730769 0.5505510120192307 0.8576066057692308 0.5034831634615384 0.8465114567307693 0.4249891442307692 0.8652353149038461 0.47296886538461536 0.8062709302884615 0.47387592548076923 0.7308323485576923 0.4587437596153846 0.7140574182692307 0.4202609831730769 0.7596284447115385 0.4078384927884615 0.7734189038461537 0.3209703076923077 0.699135076923077 0.26781611298076924 0.6982804495192307 0.24689127163461538 0.746847954326923 0.25281534375 0.8267390120192307 0.31529926682692305 0.8989529302884616 0.35924521634615386 0.9629237019230769 0.38105362980769236 1 0.5708623365384615 1
13 0.49473463701923076 0.5855870913461538 0.49300215384615387 0.5917045649038462 0.4941076899038462 0.6016384711538462 0.49673414663461535 0.6076684807692307 0.5018290048076923 0.6128592451923077 0.5113718918269231 0.6150933341346154 0.5196288509615384 0.6104431899038462 0.5276096995192308 0.6036456610576922 0.5306827139423077 0.59667396875 0.5297641947115385 0.5917566610576923 0.5265287043269231 0.5864815793269231 0.5210965072115384 0.5788156153846153 0.5163078221153846 0.575263951923077 0.5141144254807692 0.5769062019230768 0.5090540504807692 0.5765846706730768 0.5025930168269231 0.5781339230769231 0.49473463701923076 0.5855870913461538
7 0.6052742860576923 0.6346162115384615 0.6670543509615385 0.6247179158653846 0.6729074615384616 0.6252679759615384 0.6736679206730769 0.6233160264423077 0.6730544711538461 0.6186934423076923 0.6654702235576924 0.5887987235576924 0.5991797932692308 0.5999814951923077 0.5943042307692308 0.6019878076923078 0.5928735024038462 0.6043668653846154 0.6010033365384616 0.6304900745192307 0.6026221850961538 0.6344719951923078 0.6052742860576923 0.6346162115384615
10 0.6919084062499999 0.4894124615384615 0.6871186177884615 0.48451642067307693 0.6845578125 0.4841917451923077 0.6826995480769231 0.4856204423076923 0.6841669711538461 0.49079937740384616 0.7072975336538462 0.5209368461538462 0.725303173076923 0.546391826923077 0.7391625408653847 0.571065076923077 0.7440524663461539 0.5865356899038462 0.7456478798076923 0.5990921634615385 0.74590496875 0.6151916105769231 0.744145735576923 0.6258505000000001 0.7440933413461538 0.6362777115384616 0.7363481129807692 0.7072445072115384 0.7356331826923077 0.7275094831730768 0.7388664639423077 0.7300958028846154 0.7423703269230769 0.7281076129807692 0.7429481874999999 0.7265165841346154 0.7454780600961539 0.6891986466346154 0.7528602980769231 0.6216424399038462 0.7530853533653846 0.5987549014423077 0.7503888221153846 0.5816420408653846 0.7418358701923077 0.5599459807692307 0.73212940625 0.5441207403846154 0.7141861057692308 0.5203379591346153 0.7086915673076923 0.5109997932692308 0.6919084062499999 0.4894124615384615
10 0.6878529519230769 0.5620632860576923 0.6808408100961538 0.5606621538461538 0.6638949350961538 0.5636345625 0.6609088052884615 0.56504828125 0.6589302812500001 0.5685100889423077 0.6613418653846155 0.5727205408653846 0.6779214350961538 0.5691255889423077 0.6856639783653846 0.5690830528846154 0.6887747884615384 0.5710137331730769 0.6977185841346153 0.5861021634615384 0.7016899903846153 0.59665546875 0.7070742115384616 0.6201261610576924 0.7098965240384616 0.6419278004807693 0.7115162379807691 0.6840606129807691 0.7102468822115384 0.6973420625 0.7075134230769231 0.7094777163461538 0.7075189471153845 0.716199610576923 0.7093192932692307 0.718476233173077 0.7121539951923077 0.7182595312500001 0.713129326923077 0.7181271466346154 0.7140356947115385 0.7082562884615384 0.7176176009615385 0.6899550865384616 0.7181554567307693 0.6767729278846153 0.7158042403846154 0.6347394086538463 0.7122493221153847 0.6116926802884616 0.7083959639423077 0.5964175 0.7011256201923076 0.5775725360576923 0.695997389423077 0.5688569110576923 0.6920615673076923 0.5645172235576923 0.6878529519230769 0.5620632860576923
15 0.47218414423076926 0.5565473485576923 0.47380433413461537 0.5250671346153847 0.4725818533653846 0.521199483173077 0.4705989134615385 0.5192837764423077 0.4688319471153846 0.5205320120192307 0.4678287596153846 0.5238614350961538 0.46699577884615384 0.5488482836538462 0.4658444735576923 0.5574078605769232 0.46749449278846156 0.5622258798076923 0.47054406730769227 0.5638287427884616 0.47218414423076926 0.5565473485576923
15 0.43670937259615383 0.5279173485576923 0.4328447307692308 0.5360048894230769 0.43297935096153845 0.5514487019230769 0.4315864230769231 0.5627301322115384 0.43207850961538463 0.5680414567307692 0.4368382307692308 0.5734457740384615 0.4393057644230769 0.5344556418269231 0.4386310793269231 0.5295052355769231 0.43670937259615383 0.5279173485576923
15 0.6012669038461539 0.5060853822115384 0.5981249206730769 0.5033185985576923 0.5961742548076923 0.5035833725961538 0.5947435288461539 0.5059624302884616 0.5967008221153847 0.5137639302884616 0.6097128509615385 0.5459471009615384 0.6083000384615385 0.5330297139423077 0.6043821322115385 0.513393576923077 0.6012669038461539 0.5060853822115384
4 0.45473884134615383 0.6565616923076922 0.45669061538461536 0.6576412980769231 0.4605296105769231 0.6554395528846153 0.4639755528846154 0.6571566778846154 0.47207997836538457 0.6523591682692308 0.4659609447115385 0.6249546298076923 0.46160090144230764 0.6236977115384617 0.44916539182692305 0.6253856418269231 0.44294929807692307 0.6282461754807692 0.44212760096153847 0.6298703004807693 0.4428635216346154 0.6351485288461538 0.4450012067307692 0.6399003557692308 0.44751403125 0.6560297548076923 0.4486741730769231 0.6582252067307692 0.45473884134615383 0.6565616923076922
4 0.5008269206730769 0.6175330504807692 0.48372740625 0.6190137139423076 0.4778163798076923 0.6221689711538462 0.4773609855769231 0.6244156442307692 0.48317495432692303 0.6515254639423076 0.4990875721153846 0.6523907572115385 0.502836375 0.6517138485576923 0.5076796634615385 0.6475270576923078 0.5008269206730769 0.6175330504807692
14 0.5082656514423077 0.7671105889423077 0.5120423076923077 0.7632366418269231 0.5111193725961539 0.7529418197115384 0.5122072307692307 0.7413656634615384 0.510371298076923 0.732875423076923 0.5074119182692308 0.7297477259615385 0.5057050841346153 0.7299794062499999 0.5027523341346154 0.7349179807692308 0.5028246153846154 0.7486895889423076 0.5013660336538461 0.7542656850961538 0.5039345697115385 0.7640010120192307 0.5082656514423077 0.7671105889423077
14 0.4796317115384615 0.7168799206730768 0.4753930336538461 0.714934266826923 0.4729312644230769 0.7238397860576923 0.4748973942307692 0.7423963149038462 0.4771597596153846 0.7504925408653846 0.48295715865384614 0.7574366730769231 0.48575516586538464 0.7496619759615384 0.48299298317307693 0.7268437764423077 0.4796317115384615 0.7168799206730768
15 0.527081576923077 0.5078070336538462 0.5264314230769231 0.5078952812499999 0.52775115625 0.5292348725961539 0.5328049230769231 0.5455845600961539 0.5314179134615384 0.5145018942307693 0.527081576923077 0.5078070336538462
15 0.6243109927884615 0.5358538389423078 0.6108623822115384 0.4981163173076923 0.6152093774038462 0.5370892427884615 0.6243109927884615 0.5358538389423078
10 0.5669764855769232 0.5857769326923077 0.5568721706730769 0.5566636586538461 0.5583097788461538 0.5286734711538462 0.55497375 0.49337749759615385 0.548525625 0.4941370048076923 0.5506685024038462 0.5270207908653846 0.5448433942307692 0.5565030793269231 0.5542911634615385 0.5785326466346153 0.5720529711538462 0.62722865625 0.5875086201923077 0.6421664831730769 0.6027976586538462 0.6526437548076923 0.6016478221153846 0.6393506346153845 0.5816446033653846 0.6286165697115386 0.5735036057692308 0.6135825625 0.5669764855769232 0.5857769326923077
10 0.47188992067307695 0.5906140216346154 0.4939776105769231 0.5696836995192307 0.48665329807692304 0.5590218317307692 0.47204353846153846 0.5807303725961538 0.4531999110576923 0.5940474375 0.4340134375 0.587685576923077 0.42602602163461534 0.5627679927884615 0.4261666370192308 0.5385403557692308 0.44727429326923074 0.5123633942307693 0.4894961033653846 0.4671814471153847 0.5262129783653846 0.4460586658653846 0.5525409879807692 0.4406918100961539 0.5715823125 0.42613757692307697 0.5583822692307693 0.4291395841346154 0.5409925360576924 0.43239660817307696 0.5242496442307693 0.43197933173076924 0.49712115625000003 0.4509040360576923 0.4742167668269231 0.46746215144230774 0.44758475240384615 0.4961821923076923 0.42550677163461537 0.5278705600961539 0.41399725721153846 0.562607483173077 0.42767883413461544 0.5930284663461538 0.4480054855769231 0.6019254302884616 0.47188992067307695 0.5906140216346154
10 0.4380644927884615 0.5736865168269231 0.41500652884615385 0.6001282379807692 0.3816970096153846 0.6145122235576923 0.3449380456730769 0.589016875 0.3408383413461538 0.5492257692307693 0.35104764423076923 0.5146653269230769 0.3797965673076923 0.49014100961538465 0.40806838461538464 0.4773374158653846 0.44479501442307695 0.46697263942307693 0.47014624759615387 0.45994516346153846 0.48591234615384615 0.45870175721153844 0.49031185096153845 0.4461323245192308 0.4423481778846154 0.45744203125 0.4015607283653846 0.4710477980769231 0.36613440625 0.4812360793269231 0.3508744951923077 0.5030328701923077 0.3278327403846154 0.5474046129807693 0.33828327884615383 0.5997829519230768 0.3586196370192308 0.6194379254807691 0.3960093365384615 0.6233289735576922 0.42590162740384613 0.6049256899038462 0.45545748798076924 0.5740155504807692 0.4525173701923077 0.5582755625 0.4380644927884615 0.5736865168269231
10 0.4796579567307692 0.19325666826923077 0.4996514158653846 0.19323271634615385 0.49428068028846156 0.1858921826923077 0.46680278605769226 0.17796592067307693 0.46272900961538466 0.16686292067307693 0.4409550336538462 0.1751980673076923 0.4256984206730769 0.2005808485576923 0.4091610697115385 0.24765618509615386 0.40042182932692305 0.29008663461538464 0.4009604903846154 0.34650008894230766 0.41369447115384617 0.40753456250000003 0.4311264014423077 0.45089568750000003 0.4522891658653846 0.48568091105769234 0.46952531971153844 0.49230749999999995 0.4898616730769231 0.5119624711538461 0.4962286634615385 0.5424796971153846 0.5090903413461538 0.5649424759615385 0.5272838100961539 0.5517136298076923 0.5212858028846153 0.5494903966346154 0.5067970817307692 0.5455282620192308 0.4924556394230769 0.5044374807692308 0.4769967980769231 0.48591369471153845 0.4475458605769231 0.45315006009615383 0.4195390072115384 0.39956835817307695 0.4102156875 0.33538111057692305 0.4140774735576923 0.2918195048076923 0.42411047115384615 0.2420405841346154 0.4430882067307692 0.19732384375 0.45136336298076923 0.1809582019230769 0.47005661298076923 0.18111071153846153 0.4796579567307692 0.19325666826923077
10 0.5094105120192307 0.5595193197115385 0.5307399182692307 0.5987649903846154 0.5533597740384615 0.6270761394230769 0.5837712764423076 0.6435703677884616 0.6058751875 0.6405701009615385 0.6037420048076924 0.6184442908653847 0.5916445120192309 0.6049258365384615 0.5920529399038462 0.6343767307692307 0.5635950024038462 0.6212038004807692 0.5264930913461539 0.5760295120192308 0.5010834567307693 0.5185088149038461 0.48609190144230774 0.47750624278846154 0.4867290432692308 0.46307396874999995 0.5129034783653846 0.46759072115384614 0.5117535937500001 0.45429760336538466 0.48362884615384616 0.4500455793269231 0.4813907427884615 0.49159354807692307 0.4906848798076923 0.5235066923076923 0.5094105120192307 0.5595193197115385
10 0.5391990552884616 0.42636374759615386 0.5227990625 0.4456254182692308 0.5163336057692308 0.4859539879807692 0.5210963774038462 0.5400008846153846 0.5393352620192308 0.5769762836538461 0.5752938389423077 0.6160294326923077 0.5910501754807692 0.6040279879807693 0.5930438629807692 0.5767248798076923 0.5821054399038462 0.5989658028846153 0.5616122548076923 0.5856084110576923 0.5381789110576923 0.5565110817307692 0.5264444399038462 0.52223934375 0.5233150096153846 0.47693683894230765 0.5395386971153846 0.44245667307692305 0.5574119975961538 0.43465098076923075 0.5779084302884615 0.4515943581730769 0.5754615961538462 0.44206375 0.5606496009615385 0.41986569951923075 0.5391990552884616 0.42636374759615386
10 0.5814759711538462 0.44214399038461544 0.5764643076923077 0.47241249999999996 0.5824786899038462 0.4724927403846154 0.5889701225961539 0.46085226201923074 0.6021649375 0.49223595432692313 0.6051212644230769 0.5259059591346154 0.6087212403846154 0.552315704326923 0.607866795673077 0.5635598629807692 0.6156697932692308 0.5583991177884615 0.6176530144230769 0.5430338557692308 0.6060591586538462 0.4845344759615384 0.5959547836538461 0.45542113942307694 0.5852230288461538 0.4514981490384615 0.5900907764423077 0.4418712956730769 0.5814759711538462 0.44214399038461544
15 0.5160652884615384 0.5487533076923077 0.5037871346153846 0.5227341129807692 0.5121646129807692 0.5492827668269231 0.5160652884615384 0.5487533076923077
6 0.3014703822115385 0.19215427163461538 0.3307028173076923 0.16308124759615383 0.36336217548076927 0.1487854903846154 0.40498574519230773 0.16106800240384617 0.43638053365384616 0.18639485817307694 0.44466545192307694 0.18078724278846153 0.413920766826923 0.15537214423076923 0.37586799759615386 0.13722529086538462 0.3389715673076923 0.1395435673076923 0.30096094951923075 0.16801490144230768 0.2816467668269231 0.2002246875 0.2668931923076923 0.24257485576923077 0.26403736778846154 0.3200711875 0.28344234134615387 0.38826968509615384 0.3204003822115385 0.45408559375 0.3508467091346154 0.4715579375 0.34869502884615383 0.46638408653846153 0.3445755721153846 0.45560873798076923 0.3244514350961539 0.44008653125 0.29433423076923076 0.3894811105769231 0.2744456490384616 0.3258313173076923 0.27097987980769234 0.2680219038461539 0.27940216105769233 0.2346006610576923 0.3014703822115385 0.19215427163461538
6 0.4577099399038461 0.22564052884615385 0.4232181514423077 0.19087128365384617 0.38597882932692307 0.1735106298076923 0.3556126778846154 0.20722060576923076 0.322374639423077 0.30049683173076924 0.31264884615384614 0.33050857692307695 0.32132205769230765 0.3947840552884615 0.3445755721153846 0.45560873798076923 0.35015206971153845 0.45991001682692306 0.3574701394230769 0.46358856971153845 0.3625654230769231 0.47828299759615384 0.3696782451923077 0.48236486057692307 0.4189300552884615 0.4819559110576923 0.4609982403846154 0.4466575769230769 0.4801523269230769 0.41715931490384617 0.4861115480769231 0.356277375 0.4763014134615385 0.29305281490384616 0.4577099399038461 0.22564052884615385
0 0.5848368052884616 0.13317218028846153 0.592538954326923 0.13023084134615384 0.5671488341346154 0.09422618028846154 0.5362473149038461 0.07510867067307693 0.5021049326923077 0.06719038221153846 0.4728562331730769 0.07833336057692307 0.44686466105769235 0.09620712740384615 0.42333284134615384 0.1379555576923077 0.4246752475961539 0.1843972235576923 0.43163959375 0.19167594951923078 0.43351910817307693 0.19095818990384616 0.43066690865384616 0.1593754278846154 0.4412061394230769 0.13014985336538462 0.4593833942307692 0.09899096634615384 0.5011411153846154 0.07987380048076922 0.5541497932692308 0.09957706730769231 0.5848368052884616 0.13317218028846153
0 0.5876680024038461 0.1362716778846154 0.5848368052884616 0.13317218028846153 0.43351910817307693 0.19095818990384616 0.4337865721153846 0.19391984855769231 0.43163959375 0.19167594951923078 0.41769705048076927 0.1970004014423077 0.40029109375 0.18232731971153845 0.38487114182692306 0.20683566346153848 0.3980605552884615 0.20701165865384616 0.4103792067307692 0.19351062259615384 0.4143548846153846 0.20264073317307693 0.5876680024038461 0.1362716778846154
0 0.4284049591346154 0.3542474014423077 0.4306333004807692 0.3019413966346154 0.4307545 0.2561977019230769 0.42697170913461535 0.20739743509615385 0.4163645432692308 0.20725589903846153 0.41738332932692307 0.2095955264423077 0.42540643509615383 0.2739592475961538 0.41685650721153844 0.34595219951923073 0.40617665625000005 0.3994053653846154 0.40783918509615386 0.4404239134615385 0.4147156586538462 0.4950805072115385 0.39946235817307696 0.5240493317307693 0.41117083894230766 0.5296329447115384 0.41780620192307694 0.49735088221153845 0.4223180360576923 0.4537010240384615 0.41675799038461536 0.416798 0.4228968173076923 0.37472053605769234 0.4284049591346154 0.3542474014423077