10 0.5645759110576922 0.6272169302884615 0.5609950480769231 0.6279026995192307 0.5394530024038462 0.6250117596153846 0.5321775913461538 0.6253732403846153 0.5133890865384616 0.6223906346153847 0.5099661105769231 0.6237569831730769 0.5012318221153846 0.6219902500000001 0.4941143028846154 0.6230323076923077 0.490685 0.6207311394230769 0.4822222836538461 0.6206550432692308 0.4754899951923077 0.6178972740384616 0.4732859014423077 0.6185372091346154 0.4709744471153846 0.6218346009615385 0.47051343269230766 0.6271278966346153 0.47137865384615385 0.6290373221153847 0.4736648557692308 0.6305714302884616 0.49158182932692307 0.6344776177884615 0.5630539182692308 0.640417735576923 0.5662621658653846 0.63786578125 0.5678662836538462 0.6333395408653846 0.5681504711538461 0.6293641682692308 0.5645759110576922 0.6272169302884615
14 0.4443357115384616 0.571492545673077 0.4460535096153846 0.5679763653846154 0.44676082932692307 0.5627046923076923 0.4463629302884616 0.55266896875 0.44850382692307694 0.5348554471153846 0.44477136778846155 0.5255271105769231 0.44485345913461544 0.5212006370192308 0.4426114663461539 0.5193370456730769 0.4407989302884615 0.5198446706730769 0.4394032331730769 0.5283895216346154 0.4353424110576923 0.5363670817307692 0.43445829326923074 0.5559577163461539 0.43303733173076925 0.5628335504807692 0.4327531466346154 0.5668089254807692 0.4339025721153846 0.5712434951923077 0.43723714903846156 0.5770366274038461 0.43846866346153845 0.5771447211538462 0.4410201081730769 0.5767019591346154 0.4443357115384616 0.571492545673077
15 0.45334170913461536 0.6334546033653846 0.4512512956730769 0.6351045961538462 0.450607125 0.6380482932692307 0.45201548557692306 0.6433389927884616 0.4640843365384616 0.6443983389423077 0.49126608413461537 0.6461175 0.49473957692307696 0.6415886682692308 0.49480272596153846 0.6392606923076923 0.4927501971153846 0.6369136899038461 0.4774225673076923 0.6350682668269231 0.45334170913461536 0.6334546033653846
15 0.5303208798076923 0.6392113846153846 0.5269547451923077 0.6410827596153846 0.5261337451923077 0.6453443774038461 0.5266642475961538 0.6478911418269231 0.552665016826923 0.6528402427884615 0.5576352812500001 0.6529431514423076 0.5602183028846154 0.6513363990384615 0.5613740216346154 0.6464374375 0.5594541129807692 0.6431020000000001 0.5336238653846154 0.6396679879807692 0.5303208798076923 0.6392113846153846
15 0.6123459134615384 0.5655713581730769 0.6082156033653846 0.5657088581730769 0.60392109375 0.5679987884615385 0.6010728293269231 0.571582420673077 0.5848042740384616 0.601823641826923 0.5834464591346153 0.6063714975961538 0.58438115625 0.6096204615384615 0.5880314951923077 0.6102742307692307 0.5909934399038461 0.60770065625 0.6022159615384616 0.5853505168269231 0.606838860576923 0.5787557355769231 0.6123459134615384 0.5655713581730769
4 0.4988636730769231 0.6832872980769231 0.4900093966346154 0.6833435096153846 0.4872748125 0.687937201923077 0.4839403173076923 0.714646670673077 0.48382666586538464 0.7266376538461539 0.48923902403846153 0.7299462884615384 0.5123915096153846 0.7319785024038462 0.5159092115384616 0.7271201850961538 0.5196036610576923 0.6884413533653846 0.5179995288461539 0.6864670721153847 0.5090884110576923 0.6860182548076923 0.4988636730769231 0.6832872980769231
4 0.4656191514423077 0.7100382884615384 0.4691683629807692 0.67801390625 0.4673621346153846 0.6756885240384616 0.46335813701923073 0.67767059375 0.45966359134615387 0.6773463028846154 0.44866837019230765 0.6757144759615384 0.44415281009615387 0.67315128125 0.43988987500000004 0.67427721875 0.43650479807692305 0.67814709375 0.43355551682692306 0.69455621875 0.43352395673076927 0.7022207283653846 0.43175565865384613 0.7153999134615384 0.43376398317307696 0.7180763942307693 0.43929633173076926 0.7195620769230769 0.4578827403846154 0.7221935817307692 0.46195621153846156 0.7215510528846154 0.4643118701923077 0.7179241778846154 0.4656191514423077 0.7100382884615384
9 0.5740177836538461 0.7342208389423077 0.5770933653846154 0.7131557620192308 0.5770870384615384 0.7094882451923077 0.5757607836538461 0.7063715961538463 0.5703863100961539 0.69906596875 0.5594668677884616 0.6959406754807692 0.5532587764423077 0.6985626754807692 0.54589496875 0.7060836370192308 0.5418215288461539 0.7197272067307693 0.5415815793269231 0.7363741442307692 0.5440383197115385 0.7459238629807692 0.5512948028846154 0.7540614014423077 0.5557282572115384 0.7544505504807693 0.5634710072115385 0.7524632932692307 0.5670139759615385 0.7492739975961539 0.5704748341346154 0.74391065625 0.5740177836538461 0.7342208389423077
3 0.35464924759615385 0.5109703894230769 0.3169440432692308 0.8541675216346154 0.7374064615384615 0.9340445024038462 0.7952191442307692 0.5403047548076922 0.35464924759615385 0.5109703894230769
1 0.40470659375 0.13789113701923078 0.3662353341346154 0.4867977163461538 0.7067934615384615 0.5085342451923076 0.7604371850961538 0.1384374014423077 0.40470659375 0.13789113701923078
0 0.5846551514423077 0.014930338942307692 0.57957253125 0.03052798076923077 0.5712080745192307 0.06492180528846153 0.6105083389423077 0.07255485096153846 0.6167755817307692 0.05780231490384616 0.6269554471153846 0.04135616346153846 0.6848719999999999 0.033101531249999996 0.731977483173077 0.03857003125 0.7760759951923077 0.06644961538461538 0.7795343870192308 0.10009885096153846 0.7600486153846154 0.1015991298076923 0.8050693701923077 0.11034323317307693 0.8166397764423077 0.06867630288461538 0.8122014375 0.03490326201923077 0.5846551514423077 0.014930338942307692
0 0.5305183173076923 0.09157968269230768 0.526450045673077 0.12190065384615385 0.5172796562499999 0.1531075889423077 0.4899483533653846 0.1933910048076923 0.47236696875 0.22786118269230768 0.45637745673076924 0.2504665264423077 0.42831423798076923 0.28134900240384614 0.40545386057692306 0.3180233822115385 0.39065070673076924 0.3540711778846154 0.37640256490384616 0.4008383509615384 0.35700050480769235 0.4711619591346154 0.35363976201923075 0.4962097043269231 0.3583606923076923 0.5353050865384615 0.3728982259615385 0.5207185504807692 0.42797889903846154 0.4026978076923077 0.43724992067307694 0.37816883894230774 0.4736752884615385 0.31467473076923075 0.49590448557692307 0.2752771826923077 0.5106313774038461 0.24722573557692307 0.5435709975961539 0.1874271875 0.5541808966346153 0.16034802403846155 0.5586272884615384 0.14206481009615385 0.5644125745192308 0.12123130048076923 0.56906021875 0.11630402163461538 0.7600486153846154 0.1015991298076923 0.6105083389423077 0.07255485096153846 0.5992948269230769 0.09895046394230769 0.5928538413461538 0.1023865264423077 0.5684564519230769 0.0762362139423077 0.5712080745192307 0.06492180528846153 0.5544644254807692 0.06166979086538461 0.5305183173076923 0.09157968269230768
6 0.35643919471153845 0.13365445432692308 0.38942764903846155 0.10320434855769231 0.4317359350961538 0.07757381249999999 0.4577772067307692 0.06918893269230769 0.5150624807692308 0.05821127644230769 0.5403635216346154 0.08047470673076923 0.5510235817307693 0.08626978365384616 0.5791393942307692 0.09317979567307691 0.6051044783653846 0.09279127403846155 0.611697826923077 0.07336259855769231 0.6103865456730769 0.03856791586538462 0.5640892139423077 0.03450415865384616 0.49773721634615387 0.0313478125 0.4510861322115384 0.02992061778846154 0.3857435456730769 0.041524951923076925 0.36071176442307695 0.06467051682692307 0.3331029543269231 0.09959424278846153 0.30233471875 0.17292175721153846 0.28530836057692305 0.21811121153846152 0.2697946298076923 0.3114511899038461 0.2774189423076923 0.37347643990384616 0.29080399278846153 0.39999405048076925 0.3019646995192308 0.4140719951923077 0.3020177307692308 0.4129827524038462 0.30661663701923075 0.3787069375 0.30839787980769234 0.35749944230769226 0.30252697115384614 0.3423346274038461 0.3023775216346154 0.3063081706730769 0.30821459615384617 0.26280423798076924 0.32531720432692307 0.20961853605769232 0.34110539903846154 0.17365714423076922 0.35643919471153845 0.13365445432692308
6 0.31513435096153847 0.2780837451923077 0.3099529399038462 0.3389848701923077 0.30839787980769234 0.35749944230769226 0.32177049759615384 0.3920415360576923 0.3314550817307692 0.40468335336538463 0.3298247475961539 0.44343391586538466 0.33128736057692304 0.4500150408653846 0.36195019471153844 0.4862685456730769 0.3771803149038462 0.49160684615384614 0.41327331971153847 0.4974425817307692 0.4557066923076923 0.4931641850961539 0.4807628485576923 0.48469288701923074 0.5107961249999999 0.4539833870192308 0.5374961586538461 0.41097690144230764 0.5881178052884615 0.32338603605769234 0.6083768317307693 0.28381575961538463 0.6155284086538462 0.22308741826923079 0.6074741634615385 0.17169498798076924 0.601591233173077 0.13383151442307692 0.5929545432692308 0.1090645 0.5510235817307693 0.08626978365384616 0.545370298076923 0.08488037740384616 0.5403635216346154 0.08047470673076923 0.5344340745192308 0.0772513125 0.4669201634615385 0.07532678846153847 0.41531640625 0.1108120673076923 0.39225468750000003 0.13413055528846154 0.37929660096153844 0.14899904086538462 0.35519798076923076 0.19490153125 0.3391322788461538 0.22550323076923076 0.31513435096153847 0.2780837451923077