15 0.7556513942307692 0.33712915144230765 0.7519131754807693 0.3382619230769231 0.747704858173077 0.34216615624999996 0.7494598942307692 0.3459023533653846 0.7551275649038461 0.3462529206730769 0.8146051875 0.3423428004807692 0.8208122572115385 0.34091291105769234 0.823055889423077 0.33739502403846156 0.82152665625 0.33451440625 0.8179455312499999 0.33314656490384614 0.7556513942307692 0.33712915144230765
15 0.731895483173077 0.3653048533653846 0.7354604591346153 0.36169456971153846 0.7352179158653847 0.3582260504807693 0.7316367908653846 0.35685821153846153 0.6861550913461538 0.35916723076923074 0.667847485576923 0.36082086778846156 0.6626833966346154 0.36292471634615386 0.65807603125 0.3634958557692308 0.6573281538461538 0.36466848798076923 0.6613608846153846 0.3677474879807692 0.6684365168269231 0.3692444110576923 0.7004270384615385 0.3662605288461539 0.731895483173077 0.3653048533653846
15 0.6472997572115384 0.35180127403846156 0.6518724759615384 0.3507346298076923 0.6532290480769232 0.3487725480769231 0.6532821899038462 0.34478542788461536 0.6513354182692308 0.34305433894230764 0.6483104254807692 0.34251898076923076 0.6101480721153846 0.34506306971153844 0.5875807596153846 0.3475125 0.583251170673077 0.34968247596153845 0.5809203293269231 0.3543267932692308 0.583858110576923 0.35598858173076925 0.5885347740384616 0.3564084447115385 0.6156222475961539 0.3545143052884615 0.6472997572115384 0.35180127403846156
15 0.53049309375 0.4591808245192308 0.5337785336538462 0.46106726682692306 0.5383339254807692 0.4597528725961538 0.5396731754807692 0.4575430408653846 0.5448651201923077 0.4131135841346154 0.5438926129807693 0.40870026201923076 0.53706128125 0.40357629567307696 0.5348707908653846 0.40310706250000006 0.5297816201923077 0.4537533966346154 0.53049309375 0.4591808245192308
15 0.31911006009615384 0.41744763221153847 0.3159279783653846 0.4194128870192308 0.3157350697115385 0.42614836778846155 0.3250294014423077 0.4546270817307692 0.32906213701923076 0.45770608173076927 0.33394786298076923 0.4563685865384616 0.3355654735576923 0.45339240144230775 0.33315152403846154 0.44260684375000003 0.32562896634615385 0.4204772668269231 0.3229522235576923 0.41780137019230773 0.31911006009615384 0.41744763221153847
12 0.36113716826923076 0.3942183533653846 0.370403875 0.39381932451923074 0.3774795048076923 0.39531625 0.3966700721153846 0.4086631129807692 0.39901706730769226 0.4089969206730769 0.4139711057692308 0.3997354639423077 0.4250310072115384 0.3893770168269231 0.43087543028846154 0.37801397596153846 0.4384408269230769 0.36752644471153845 0.4403050769230769 0.3514624711538462 0.4396987211538462 0.3427911754807692 0.4353212548076923 0.32766159375 0.4294295384615384 0.3193598846153846 0.42176370432692306 0.3141697932692308 0.41100475721153845 0.3027229591346154 0.39136199759615387 0.29003012019230767 0.3742908653846154 0.2832570456730769 0.35245527884615385 0.27955572115384614 0.3304446850961539 0.2804724423076923 0.31156303365384613 0.2834110360576923 0.29673143750000003 0.28967637740384616 0.27793464903846155 0.30094928365384616 0.26228353846153846 0.316857 0.25348225240384614 0.3334060576923077 0.2509758293269231 0.34503360817307693 0.25145856971153846 0.3614313870192308 0.2565486802884615 0.37725802884615384 0.2681761923076923 0.3916316802884615 0.27808390144230766 0.4003994447115385 0.2848632620192308 0.40478016105769227 0.29990041346153845 0.4109485793269231 0.3161376298076923 0.41529034375 0.3192492403846154 0.41706445673076925 0.32959357211538465 0.41783488701923077 0.34812698076923076 0.4170368317307692 0.3500922524038461 0.41428529807692305 0.35018238701923077 0.4013329375 0.35597308173076925 0.39632219711538463 0.36113716826923076 0.3942183533653846
10 0.5463413365384615 0.5600228317307692 0.5570344951923076 0.5562875408653846 0.5620779014423077 0.5500842475961538 0.5691235649038462 0.5321641802884616 0.5791583966346153 0.5190143413461539 0.5810203076923077 0.5124111129807692 0.5790221394230769 0.5075715841346153 0.5732326177884615 0.5078519447115385 0.5702416899038462 0.5101772764423077 0.5682758365384616 0.5152939975961538 0.5651457307692308 0.5180024999999999 0.5613191370192308 0.5249920745192308 0.5552148437500001 0.5326388437499999 0.5497873774038461 0.5452175432692308 0.5454751129807692 0.5476352692307692 0.5397727956730769 0.5467891995192308 0.5308202740384615 0.5421870048076923 0.5000679783653846 0.5296486177884615 0.49052525480769227 0.5213532524038461 0.46938732211538464 0.5086404855769231 0.4650236730769231 0.5079497716346154 0.4554630360576923 0.5017718437500001 0.4472589735576923 0.49363183413461537 0.43142255769230775 0.48552760096153846 0.40428896634615386 0.46302662259615385 0.38398729326923076 0.4432844254807692 0.3762879831730769 0.43286845432692306 0.3720306177884615 0.4242035024038462 0.3679141875 0.4080598125 0.3726260841346154 0.40660999038461537 0.38762741586538463 0.41701328125000003 0.394129 0.41979516346153845 0.3991706466346154 0.4206874278846154 0.40471704326923075 0.4193037355769231 0.4045617091346154 0.41470878846153847 0.39522687740384616 0.4093864375 0.3859971610576923 0.40082022115384613 0.3768361586538462 0.3956101995192308 0.37175986298076924 0.39422243028846155 0.36066765384615385 0.3946246274038462 0.3526691442307692 0.3989183774038461 0.3504076033653846 0.4045536995192308 0.35228215625 0.41711971634615386 0.36123116826923074 0.43591303125 0.3774290576923077 0.45868078125 0.41314901682692307 0.4900419254807692 0.4249509423076923 0.50216271875 0.4429766778846154 0.5154665528846154 0.44803564903846155 0.5166065697115385 0.4534243701923077 0.5200886754807692 0.46169831490384616 0.5268545072115385 0.47280726442307697 0.5290652451923077 0.4805077451923077 0.5347508413461538 0.48786115144230774 0.5378466009615385 0.49229351682692307 0.5418935072115384 0.5039580192307692 0.5473019134615384 0.5161272716346154 0.550434358173077 0.5301907379807692 0.556919826923077 0.5403779807692307 0.5601908677884615 0.5463413365384615 0.5600228317307692
14 0.8519462716346153 0.35653663942307695 0.8488866370192307 0.3555057764423077 0.8479141250000001 0.3510924519230769 0.8458628173076923 0.3502400456730769 0.84309828125 0.3510557644230769 0.8395852836538461 0.35540930288461536 0.8437924302884615 0.3562354423076923 0.8461041899038461 0.3584389350961539 0.8460337211538461 0.3621783028846154 0.8439812427884615 0.36605626682692305 0.8446407427884615 0.3707404399038462 0.854687048076923 0.38149021875 0.8614646514423078 0.3929664927884616 0.8654800625000001 0.3957977403846154 0.8734947211538462 0.39648211538461536 0.8762413485576922 0.3977838269230769 0.87846765625 0.3940181899038461 0.879703545673077 0.38795666346153845 0.8790960192307692 0.38401574278846157 0.86837171875 0.37306441346153846 0.8661656634615384 0.3652518701923077 0.8599950000000001 0.3600817043269231 0.8542753557692309 0.35898788221153843 0.8519462716346153 0.35653663942307695
14 0.7869636923076923 0.4051470625 0.779086454326923 0.4111750721153846 0.7773989591346153 0.41552543750000004 0.7774832427884615 0.42622493990384613 0.7748567163461538 0.4313878581730769 0.7733597884615384 0.43846348798076923 0.7749051778846153 0.44632223317307695 0.7791463894230769 0.4500090600961538 0.7787282596153846 0.45352377884615386 0.775024108173077 0.4575172403846154 0.7733366153846154 0.46186760576923075 0.7754739591346154 0.46632395673076926 0.7808984999999999 0.4655711923076923 0.7852991418269231 0.45729666346153847 0.7861700456730769 0.45076273317307697 0.7947784206730769 0.4409491586538462 0.7944169495192307 0.4262856322115385 0.79843528125 0.41729094951923074 0.798123439903846 0.4128314278846154 0.7927872788461539 0.40772738942307696 0.7869636923076923 0.4051470625
14 0.7050474014423076 0.4536967908653846 0.7041985048076923 0.4415569783653846 0.7051225504807692 0.43103593269230767 0.7065663317307693 0.4279474182692308 0.7122524975961538 0.4238153629807692 0.7145833341346154 0.41917104807692307 0.7148293894230769 0.4084484447115385 0.718517389423077 0.3994768605769231 0.7186236754807692 0.3915026201923077 0.7146954759615384 0.3875449423076923 0.7134446033653846 0.38389797115384616 0.71652390625 0.3757158413461538 0.7111172764423077 0.37435116826923076 0.7079859975961539 0.38179004807692307 0.7065774495192307 0.383008875 0.6987013846153847 0.3843065120192308 0.6957797572115385 0.3876228461538461 0.6977952451923077 0.392710125 0.6979476538461539 0.4091310048076923 0.6951986875 0.4172900408653846 0.6959621322115385 0.42346072115384614 0.6992643125 0.42796010096153847 0.699868329326923 0.4460921394230769 0.6979377067307693 0.44933917788461536 0.6929474471153847 0.4515553509615385 0.6894858365384615 0.45901732692307695 0.6857470336538461 0.4625152860576923 0.6860415504807692 0.46672705528846153 0.6899876586538463 0.4685673004807693 0.6932736850961538 0.46808855528846155 0.6967860985576924 0.46610020432692306 0.7022464615384615 0.46111256971153847 0.7050474014423076 0.4536967908653846
14 0.6305892788461538 0.43326025240384614 0.6284017187500001 0.42096508653846154 0.6292218197115385 0.40895752884615383 0.6234340504807693 0.4021423341346154 0.6230355865384615 0.39644405288461537 0.6210888125 0.3947129663461538 0.6182376538461539 0.39428993028846154 0.6158375144230769 0.39794324278846155 0.6149319639423078 0.40398166826923076 0.6109667716346154 0.40898923317307695 0.6101663365384615 0.41178379567307694 0.6119011225961539 0.4270981754807692 0.6103868725961539 0.4339260552884615 0.6106282451923077 0.44212494711538464 0.6142093701923077 0.4434927860576923 0.6175814350961539 0.44661798557692306 0.6160152115384616 0.45270260817307695 0.610920420673077 0.4557974615384615 0.6100853341346154 0.4580965216346154 0.6119622259615385 0.46120179086538465 0.6158390384615384 0.46205103125 0.6179775552884615 0.4617770096153846 0.6202217716346153 0.4558939375 0.6226912091346153 0.45323162980769227 0.6237885 0.44518809375 0.6293014206730769 0.43857852403846154 0.6305892788461538 0.43326025240384614
4 0.7836913533653846 0.2800231682692308 0.7788743389423077 0.2847168557692308 0.7803965504807693 0.31597971153846155 0.7815434759615385 0.3181401730769231 0.7864979158653846 0.32015887259615383 0.8111690961538461 0.31693991826923074 0.82443446875 0.31675919951923076 0.8331802692307692 0.31365800721153847 0.8353892524038462 0.3096446201923077 0.8333922596153845 0.30007471875 0.8346454711538461 0.29426094230769234 0.8330134639423077 0.2851634447115385 0.8336753028846153 0.280386875 0.8321287427884615 0.2772585024038462 0.8205849302884616 0.27594954326923077 0.8146908725961539 0.27710858173076924 0.7989566490384615 0.27758642067307693 0.7939317427884615 0.27930709134615384 0.7836913533653846 0.2800231682692308
4 0.6971867788461539 0.32229623076923075 0.7018455336538462 0.32483353125000003 0.7342703389423076 0.3233130528846154 0.7440937668269231 0.32138131971153844 0.7496753966346154 0.3181279447115385 0.7504585072115385 0.31508562980769234 0.7478759951923077 0.28290106730769227 0.7463115264423077 0.28189013221153847 0.736940875 0.2808026538461538 0.7244401177884616 0.28242368028846154 0.7152952692307692 0.2821917788461538 0.7102876874999999 0.28416020432692307 0.7000126538461539 0.2843807788461538 0.6961699038461538 0.28639222836538464 0.6948306538461538 0.28860206009615386 0.6971867788461539 0.32229623076923075
4 0.6125079399038461 0.2933627716346154 0.6113240264423078 0.3001675528846154 0.6136639951923077 0.32888360096153846 0.6186357596153846 0.33115004807692305 0.6251904855769231 0.32994480769230766 0.6358478317307692 0.3304443894230769 0.6503132740384616 0.32843701682692306 0.6560155913461538 0.3292830841346154 0.6605536586538462 0.3277209375 0.6635284278846154 0.3204174855769231 0.6622429086538462 0.31627501201923075 0.6627684951923077 0.3000556826923077 0.6612392596153847 0.2971750673076923 0.6603545408653846 0.28927012740384617 0.6580947548076923 0.28780988701923077 0.648567014423077 0.2892230216346154 0.6316679567307693 0.2896578293269231 0.6271298870192308 0.2912199759615385 0.6159857067307691 0.2908789206730769 0.6125079399038461 0.2933627716346154
4 0.5661298197115385 0.3350705841346154 0.5721797956730769 0.33614130288461536 0.576752514423077 0.33507466105769235 0.5789799903846153 0.3265786514423077 0.5778030985576923 0.3050011923076923 0.5751107836538462 0.29498198557692307 0.5507878533653846 0.29606040625 0.5379740841346154 0.29795228365384613 0.532393625 0.2964752860576923 0.5288812091346153 0.29846363701923073 0.5274374302884616 0.30155214903846156 0.5292726490384616 0.3325441514423077 0.5304369014423077 0.3349523677884615 0.5358082980769231 0.3381867235576923 0.5661298197115385 0.3350705841346154
3 0.9114307115384614 0.4539953581730769 0.8920042331730769 0.13122509855769232 0.22856786778846153 0.18691440384615385 0.2514917764423077 0.5020839230769231 0.9114307115384614 0.4539953581730769
1 0.7984574038461538 0.7847168509615384 0.7806588197115385 0.4880678485576923 0.25355611538461537 0.5189496105769231 0.27629781009615384 0.8188577019230769 0.7984574038461538 0.7847168509615384
0 0.6510327427884615 0.7480235408653846 0.6134759519230769 0.7931517355769231 0.5740217019230769 0.8238025697115384 0.554484264423077 0.829823358173077 0.5598346322115385 0.8360842139423077 0.5518751129807693 0.8412408485576923 0.5739727860576923 0.8357596586538462 0.6380906201923077 0.7907664278846155 0.6692049326923077 0.7421041586538462 0.6865997115384614 0.6870962524038462 0.6851290480769231 0.6280947764423076 0.6452725528846154 0.5897080216346153 0.5571570432692308 0.5699700360576924 0.4699658365384615 0.5634492572115385 0.3810593149038462 0.55771253125 0.2610465889423077 0.5627841201923076 0.24787287740384614 0.5652988990384615 0.24179340865384613 0.5719334711538462 0.24829750480769233 0.5703166081730769 0.30577712740384616 0.5696177067307693 0.3784604831730769 0.5711761249999999 0.4581899110576923 0.5722418341346154 0.5515925937499999 0.5789923461538462 0.6198695096153847 0.5934766754807692 0.6595901418269231 0.6172628701923077 0.6765961418269231 0.6452937860576923 0.6701400673076924 0.7048495552884616 0.6510327427884615 0.7480235408653846
6 0.7655379855769231 0.7021632427884617 0.7121304975961539 0.7357820432692308 0.6811140216346154 0.760530110576923 0.6473602139423077 0.796759170673077 0.6327472019230769 0.8113351514423077 0.6531744014423077 0.8116565168269231 0.6512039903846154 0.8137567932692308 0.643298858173077 0.8216146129807692 0.7036764158653847 0.8173926009615384 0.7824842427884615 0.7926231177884616 0.8491491490384615 0.7587413485576923 0.8729836923076923 0.719885423076923 0.8578777956730769 0.6937139278846154 0.807074485576923 0.6886332331730769 0.7655379855769231 0.7021632427884617
6 0.6912834254807693 0.6781355240384616 0.7673946490384616 0.6907437980769231 0.812685139423077 0.6802717716346154 0.8554313365384616 0.6460702764423077 0.8376858774038461 0.6074655600961538 0.77739003125 0.5552339278846155 0.6944204230769231 0.5331438052884615 0.6154793725961538 0.5306947980769231 0.5493282091346153 0.5466101057692307 0.4975435504807692 0.5781231682692307 0.4750775552884615 0.6052153173076923 0.49031208653846153 0.6084139711538461 0.48831198557692307 0.6106451754807692 0.48329025 0.6203899615384615 0.49359375 0.6228936201923077 0.5745246177884615 0.641141733173077 0.6268094903846154 0.6547520576923076 0.6912834254807693 0.6781355240384616