13 0.4941716274038462 0.4289021153846154 0.498263889423077 0.42179232692307694 0.50049603125 0.4131944447115385 0.498263889423077 0.40889550240384614 0.4787946418269231 0.39847883653846156 0.47209821394230767 0.4001322740384615 0.46763392788461544 0.4031084663461538 0.46354166586538464 0.4128637572115385 0.46403769951923074 0.42278439182692307 0.4668898798076923 0.4292328052884615 0.47495039663461536 0.4343584663461538 0.4852430552884615 0.4318783076923077 0.48908730048076926 0.4274140216346154 0.4902033725961538 0.4239417980769231 0.4941716274038462 0.4289021153846154
4 0.4239831346153846 0.361111110576923 0.41877480048076926 0.3621031754807692 0.415798610576923 0.36078042307692304 0.412326389423077 0.3634259254807692 0.4081101201923077 0.3630952379807692 0.4072420625 0.3652447091346154 0.40674603125 0.392361110576923 0.41282242067307695 0.39517195673076927 0.42633928605769233 0.39533730048076926 0.4296875 0.3948412692307692 0.43129960336538464 0.3926917980769231 0.43204365144230766 0.36590608413461534 0.4239831346153846 0.361111110576923
4 0.4680059519230769 0.36623677163461543 0.46044146875 0.3630952379807692 0.4433283725961538 0.36441799038461536 0.44295634855769234 0.3943452379807692 0.45052083413461536 0.39715608413461534 0.4603174591346154 0.39699074038461535 0.4666418653846154 0.3964947091346154 0.46726190384615385 0.39533730048076926 0.46850198317307695 0.3718584663461538 0.4680059519230769 0.36623677163461543
14 0.4511408725961538 0.25248015865384615 0.447048610576923 0.24834656009615383 0.4432043653846154 0.25148809615384615 0.44196428605769233 0.2617394182692308 0.4446924591346154 0.26570767307692306 0.4471726201923077 0.27992724759615384 0.4510168653846154 0.2853835985576923 0.45262896875 0.2852182548076923 0.4551091274038462 0.28091931249999996 0.4553571418269231 0.2726521153846154 0.4521329375 0.2620701057692308 0.4511408725961538 0.25248015865384615
14 0.4268353173076923 0.26703042307692304 0.42348710336538464 0.2622354495192308 0.4188988100961539 0.26868386298076924 0.41840277884615384 0.2776124326923077 0.41939484134615385 0.281911375 0.4196428581730769 0.29546957692307696 0.4237351201923077 0.3025793653846154 0.4258432548076923 0.3024140216346154 0.4275793653846154 0.3017526466346154 0.4290674591346154 0.29381613701923076 0.42807539663461536 0.27463624278846155 0.4268353173076923 0.26703042307692304
10 0.7172619038461538 0.4184854495192308 0.720982141826923 0.3983134927884615 0.7202380961538462 0.3788029110576923 0.7140376995192308 0.35135581971153845 0.6944444447115384 0.28786375721153845 0.6932043653846154 0.2792658725961539 0.6872519831730769 0.2581018509615384 0.6863839278846153 0.2559523798076923 0.6826636899038461 0.2539682548076923 0.6805555552884616 0.25677910096153844 0.6860119038461538 0.28257275240384616 0.6999007932692307 0.3275462956730769 0.701884920673077 0.3377976201923077 0.7115575408653847 0.3702050264423077 0.7135416658653846 0.38144841346153846 0.7142857139423077 0.39732142788461544 0.7130456346153846 0.4072420625 0.7105654759615384 0.41650132211538465 0.7016369038461538 0.43964947115384617 0.6837797620192307 0.4756944447115385 0.6716269831730769 0.49718915384615386 0.6716269831730769 0.5021494711538461 0.6750992067307693 0.5034722211538462 0.6788194447115384 0.50016534375 0.6889880961538462 0.48131613701923076 0.7118055552884616 0.4336970889423077 0.7172619038461538 0.4184854495192308
10 0.6780753966346154 0.3817791009615385 0.6778273798076923 0.35466269951923074 0.6728670625 0.3143187836538462 0.6688988100961539 0.29546957692307696 0.6592261899038461 0.2690145504807692 0.6581101201923077 0.26851851923076925 0.6548859134615385 0.26851851923076925 0.6537698413461539 0.27331349278846157 0.6631944447115384 0.3024140216346154 0.6693948413461539 0.34507275240384616 0.6708829375 0.3678902115384615 0.669642858173077 0.39203042307692304 0.6631944447115384 0.41385581971153845 0.6603422620192307 0.4179894182692308 0.6529017860576923 0.4199735456730769 0.6352926586538461 0.41865079326923077 0.6324404759615384 0.42344576682692303 0.6377728173076923 0.42724867788461535 0.6532738100961539 0.42873677163461543 0.6625744038461538 0.42691799038461536 0.6674107139423077 0.42344576682692303 0.673611110576923 0.40856481490384616 0.6780753966346154 0.3817791009615385
7 0.6357886899038461 0.3664021153846154 0.6328125 0.36739418028846155 0.6104910721153846 0.36739418028846155 0.571552579326923 0.3664021153846154 0.5688244038461538 0.36541005288461537 0.5648561514423076 0.3664021153846154 0.564236110576923 0.3678902115384615 0.561259920673077 0.3963293653846154 0.5626240072115385 0.3994708990384615 0.5678323413461539 0.4011243389423077 0.6321924591346153 0.40294312259615384 0.6352926586538461 0.40277777884615384 0.6359126995192308 0.4009589951923077 0.6374007932692307 0.3692129639423077 0.6357886899038461 0.3664021153846154
15 0.447048610576923 0.45337301682692305 0.44419642788461544 0.4551917980769231 0.44370039663461536 0.4608134927884615 0.45163690384615385 0.4942129639423077 0.4530009927884615 0.4970238100961539 0.4553571418269231 0.49751984134615385 0.4570932548076923 0.4952050264423077 0.4570932548076923 0.4902447091346154 0.44990079326923077 0.45916005288461537 0.447048610576923 0.45337301682692305
15 0.4082341274038462 0.4538690480769231 0.4084821418269231 0.45982142788461544 0.41170634855769234 0.4697420625 0.4141865072115385 0.48528439182692307 0.4198908725961538 0.49355158653846154 0.421875 0.4918981490384615 0.42137896875 0.4862764543269231 0.4118303581730769 0.44841269951923074 0.4082341274038462 0.4538690480769231
15 0.5884176586538461 0.4553571418269231 0.5863095240384616 0.45916005288461537 0.5806051586538461 0.4915674591346154 0.5817212307692308 0.4950396826923077 0.5848214278846154 0.49553571394230767 0.5877976201923076 0.4918981490384615 0.5890376995192308 0.4869378317307692 0.5892857139423077 0.4667658725961538 0.5884176586538461 0.4553571418269231
10 0.5324847355769231 0.4723244711538461 0.5384361394230769 0.5120185336538461 0.5443875432692308 0.5120185336538461 0.5377748846153846 0.46703190865384614 0.5344685528846154 0.4449796514423077 0.5404199567307693 0.3991109831730769 0.5463713100961539 0.37441243028846155 0.5648867740384615 0.3647094495192308 0.5573743245192307 0.3540564375 0.5404199567307693 0.36911990144230766 0.5298396634615384 0.4105781514423077 0.5238883100961538 0.4485080264423077 0.5324847355769231 0.4723244711538461
10 0.582740983173077 0.4352766730769231 0.5853860048076923 0.46085730288461535 0.5913374591346154 0.5111364230769231 0.582740983173077 0.5446558798076923 0.5728219447115385 0.5278961514423077 0.5741445072115384 0.5437737692307693 0.5860473125 0.5587693798076923 0.5933211754807692 0.5420095817307693 0.5979501177884615 0.5129006105769232 0.5946437884615384 0.46085730288461535 0.5913374591346154 0.4405691995192308 0.6078691057692308 0.44321549759615386 0.6235118894230769 0.42791005288461537 0.5986113221153846 0.4361587475961538 0.5900148461538461 0.4246915817307692 0.582740983173077 0.4352766730769231
15 0.5159530889423076 0.49173046394230774 0.51438490625 0.46428571634615384 0.5086791754807692 0.46614983173076924 0.5080179182692308 0.48732001201923075 0.5159530889423076 0.49173046394230774
15 0.5970568629807692 0.46097883653846156 0.5936515552884616 0.48221949999999997 0.5976191899038461 0.49809711778846155 0.6035705432692308 0.4672239567307692 0.5970568629807692 0.46097883653846156
10 0.4792525889423077 0.45046422836538463 0.47065611298076926 0.4954508533653846 0.475284954326923 0.5422016322115385 0.4812363581730769 0.5607255144230769 0.48652650480769233 0.5219135625 0.4891715769230769 0.4769269375 0.51496090625 0.41253435336538463 0.5381052115384615 0.3807791177884615 0.554636858173077 0.3649015144230769 0.5606812019230769 0.38271605048076923 0.5625720793269231 0.3578447668269231 0.5420728461538462 0.3543163918269231 0.5176059807692307 0.38518955048076925 0.4792525889423077 0.45046422836538463
10 0.5248798942307692 0.44164332692307695 0.5480241995192308 0.40635973076923076 0.5586044951923077 0.4240015360576923 0.5672009206730769 0.4160627115384615 0.5513305288461539 0.38518955048076925 0.5374439567307692 0.4028313557692308 0.5070257355769231 0.44781796394230766 0.49776800480769234 0.4928045889423077 0.5076869927884615 0.5448478966346154 0.5341376274038462 0.5898345192307692 0.5638945913461538 0.5915986730769232 0.5777812139423077 0.5660180745192307 0.5689483966346154 0.5524691370192307 0.5506692740384616 0.5748389783653847 0.5222348701923077 0.5448478966346154 0.512977139423077 0.48574783894230766 0.5248798942307692 0.44164332692307695
10 0.3060009014423077 0.4910404014423077 0.3337740985576923 0.5333807283653846 0.38469155048076925 0.5642538894230769 0.44156040625000004 0.5704285264423077 0.4812363581730769 0.5624897019230769 0.5281862235576923 0.5642538894230769 0.5526530913461538 0.5616076249999999 0.5460404326923076 0.5474941586538461 0.4964454927884615 0.5510225336538461 0.4514793942307692 0.5519046105769231 0.38535280528846155 0.5377911802884616 0.3384029399038461 0.5148568461538462 0.31922621874999996 0.4645776923076923 0.3324515360576923 0.4266478341346154 0.3542733317307692 0.4160627115384615 0.40849711298076924 0.44781796394230766 0.4336252355769231 0.4645776923076923 0.4300595096153846 0.4455467379807692 0.38138522115384615 0.41253435336538463 0.3483219278846154 0.40371344951923077 0.3079847211538462 0.4310582860576923 0.3060009014423077 0.4910404014423077
10 0.4283350889423077 0.40371344951923077 0.3899816971153846 0.42841198798076924 0.3893203918269231 0.47428067307692306 0.42965764903846154 0.5316165408653846 0.4792525889423077 0.5660180745192307 0.5228961274038462 0.5818956947115385 0.5764587019230769 0.5889524086538461 0.5817487475961538 0.5563150625 0.5645558461538461 0.5501404567307693 0.5619108245192308 0.5616076249999999 0.52752496875 0.55807925 0.49446167548076925 0.5466120817307693 0.4693336009615384 0.5298523533653846 0.4561082836538462 0.5139747355769231 0.4217224278846154 0.4848657620192308 0.40651334375000003 0.4645776923076923 0.41312600240384617 0.43282243990384617 0.4336252355769231 0.43282243990384617 0.4620596370192308 0.46193143028846156 0.4739624423076923 0.4575209783653846 0.46073712499999997 0.42752989423076926 0.4283350889423077 0.40371344951923077
15 0.4928901971153846 0.4653880072115385 0.48057510096153844 0.49809711778846155 0.48718775961538463 0.5033896466346154 0.4928901971153846 0.4653880072115385
3 0.3912036875 0.249338625 0.37477256249999996 0.5192672980769231 0.6921802283653846 0.5404374447115384 0.7054055480769231 0.23435213461538462 0.3912036875 0.249338625
1 0.3854166514423077 0.5227072307692308 0.3648535745192308 0.7909510961538462 0.6234085192307692 0.840348139423077 0.6346500192307692 0.5466120817307693 0.3854166514423077 0.5227072307692308
5 0.8211270745192307 0.6004195769230769 0.7900474975961539 0.7089167067307692 0.7880637812500001 0.799772 0.7702095216346153 0.8368197644230769 0.7093730817307692 0.8377019086538462 0.6604394471153847 0.8147675072115385 0.637295141826923 0.7733092908653846 0.6167958605769231 0.6965674975961539 0.6201021899038461 0.6330569230769231 0.628037360576923 0.5801315072115385 0.6320049951923077 0.5316165408653846 0.6227473125 0.48045531249999995 0.6339888125 0.4178269326923077 0.6101832019230768 0.40106718750000003 0.5645558461538461 0.40194928125 0.5711685048076923 0.4381149855769231 0.5837325673076923 0.515738923076923 0.5850550769230769 0.5827777716346154 0.5764587019230769 0.6304106586538462 0.5552981658653846 0.7344973052884616 0.5830713605769231 0.8147675072115385 0.6366338365384615 0.8747496730769231 0.7027604230769231 0.9100332836538462 0.7569842043269231 0.9153258125 0.8760120600961538 0.8976840072115385 0.9156880120192308 0.8465228124999999 0.9408161346153846 0.7900690192307693 0.9560252692307691 0.7221480288461539 0.9527189399038462 0.6586375552884616 0.9381711129807692 0.5836598822115385 0.9079034230769231 0.5480599663461538 0.8760120600961538 0.5748389783653847 0.8528677548076923 0.5863061442307692 0.8211270745192307 0.6004195769230769
2 0.36948241586538466 0 0.3026945721153846 0.001820846153846154 0.2855016706730769 0.042397002403846154 0.2821953413461538 0.06356714903846153 0.2775665 0.11031795913461538 0.27690519471153846 0.1456015721153846 0.25243837740384617 0.15354036298076923 0.19556952163461538 0.1941165360576923 0.18168294951923075 0.22587177403846154 0.18565053365384615 0.2620374615384615 0.19490826682692308 0.3052599663461538 0.22664899759615384 0.33877932211538464 0.2901305120192308 0.3370151682692307 0.3337740985576923 0.3052599663461538 0.34038675721153844 0.26115545192307693 0.35096700240384615 0.24174939182692307 0.37411130769230766 0.26468375961538465 0.39990068509615384 0.30173152403846154 0.41378725961538465 0.27526881490384614 0.40254570913461535 0.23292848798076923 0.37411130769230766 0.19058816346153848 0.3774176370192308 0.1755926201923077 0.46999485817307696 0.1658896418269231 0.5063644807692308 0.12619557932692307 0.5023968942307693 0.052099980769230766 0.4713173701923077 0 0.43494774759615384 0 0.36948241586538466 0
10 0.41510976923076925 0.5783673197115384 0.41444851442307695 0.634821110576923 0.4018844519230769 0.7071525216346154 0.41973866105769225 0.755667485576923 0.44222166105769234 0.7980078461538462 0.46139838221153845 0.8332914567307692 0.49313916346153847 0.8659287716346153 0.5440566153846154 0.8738675961538462 0.5579431875 0.835055610576923 0.5506692740384616 0.8085929014423077 0.5400890288461538 0.799772 0.5096708100961538 0.8112391995192307 0.4964454927884615 0.8059466057692308 0.4448667331730769 0.7424361322115385 0.4329639783653846 0.7150913125 0.4395766370192308 0.6709867980769231 0.4329639783653846 0.6021837644230769 0.4382540769230769 0.5898345192307692 0.45743079567307693 0.5545509086538462 0.4785912836538462 0.5342628052884616 0.4971067475961538 0.5078000961538461 0.5070257355769231 0.4681060336538462 0.484623 0.44995590865384616 0.471978625 0.4760448605769231 0.4693336009615384 0.5130926586538462 0.4455279903846154 0.5413195552884615 0.41510976923076925 0.5783673197115384
6 0.42238368509615387 0.8985660841346154 0.49842925961538465 0.8747496730769231 0.5103320649038461 0.8147675072115385 0.49138950721153846 0.8163468125000001 0.48586524759615385 0.8359376875 0.46961232451923074 0.8378304230769231 0.4567695408653846 0.8518153389423078 0.40783585576923076 0.8562257908653846 0.34303178125 0.8306451586538461 0.31856496394230766 0.759195860576923 0.3060009014423077 0.6815718894230769 0.3225325480769231 0.6180613822115385 0.3328203509615385 0.6041236274038462 0.3337740985576923 0.5951270480769231 0.3384391201923077 0.5440995240384615 0.32782269711538464 0.5466120817307693 0.2874854879807692 0.5880703317307693 0.2755826826923077 0.6921570456730769 0.2808728293269231 0.7883047980769231 0.3377416850961538 0.8579899447115384 0.42238368509615387 0.8985660841346154
6 0.36620666826923076 0.5375278557692308 0.3622085 0.5519046105769231 0.3591808125 0.5684108822115385 0.3328203509615385 0.6041236274038462 0.32451636778846155 0.682454 0.3503057451923077 0.7741913677884615 0.40254570913461535 0.8456406682692308 0.46961232451923074 0.8378304230769231 0.4891715769230769 0.8165317283653846 0.49138950721153846 0.8163468125000001 0.512977139423077 0.7397898341346154 0.51496090625 0.6215897572115385 0.48784901682692305 0.5519046105769231 0.4098196730769231 0.5272060889423077 0.36620666826923076 0.5375278557692308
0 0.4733011875 0.7521391105769231 0.45412446634615383 0.6621658966346153 0.43031890625 0.6180613822115385 0.41444851442307695 0.5289702764423077 0.40915836778846154 0.49633293028846154 0.3812830528846154 0.4929453269230769 0.3992393798076923 0.5510225336538461 0.40717460096153846 0.6321748461538461 0.41973866105769225 0.6806898125 0.44089914903846156 0.7539033317307692 0.45640162019230773 0.8159414543269231 0.46876173798076926 0.8187478677884615 0.4733011875 0.7521391105769231
0 0.4680110408653846 0.8297630817307693 0.4685339302884615 0.8220905408653846 0.4230449903846154 0.8138854302884616 0.4448667331730769 0.8412302163461539 0.4680110408653846 0.8297630817307693
0 0.5367826995192307 0.9479631947115384 0.5916677379807692 0.9426705985576922 0.6359726298076923 0.9020944591346154 0.6571331177884615 0.8615183197115385 0.6339515360576923 0.8562548509615385 0.6353113245192308 0.8659287716346153 0.5857163846153847 0.9038586802884615 0.5209123100961539 0.8985660841346154 0.4964454927884615 0.8579899447115384 0.4812363581730769 0.8288810048076923 0.4620596370192308 0.8368197644230769 0.4660272716346154 0.877395971153846 0.5367826995192307 0.9479631947115384