10 0.5744047620192307 0.2511160721153846 0.5757275144230769 0.25161210336538464 0.576719576923077 0.2511160721153846 0.576719576923077 0.2478918653846154 0.5749007932692307 0.24702381009615385 0.5744047620192307 0.2511160721153846
4 0.39880952403846154 0.40290178605769233 0.3976521153846154 0.4020337307692308 0.37847222115384616 0.40302579326923077 0.36458333413461536 0.4020337307692308 0.3599537043269231 0.40277777884615384 0.35780423317307697 0.4041418653846154 0.3601190480769231 0.4118303581730769 0.35780423317307697 0.4274553581730769 0.35912698317307695 0.43092757932692305 0.36557539663461536 0.43278769951923074 0.3882275144230769 0.43291170673076923 0.3976521153846154 0.4325396826923077 0.3991402115384615 0.4306795625 0.39980158653846154 0.4043898798076923 0.39880952403846154 0.40290178605769233
13 0.5085978846153846 0.44779265865384615 0.5076058197115384 0.42943948317307695 0.5034722211538462 0.42857142788461544 0.4862764543269231 0.42857142788461544 0.4806547620192308 0.4295634927884615 0.4743716923076923 0.42807539663461536 0.45419973557692306 0.4290674591346154 0.44990079326923077 0.4278273798076923 0.44494047596153846 0.42807539663461536 0.4427910048076923 0.43092757932692305 0.4421296298076923 0.4393601201923077 0.43915343990384614 0.4425843245192308 0.4365079375 0.45002480048076926 0.43882275240384616 0.46044146875 0.4427910048076923 0.4668898798076923 0.4414682548076923 0.4735863100961539 0.4424603173076923 0.47631448317307695 0.44527116346153844 0.47767857211538456 0.45353836057692304 0.4786706346153846 0.49239418028846155 0.47904265865384615 0.5038029110576923 0.4786706346153846 0.5071097884615384 0.4771825408653846 0.5079365072115385 0.4755704375 0.5085978846153846 0.44779265865384615
14 0.41402116346153844 0.4993799591346154 0.40294312259615384 0.4942956346153846 0.39599867788461535 0.48784722115384616 0.3926917980769231 0.48685515865384615 0.3811177259615385 0.4863591274038462 0.3786375673076923 0.49169146875 0.37929894230769234 0.49541170673076923 0.38409391586538466 0.49851190384615385 0.39103836057692304 0.50049603125 0.392361110576923 0.5022321418269231 0.39732142788461544 0.5042162692307692 0.4032738100961539 0.5086805552884616 0.4072420625 0.5101686514423076 0.4103835985576923 0.5100446418269231 0.4148478846153846 0.5094246033653846 0.41732804326923073 0.5075644831730769 0.4169973533653846 0.5021081346153846 0.41402116346153844 0.4993799591346154
14 0.5777116394230769 0.506076389423077 0.5702711634615384 0.5014880961538462 0.56299603125 0.5049603173076923 0.5575396826923077 0.5100446418269231 0.5598544975961539 0.5172371033653846 0.5578703701923077 0.5249255961538462 0.5585317451923077 0.5318700408653846 0.5646494711538461 0.5372023798076924 0.5701058197115384 0.5375744038461538 0.5740740745192308 0.5316220240384616 0.5757275144230769 0.5162450408653846 0.5780423269230769 0.5107886899038461 0.5777116394230769 0.506076389423077
15 0.43617724759615384 0.4944196418269231 0.43402777884615384 0.49057539663461536 0.4303902115384615 0.49082341346153846 0.4275793653846154 0.4921875 0.4262566129807693 0.4944196418269231 0.43022486778846153 0.5135168653846154 0.4338624326923077 0.5231894831730769 0.4394841274038462 0.52393353125 0.4421296298076923 0.521701389423077 0.4421296298076923 0.5177331346153846 0.43981481490384616 0.5130208341346154 0.43617724759615384 0.4944196418269231
15 0.37632275240384616 0.493923610576923 0.37351190384615385 0.49255952403846154 0.36855158653846154 0.4928075408653846 0.36574074038461535 0.4941716274038462 0.3789682548076923 0.5226934519230769 0.3829365072115385 0.5288938485576924 0.3882275144230769 0.5301339278846154 0.3912037043269231 0.5293898798076924 0.39054232692307694 0.525173610576923 0.3796296298076923 0.5035962307692308 0.37632275240384616 0.493923610576923
15 0.47089947115384617 0.49243551682692305 0.46990740625 0.490451389423077 0.4647817451923077 0.4871031754807692 0.4619708990384615 0.4894593245192308 0.4619708990384615 0.49268353125 0.4669312163461538 0.5172371033653846 0.46792328125 0.5293898798076924 0.47123015865384615 0.5306299591346154 0.4743716923076923 0.5302579374999999 0.47619047596153846 0.5288938485576924 0.4748677259615385 0.5100446418269231 0.47089947115384617 0.49243551682692305
15 0.4951498918269231 0.4937169326923077 0.4820359110576923 0.5212531899038462 0.4917344639423077 0.5225763317307692 0.5058414543269231 0.49479048317307694 0.4951498918269231 0.4937169326923077
10 0.33303065625 0.510803485576923 0.32333210336538465 0.5253579807692308 0.30746169471153845 0.5465281538461538 0.2951181201923077 0.5690214399038461 0.29247302884615384 0.5941610072115384 0.2986448173076923 0.6272393942307691 0.3065800216346154 0.6497327548076922 0.32245042788461536 0.6801648100961538 0.3506644110576923 0.7086122163461539 0.38593192548076927 0.7277976899038462 0.42825296634615384 0.7390443725961539 0.49085278846153846 0.7449984399038462 0.5384639447115385 0.7344133677884616 0.5737314591346154 0.7158895024038461 0.5984186778846154 0.6801648100961538 0.6063538798076923 0.6464249182692308 0.6195791971153847 0.6133464807692308 0.62310603125 0.5789449567307693 0.6151707596153846 0.5776218149038461 0.6081172283653846 0.610038641826923 0.5966553293269231 0.6411323293269231 0.589601798076923 0.6768569711538461 0.5702046923076923 0.7046428197115385 0.5402272932692308 0.7218435721153846 0.49614290384615384 0.7350749254807692 0.43618817067307697 0.7324286947115385 0.39298545432692306 0.7205204567307693 0.3585996153846154 0.7026581466346153 0.3303856322115385 0.6781801129807692 0.31980533894230767 0.6484095649038462 0.3083434375 0.6226084399038462 0.30128990625 0.5948225913461539 0.3065800216346154 0.5690214399038461 0.3162785745192308 0.5491744086538461 0.3303856322115385 0.5293273774038462 0.34537429807692305 0.5134497668269231 0.34537429807692305 0.49757213221153845 0.3772045649038462 0.4920634927884615 0.37094325961538466 0.48632547596153847 0.33743909375 0.4929411538461539 0.33303065625 0.510803485576923
10 0.556097701923077 0.5405740336538462 0.5825483365384615 0.5650520432692308 0.6107623197115385 0.5908531682692307 0.6460298341346153 0.6054076634615385 0.6892326177884616 0.6179774615384616 0.7386070552884616 0.6133464807692308 0.7650576899038461 0.5974688461538462 0.800325201923077 0.5729908605769231 0.8144322620192308 0.5399124759615385 0.8232491394230769 0.5101419278846154 0.8267758365384614 0.4724325504807692 0.8214857908653846 0.4492776826923077 0.8206040480769231 0.4128914567307692 0.8355927139423076 0.38841345913461534 0.8347111081730769 0.37385896634615384 0.8153138677884615 0.37716680288461535 0.79503515625 0.37055112740384616 0.7853365360576923 0.35864290625 0.7774013990384615 0.3599660480769231 0.7897449759615385 0.37848994471153846 0.8082604735576923 0.3831209110576923 0.8267758365384614 0.3844440504807692 0.8144322620192308 0.40826049038461537 0.8117871706730769 0.4406773317307692 0.8144322620192308 0.46846315625 0.8170773509615384 0.5008799711538462 0.8047336418269231 0.5326352163461539 0.7906267163461538 0.5637289038461538 0.7659394302884616 0.5868837740384616 0.7262634783653846 0.6040845240384616 0.6812973461538461 0.6107001995192308 0.6451482259615384 0.5968072884615384 0.6125256682692307 0.5802680961538461 0.5887201249999999 0.5571132259615384 0.5657962548076922 0.5359430552884615 0.5393456201923077 0.5160960240384616 0.5023147572115385 0.4995568293269231 0.48820769951923076 0.4909564543269231 0.4820359110576923 0.4816945096153846 0.4786155 0.4804894182692308 0.48291758653846156 0.5022031105769231 0.50495978125 0.510803485576923 0.5358188557692307 0.522050141826923 0.556097701923077 0.5405740336538462
10 0.7447788413461538 0.6351782115384614 0.7377254471153846 0.6067308052884616 0.7209732980769231 0.5743139759615384 0.7086297211538461 0.5485128509615385 0.6874691346153846 0.5048493677884616 0.6760073004807693 0.4618474783653846 0.6707171177884615 0.4208302764423077 0.6557284519230768 0.3857671923076923 0.6469115745192308 0.3513656658653846 0.6248693798076924 0.36062761057692305 0.62751446875 0.37187426201923074 0.6416213942307691 0.3612891802884616 0.6451482259615384 0.38907503125 0.6548467115384615 0.42016870432692305 0.6619002403846154 0.4565549278846154 0.6715988605769231 0.4856639182692308 0.6795339975961538 0.5200654447115385 0.6927593149038462 0.5432203149038461 0.7121564206730769 0.5756371177884616 0.7245001298076923 0.5974688461538462 0.7368437067307692 0.6219468557692308 0.7227366466346153 0.6404707475961539 0.6874691346153846 0.6265778365384616 0.6645453317307692 0.6166543197115384 0.6477931826923077 0.5862222163461538 0.6362433653846153 0.5879629639423076 0.6513200144230769 0.6153311802884616 0.67688890625 0.632531954326923 0.7200916899038461 0.6457633100961538 0.7447788413461538 0.6351782115384614
10 0.5799032451923076 0.44781915865384614 0.5746131322115384 0.48089754567307696 0.5587427259615384 0.5000830192307693 0.5446357331730769 0.5106680913461539 0.5543342860576923 0.5232378894230769 0.5622694903846154 0.5199300504807692 0.5587427259615384 0.5126528149038462 0.5746131322115384 0.5000830192307693 0.5869567764423077 0.47957443028846153 0.589601798076923 0.44781915865384614 0.5781398966346154 0.41738705528846154 0.5719680432692308 0.3843086682692308 0.56238975 0.3498677259615385 0.5516892620192307 0.3512302836538461 0.5622694903846154 0.38497022836538464 0.5693230192307692 0.42003333653846153 0.5799032451923076 0.44781915865384614
10 0.5772582235576923 0.38761650721153845 0.5772582235576923 0.36380009375 0.5825483365384615 0.3724004423076923 0.5860751009615385 0.36644633653846154 0.5799032451923076 0.3525534110576923 0.5702046923076923 0.3545381225961538 0.5675596033653846 0.37570828125 0.5728497836538462 0.43326468990384615 0.5702046923076923 0.44781915865384614 0.5756172644230769 0.4656084663461538 0.5851933605769231 0.44186506490384614 0.5834300120192307 0.4127560769230769 0.5772582235576923 0.38761650721153845
10 0.6310411658653846 0.37570828125 0.6566100600961539 0.38960120673076926 0.6760073004807693 0.41209451923076923 0.6971677548076923 0.44054192548076926 0.6989311033653846 0.4775897067307693 0.69981284375 0.5080218365384616 0.69981284375 0.5450696177884615 0.6962860120192308 0.5702091850961538 0.6936410552884615 0.5893947091346153 0.6918775721153847 0.5748401658653847 0.6804157379807693 0.5794711947115384 0.6848241778846155 0.6059338774038461 0.7015761923076924 0.5993181995192308 0.7059846322115385 0.5583009711538461 0.7086297211538461 0.5212531899038462 0.7112748125 0.4861901057692308 0.7077479807692307 0.44186506490384614 0.6857057860576923 0.40547884134615386 0.6619002403846154 0.3836471129807692 0.6380946971153846 0.36909260576923075 0.6098807139423077 0.3730620144230769 0.6064814615384615 0.35978836057692304 0.5922468894230769 0.36313849759615385 0.6063538798076923 0.37967768990384615 0.6142891514423077 0.3902627884615385 0.6310411658653846 0.37570828125
10 0.6416213942307691 0.42135645192307697 0.6477931826923077 0.4451729038461538 0.6619002403846154 0.4696509134615384 0.6795339975961538 0.5245610288461539 0.6689537692307692 0.5543315769230769 0.660136891826923 0.5688860697115385 0.6707171177884615 0.5794711947115384 0.6865875264423077 0.5556547163461538 0.6954044038461539 0.5192684927884615 0.6760073004807693 0.46568149278846155 0.660136891826923 0.4372340865384615 0.6486749230769231 0.41804861298076923 0.6389763028846154 0.3968784663461538 0.62310603125 0.37570828125 0.6186066826923077 0.3622685192307692 0.6089989711538462 0.3624769278846154 0.6089989711538462 0.37570828125 0.62310603125 0.3942321850961538 0.6416213942307691 0.42135645192307697
10 0.5878384495192308 0.5655782331730769 0.6195791971153847 0.5682244879807692 0.6592551490384615 0.5596241634615384 0.6786522548076923 0.5371308004807692 0.700694451923077 0.5113296754807692 0.7280268269230769 0.4861901057692308 0.7483056730769231 0.45245013942307694 0.7535957211538461 0.4206948942307692 0.76064925 0.38960120673076926 0.7712294759615385 0.3604922548076923 0.7624125985576923 0.3591690889423077 0.7456605841346153 0.3902627884615385 0.7430154927884616 0.41540235576923074 0.7359619639423076 0.4511269975961539 0.7183282067307692 0.47692814903846154 0.6918775721153847 0.5053755552884616 0.6751255576923078 0.5245610288461539 0.6619002403846154 0.5437464783653846 0.62310603125 0.5563163245192307 0.5922468894230769 0.5556547163461538 0.560506141826923 0.5602856706730769 0.5127865769230769 0.5747354495192307 0.5208301899038461 0.5841021225961538 0.5596244663461538 0.5682244879807692 0.5878384495192308 0.5655782331730769
10 0.7253817379807692 0.42466429086538465 0.7324352668269231 0.45245013942307694 0.7333170072115384 0.5073602524038462 0.7253817379807692 0.5450696177884615 0.705102889423077 0.574178608173077 0.6795339975961538 0.5841021225961538 0.6583735432692308 0.5860868725961539 0.6389763028846154 0.572855516826923 0.6222242884615384 0.5841021225961538 0.6345678653846154 0.5887331009615384 0.6407397860576923 0.5834405408653847 0.6707171177884615 0.5953487548076923 0.7033395408653846 0.5867483798076922 0.7245001298076923 0.5702091850961538 0.7359619639423076 0.5358076850961538 0.7430154927884616 0.500744576923077 0.7421338870192307 0.45178858173076925 0.7341986153846154 0.41804861298076923 0.7333170072115384 0.38497022836538464 0.7130381610576924 0.3651232091346154 0.6760073004807693 0.34792244471153844 0.6504382716346153 0.35784596153846154 0.6494708798076924 0.36557539663461536 0.67248046875 0.35519969230769227 0.702457935096154 0.36909260576923075 0.723618389423077 0.38497022836538464 0.7253817379807692 0.42466429086538465
10 0.7580041586538461 0.44914230048076925 0.74918728125 0.48751322115384615 0.7297901754807692 0.5179453509615385 0.7103930697115385 0.5437464783653846 0.6839424350961539 0.5589625552884615 0.6557284519230768 0.5761633557692307 0.6222242884615384 0.5933640817307693 0.5816666610576923 0.6046107115384616 0.5490441730769231 0.5893947091346153 0.5261203028846154 0.5761633557692307 0.5155400745192308 0.5814558413461538 0.5490441730769231 0.5946871971153846 0.5816666610576923 0.6145342283653846 0.6310411658653846 0.5986565913461539 0.6751255576923078 0.5794711947115384 0.7068663725961539 0.5589625552884615 0.7341986153846154 0.5358076850961538 0.7509507644230768 0.500744576923077 0.7694661274038462 0.45972739903846155 0.7782830072115385 0.42995685096153846 0.7747563076923077 0.39820158173076925 0.7641760817307692 0.3770314471153846 0.7377254471153846 0.3724004423076923 0.7465423245192307 0.35652281971153843 0.723618389423077 0.35784596153846154 0.7350803557692308 0.37636985096153847 0.7641760817307692 0.38761650721153845 0.7685845216346153 0.42135645192307697 0.7580041586538461 0.44914230048076925
10 0.7703478701923078 0.40944823798076924 0.7685845216346153 0.43789564423076927 0.7835731875 0.4775897067307693 0.8020885504807692 0.5020677163461539 0.8064969903846154 0.5344845456730769 0.7862182764423077 0.5384539399038462 0.7580041586538461 0.5205916081730769 0.7509507644230768 0.5245610288461539 0.7862182764423077 0.5457312019230769 0.8197223076923077 0.5338229615384615 0.8135505192307693 0.5060371370192308 0.7923900649038462 0.47295875240384616 0.7835731875 0.44384976442307694 0.7800463557692308 0.4081250961538462 0.7853365360576923 0.3776929927884615 0.7800463557692308 0.35718441586538463 0.7530863990384616 0.3573082019230769 0.7474239326923077 0.36313849759615385 0.7677027788461538 0.3611538004807692 0.7756379158653846 0.3750467235576923 0.7703478701923078 0.40944823798076924
10 0.8073787307692307 0.44781915865384614 0.8109054278846154 0.47957443028846153 0.8073787307692307 0.5047139975961539 0.8038520336538462 0.5285304254807692 0.7923900649038462 0.5311767067307692 0.7906267163461538 0.5417617788461538 0.816195610576923 0.5351461033653846 0.8179589591346154 0.49743673798076926 0.8223673966346153 0.47031247115384617 0.8179589591346154 0.43855722596153845 0.8126689134615385 0.4101098197115384 0.8056153822115385 0.3902627884615385 0.8093033317307692 0.36061507932692305 0.7985618533653847 0.3604922548076923 0.7976801105769231 0.39092434615384614 0.8012069423076924 0.4187101947115384 0.8073787307692307 0.44781915865384614
10 0.8611617427884616 0.40746353846153843 0.8629250913461538 0.4398803677884615 0.8664517884615385 0.4676661899038462 0.84881803125 0.49148264423076926 0.8250124879807692 0.5139759302884616 0.8197223076923077 0.5232378894230769 0.8558715625000001 0.49875987740384614 0.8752686658653845 0.47097402884615386 0.872623576923077 0.41937175240384617 0.86733353125 0.3790161322115385 0.8585166514423077 0.35718441586538463 0.8461729423076924 0.3373373846153846 0.832066016826923 0.3505687379807692 0.8197223076923077 0.35850753124999996 0.8236331370192308 0.36474867788461535 0.8426462451923077 0.35519969230769227 0.8435279855769231 0.3472609014423077 0.8523448653846154 0.3730620144230769 0.8611617427884616 0.40746353846153843
8 0.45155423317307697 0.3534226201923077 0.5064484134615385 0.35193452403846154 0.5117394182692308 0.35267857211538456 0.5292658725961539 0.35193452403846154 0.5335648149038461 0.35267857211538456 0.5434854495192307 0.35119047596153846 0.5491071418269231 0.3514384927884615 0.5550595240384616 0.3494543653846154 0.56200396875 0.34920634855769234 0.5749007932692307 0.35044642788461544 0.5808531754807692 0.3497023798076923 0.5858134927884615 0.3514384927884615 0.6016865072115385 0.3509424591346154 0.6066468245192308 0.3521825408653846 0.610615079326923 0.3514384927884615 0.6178902115384616 0.35193452403846154 0.6314484134615385 0.34995039663461536 0.6483134927884616 0.34995039663461536 0.6522817451923076 0.34920634855769234 0.6536044975961539 0.3474702379807692 0.6565806875 0.34920634855769234 0.6592261899038461 0.3494543653846154 0.6665013221153846 0.3457341274038462 0.674107141826923 0.34424603125 0.6777447091346154 0.34499007932692305 0.6800595240384616 0.3467261899038461 0.6817129639423077 0.34523809615384615 0.6853505288461539 0.3444940480769231 0.68832671875 0.3494543653846154 0.6999007932692307 0.3509424591346154 0.7233796298076923 0.35119047596153846 0.7521494711538461 0.3497023798076923 0.7663690480769231 0.35044642788461544 0.7795965600961539 0.3497023798076923 0.7838955024038461 0.3509424591346154 0.7941468245192307 0.3497023798076923 0.8053902115384616 0.35044642788461544 0.8215939158653847 0.34995039663461536 0.826223545673077 0.3477182548076923 0.8315145504807693 0.3467261899038461 0.8366402115384616 0.33841765865384615 0.8414351850961539 0.33630952403846154 0.8523478846153847 0.3368055552884615 0.8568121682692307 0.3428819447115385 0.8596230168269231 0.34350198317307695 0.8629298942307693 0.3427579375 0.8682208990384616 0.3487103173076923 0.87417328125 0.34920634855769234 0.8837632283653847 0.34821428605769233 0.8875661370192307 0.34511408653846154 0.8862433870192308 0.34263392788461544 0.8835978846153847 0.34114583413461536 0.8872354495192307 0.33742559615384615 0.8839285721153847 0.32973710336538464 0.889054233173077 0.328125 0.8902116394230769 0.32576884855769234 0.8895502644230769 0.28757440384615385 0.8905423269230769 0.26525297596153846 0.888888889423077 0.24367559615384618 0.8908730168269231 0.2320188485576923 0.8895502644230769 0.19580853125 0.8912037043269231 0.18762400721153846 0.889219576923077 0.17695932451923074 0.8902116394230769 0.1724950408653846 0.888723545673077 0.17063492067307692 0.8837632283653847 0.16964285817307692 0.8811177259615385 0.1669146826923077 0.8738425937500001 0.1646825408653846 0.8678902115384616 0.16666666586538462 0.861276454326923 0.16418650721153846 0.7974537043269231 0.16443452403846154 0.7276785721153847 0.1669146826923077 0.6893187836538461 0.16716269951923077 0.6860119038461538 0.1679067451923077 0.6483134927884616 0.1679067451923077 0.5706018509615385 0.17113095192307692 0.4565145504807692 0.1728670625 0.4032738100961539 0.17485118990384615 0.3867394182692308 0.17435515865384615 0.37615740625 0.17509920673076923 0.37152777884615384 0.17336309615384618 0.36623677163461543 0.17336309615384618 0.36094576682692303 0.17807539663461538 0.3559854495192308 0.17807539663461538 0.3503637572115385 0.1758432548076923 0.34209656009615386 0.17633928605769228 0.34490740625 0.18043154807692308 0.33928571394230767 0.18439980048076923 0.34160052884615383 0.18861607211538461 0.33928571394230767 0.19233631009615385 0.3399470889423077 0.19655257932692308 0.3386243389423077 0.2002728173076923 0.3401124326923077 0.20188492067307692 0.34540343990384614 0.20188492067307692 0.3498677259615385 0.2039930552884615 0.34507275240384616 0.20833333413461538 0.34044312259615384 0.20932539663461538 0.33614418028846155 0.2127976201923077 0.329861110576923 0.21552579326923077 0.32804232692307694 0.2193700408653846 0.326388889423077 0.28633432451923074 0.3406084663461538 0.2942708341346154 0.33597883653846156 0.2977430552884615 0.3366402115384615 0.3103918653846154 0.3353174591346154 0.3131200408653846 0.33597883653846156 0.3262648798076923 0.33465608413461534 0.334201389423077 0.3369708990384615 0.33717757932692305 0.33630952403846154 0.3416418653846154 0.3379629639423077 0.35205853125 0.34143518509615384 0.3534226201923077 0.3627645504807692 0.3545386899038461 0.4115410048076923 0.35292658653846154 0.42972883653846156 0.3534226201923077 0.4446097884615385 0.35267857211538456 0.45155423317307697 0.3534226201923077
3 0.3066578269230769 0.2911706346153846 0.30393499759615383 0.5483774567307692 0.84881803125 0.5549931346153846 0.8567533028846154 0.2910276201923077 0.3066578269230769 0.2911706346153846
1 0.3134921370192308 0.5565476201923076 0.30569827884615386 0.807982766826923 0.7403704038461538 0.8119521634615385 0.7377254471153846 0.5638643100961539 0.3134921370192308 0.5565476201923076
6 0.6111109182692307 0.7430599230769231 0.6089989711538462 0.7430137668269231 0.5587427259615384 0.7317670865384615 0.4837992596153846 0.7053043774038461 0.4273712932692308 0.6834726490384615 0.36565314663461534 0.6629641105769231 0.30922511057692303 0.6391476322115385 0.26337730528846154 0.6159927620192308 0.25367875240384613 0.5822527932692307 0.2818928028846154 0.5412355913461538 0.3101067860576923 0.5233732836538462 0.3066578269230769 0.514384920673077 0.26954915865384615 0.5491744086538461 0.2395717596153846 0.5941610072115384 0.2598506057692308 0.6259162788461539 0.3277405408653846 0.660317778846154 0.3991572427884615 0.6854573725961538 0.4943795552884615 0.7178741754807691 0.560506141826923 0.7397059302884615 0.5970514663461539 0.7500928533653847 0.6111109182692307 0.7430599230769231
6 0.8038520336538462 0.5498359903846154 0.7509507644230768 0.5471897115384615 0.7112748125 0.5584363653846154 0.6786522548076923 0.6087155024038462 0.6830606947115385 0.6583330817307692 0.7042212836538462 0.7086122163461539 0.7197639038461539 0.7391564326923077 0.7307801274038461 0.7359306971153846 0.7344911033653846 0.7440985745192308 0.7879816274038463 0.7304439711538462 0.8311842764423076 0.6953808629807692 0.8664517884615385 0.6259162788461539 0.8408828966346154 0.5796065384615384 0.8038520336538462 0.5498359903846154
0 0.34625597355769233 0.7264745745192307 0.42560787740384615 0.723166735576923 0.47410070673076926 0.718535733173077 0.5314104158653846 0.7079506586538462 0.6081172283653846 0.7013349807692308 0.6328045144230768 0.6821495336538461 0.6037087908653846 0.6702412932692308 0.5437540576923077 0.6477480072115385 0.48820769951923076 0.632531954326923 0.44147828365384617 0.6153311802884616 0.37711504567307697 0.5769602572115384 0.34999444471153845 0.5676701634615384 0.3434184567307692 0.5698288966346154 0.3356757451923077 0.5650520432692308 0.3268595673076923 0.5619752307692308 0.3004082331730769 0.5696830216346154 0.2527970769230769 0.6093770841346153 0.2210563293269231 0.6563484326923077 0.22017465384615387 0.7046428197115385 0.27572094711538464 0.7291208557692308 0.34625597355769233 0.7264745745192307
0 0.6645453317307692 0.6107001995192308 0.7112748125 0.6563484326923077 0.7544774615384615 0.7125816634615384 0.7685845216346153 0.7641839134615385 0.7641760817307692 0.8085089807692308 0.74918728125 0.8468798774038462 0.7156832524038462 0.8594496754807692 0.6380946971153846 0.8574649519230769 0.5975370024038461 0.8521724399038462 0.5367005288461538 0.8442335961538461 0.5314104158653846 0.8515108822115385 0.5878384495192308 0.8614343990384616 0.6583735432692308 0.8667269086538462 0.7209732980769231 0.8673884663461539 0.7624125985576923 0.8442335961538461 0.7835731875 0.8071858149038462 0.7809280961538462 0.7569066802884615 0.7650576899038461 0.7086122163461539 0.7333170072115384 0.6636256177884616 0.6971677548076923 0.6245931370192307 0.6557284519230768 0.5954841490384616 0.589601798076923 0.5617442043269231 0.5340555072115385 0.5478512692307692 0.46616550240384613 0.5379277524038462 0.39122203846153847 0.5432203149038461 0.33172550961538466 0.5605573173076923 0.3365574206730769 0.5630673461538461 0.34999444471153845 0.5676701634615384 0.3982755673076923 0.5518206899038461 0.46969226923076923 0.5465281538461538 0.5375822716346154 0.5544669447115385 0.6134074110576923 0.5842374927884616 0.6645453317307692 0.6107001995192308