9 0.54563790625 0.6507660072115384 0.5452318317307692 0.6450409423076924 0.5409280528846154 0.6383727043269231 0.5304949014423077 0.6323708389423076 0.5245546778846154 0.6313548966346154 0.5151687451923077 0.6353637740384616 0.511914 0.6378216057692309 0.5063284783653846 0.6449418269230769 0.5053881826923077 0.6506993581730769 0.5088544014423078 0.6583029278846154 0.5170595168269231 0.6641449879807693 0.5217929639423077 0.6650375024038462 0.5325198245192307 0.6636501875 0.5368399399038462 0.66235634375 0.5437222740384615 0.6567300793269231 0.54563790625 0.6507660072115384
15 0.3268089639423077 0.7112556730769231 0.3291693365384616 0.7147982980769231 0.33302111778846155 0.7154985408653847 0.33659915384615385 0.7138565360576923 0.3374880817307692 0.7105101033653847 0.329644375 0.6869056802884616 0.3267697451923077 0.6851142163461539 0.32156796634615387 0.6862157908653846 0.32044941105769226 0.6883475721153847 0.3217812620192308 0.695392516826923 0.3268089639423077 0.7112556730769231
15 0.28501046153846155 0.696736704326923 0.2835631682692308 0.7007066875000001 0.2929901298076923 0.7219545889423077 0.29706972355769234 0.72475415625 0.2988348725961539 0.7242540264423076 0.30190046634615386 0.7234785072115385 0.3042276153846154 0.72058546875 0.30386020913461537 0.7186420360576923 0.29886391346153846 0.7100992139423077 0.2945746538461539 0.6963535697115385 0.2907742451923077 0.6932422259615384 0.28501046153846155 0.696736704326923
15 0.26618959375 0.7286407091346153 0.26873911538461537 0.7305010216346154 0.2715714495192308 0.7302802043269231 0.27422008413461535 0.7290876730769231 0.27520086057692306 0.7262271009615385 0.2678478197115385 0.7123723052884615 0.2654028581730769 0.7048051201923078 0.2603938581730769 0.7024550240384616 0.2560701129807692 0.7055182259615385 0.2561124110576923 0.7075305048076923 0.26618959375 0.7286407091346153
11 0.2420946706730769 0.6611050192307691 0.24633381971153845 0.654017264423077 0.2463942668269231 0.6471827836538462 0.24426715384615386 0.6430854567307692 0.23192925961538463 0.6377396081730768 0.22515148076923078 0.6376589951923077 0.21522169471153846 0.6352140240384615 0.21117350721153846 0.6397347932692308 0.21014135817307694 0.6450064639423078 0.20297438942307694 0.65359853125 0.20188905288461537 0.6621659783653846 0.20568401923076923 0.6679313437500001 0.20809575961538462 0.6690628701923077 0.21626220913461539 0.6711232980769231 0.22401713942307694 0.6701126875000001 0.23186755048076924 0.6678185817307691 0.2420946706730769 0.6611050192307691
11 0.25870438461538464 0.6434389495192309 0.2541401201923077 0.6505955528846153 0.2558321201923077 0.6631226322115384 0.2579628629807692 0.6654506129807692 0.266357125 0.669610360576923 0.2728575360576923 0.6691180697115384 0.28628439423076923 0.664127125 0.29503281009615384 0.6540632091346155 0.2960154038461539 0.6503179615384614 0.29500866586538466 0.6432041706730769 0.29088495673076925 0.6392770024038461 0.2847169158653846 0.6361617379807692 0.27752217307692306 0.6356641225961539 0.2750645048076923 0.6342896658653847 0.2746584326923077 0.6285646009615384 0.27732339903846154 0.6194099855769231 0.2765994735576923 0.6102150649038461 0.27497573317307694 0.6096746298076924 0.27344021153846154 0.61138940625 0.27356347115384616 0.6191955985576924 0.2717965072115385 0.62058040625 0.27070028125 0.6344559038461538 0.2665602403846154 0.6384908173076924 0.25870438461538464 0.6434389495192309
11 0.2968988846153846 0.6496255600961539 0.2990646634615385 0.6575045240384616 0.3053650360576923 0.6640025985576923 0.31251203846153847 0.66514196875 0.3175283004807692 0.6639533533653845 0.327658125 0.6594079615384616 0.3312397908653846 0.6559966033653846 0.33491875721153846 0.6504170769230769 0.3361418677884615 0.6425784206730769 0.3351315 0.6372339807692308 0.3315661658653846 0.6326832572115385 0.3216381995192308 0.6293536057692308 0.3173199014423077 0.6297627764423077 0.31444526923076926 0.6279713124999999 0.3113996394230769 0.6190154014423077 0.30841445432692305 0.6032250120192308 0.30600271153846154 0.6020934855769231 0.3045131201923077 0.6040511899038461 0.30659067548076924 0.6096749423076923 0.3101233389423077 0.6301498317307692 0.2990091105769231 0.6393251466346155 0.29648918028846155 0.6456698461538461 0.2968988846153846 0.6496255600961539
14 0.3027463173076923 0.5374718485576924 0.2976067956730769 0.5308542644230769 0.2984739423076923 0.5381239447115385 0.30195105528846156 0.5404194591346154 0.3018869783653846 0.5490232884615385 0.3116149086538461 0.5593433052884615 0.31479831490384613 0.569028 0.32073309855769233 0.5726979711538461 0.3275126923076923 0.5718939062499999 0.32961928846153843 0.56336284375 0.32893402884615386 0.5579495552884615 0.32198343509615385 0.5515891730769231 0.3161072860576923 0.5419694038461539 0.3027463173076923 0.5374718485576924
14 0.4794881754807693 0.6031266658653845 0.48042484374999994 0.5991384903846154 0.47862284374999997 0.5949723100961538 0.47914981009615387 0.5870284206730769 0.47377521394230765 0.5818502211538461 0.4722505841346154 0.5782569423076923 0.4641028365384615 0.5897095817307693 0.4653851298076923 0.5982809447115385 0.46310209375 0.6023015865384616 0.4647626850961538 0.6075083317307692 0.46358912980769235 0.6138205649038462 0.4742591730769231 0.6174983774038462 0.477649875 0.6166540024038463 0.4812279182692307 0.6150119975961539 0.48332543749999995 0.6109043197115385 0.4794881754807693 0.6031266658653845
14 0.5032280096153846 0.57220221875 0.5020562668269231 0.57762978125 0.4961933725961538 0.5841771009615384 0.49639396394230767 0.5995465600961538 0.49485299759615387 0.6039153629807692 0.4990685552884615 0.6083283894230769 0.5049169302884615 0.6088584759615384 0.5084049302884616 0.6058459326923077 0.5111085649038462 0.6004729519230769 0.5116041201923077 0.5852087235576924 0.5104064182692307 0.580661920673077 0.5056784158653846 0.5771153774038461 0.5032280096153846 0.57220221875
14 0.5287177620192307 0.5934593725961539 0.5312195360576923 0.5959614326923077 0.5351172451923077 0.5969046033653846 0.5397183581730769 0.5944143076923077 0.5397365096153846 0.5855675504807692 0.5354049519230769 0.569809625 0.53364525 0.5676557259615385 0.5285903221153846 0.5650627067307693 0.5238955408653846 0.5679518245192308 0.5236513894230769 0.5738145817307692 0.5287177620192307 0.5934593725961539
10 0.68543103125 0.5782109783653846 0.6890628100961538 0.5956330192307692 0.68853584375 0.6035769110576923 0.6838706538461538 0.6146710384615385 0.6775466875 0.6196737451923077 0.653714451923077 0.6277525096153845 0.6518961153846153 0.6315484158653846 0.6530974471153846 0.6343258653846154 0.6557442644230769 0.6340180120192307 0.6694007548076922 0.6302417091346153 0.6791577235576922 0.6264069110576924 0.6888264735576922 0.6203169014423077 0.6963239975961538 0.6090019591346154 0.6980740721153846 0.5932194134615385 0.6926439254807693 0.5698618365384616 0.6748475552884615 0.5097089038461539 0.6632439254807692 0.48589009375000003 0.6533649615384616 0.45867419711538465 0.6522204447115385 0.45083162019230766 0.6488847403846154 0.44749554086538457 0.6455435889423077 0.4468134903846154 0.6423365865384615 0.4486295769230769 0.6411666586538461 0.4531724591346154 0.6446401418269231 0.4572373269230769 0.6516462908653846 0.48177707932692304 0.6677724399038462 0.5187868293269231 0.68543103125 0.5782109783653846
3 0.6772885240384615 0.4208230024038461 0.19150200240384616 0.5216752836538462 0.18841156490384614 0.5196339759615385 0.23273036298076924 0.7683682620192307 0.7257335024038463 0.6484652451923077 0.6772885240384615 0.4208230024038461
1 0.672005829326923 0.4119548870192308 0.634320829326923 0.18877341105769233 0.23236946634615385 0.25344280288461535 0.27439926682692306 0.48806796394230767 0.672005829326923 0.4119548870192308
14 0.2623825264423077 0.5818706610576924 0.24736263701923075 0.5405712644230769 0.22527435096153844 0.5438138653846154 0.2447825144230769 0.5936850865384615 0.2623825264423077 0.5818706610576924
14 0.29816712259615386 0.5756405096153846 0.28400477163461535 0.5388771129807692 0.26923487259615386 0.5378731538461539 0.2774766730769231 0.5854136177884615 0.29816712259615386 0.5756405096153846
10 0.2530528173076923 0.4037661057692308 0.2693888125 0.3423477019230769 0.31616744471153846 0.28459161298076924 0.3234212980769231 0.24666266826923078 0.30090254567307695 0.24199621634615387 0.2926686610576923 0.27474120432692306 0.27613409375 0.31126582932692304 0.24451465384615384 0.33952795192307694 0.21734247836538462 0.3722398173076923 0.20896753846153848 0.4137758966346154 0.21027792788461538 0.439782125 0.21775999038461538 0.47459051682692305 0.22747502403846154 0.5069042379807692 0.23299699759615383 0.5313445817307693 0.22908793990384616 0.5678913173076923 0.22533847596153847 0.5862078028846154 0.21651061057692308 0.6062736634615384 0.25118339423076924 0.5989310721153847 0.2629699831730769 0.5849780625000001 0.2696113076923077 0.5438090817307693 0.2663501153846154 0.5027153197115385 0.2487390793269231 0.4572470528846154 0.2530528173076923 0.4037661057692308
10 0.2854886658653846 0.5896445144230769 0.3003842980769231 0.5682936442307692 0.3005532451923077 0.5453438942307692 0.29191286298076924 0.5330208389423077 0.28377185336538463 0.5185702884615385 0.2773737259615384 0.4990330072115385 0.2760540576923077 0.47774633653846155 0.27476221634615383 0.4423010144230769 0.2847205048076923 0.4139084375 0.28722630769230767 0.3985510673076923 0.3001432596153846 0.3762713798076923 0.31630103846153845 0.34252231009615386 0.3308476418269231 0.3097883677884615 0.33067695432692307 0.2707358966346154 0.3359335673076923 0.24131717548076922 0.32257303365384615 0.23740709855769232 0.32191407692307694 0.2577648894230769 0.31963473557692307 0.28385735096153847 0.30189367067307693 0.3044628846153846 0.2824189903846154 0.32543554086538456 0.27259254326923077 0.34975653125 0.2600431081730769 0.37398023798076924 0.24290529567307692 0.40254531971153845 0.24110663221153847 0.43594936298076925 0.24723186778846154 0.4683493125 0.2542425264423077 0.49112661298076926 0.26087632211538464 0.5166794206730769 0.2706098918269231 0.5395539759615384 0.2784966274038462 0.5574281298076923 0.27276854567307696 0.5748157596153847 0.2674079711538461 0.5941473605769231 0.2854886658653846 0.5896445144230769
10 0.31100323076923075 0.5815455649038461 0.3384872139423077 0.5790950408653847 0.3568221875 0.5711686370192308 0.37256601682692303 0.5590733365384616 0.41411586057692307 0.5165773269230769 0.42283049038461534 0.49114389182692303 0.4341456057692307 0.46515975961538464 0.43800824278846157 0.4522108846153846 0.4360760456730769 0.4276841682692308 0.4448184975961539 0.3880920817307692 0.42867751682692307 0.35039978125000004 0.42585063701923076 0.3402153701923077 0.41524091346153846 0.32224392548076924 0.40041966346153846 0.30583828125 0.3900456778846154 0.29388239903846153 0.3748661923076923 0.27081321394230773 0.3689488052884615 0.25858749759615385 0.3651418846153846 0.24321907692307693 0.35625650721153845 0.22960009134615383 0.34505051923076924 0.24137109615384617 0.34453678365384616 0.2725184471153846 0.3602155625 0.29346005048076923 0.37020348557692306 0.3129110600961538 0.3841486538461538 0.3342198004807692 0.3930246995192308 0.35255838221153846 0.4005531923076923 0.3637689903846154 0.40632025 0.38950536778846157 0.41285009134615386 0.4049710985576923 0.4059637596153846 0.4448440721153846 0.3989920793269231 0.4651908100961538 0.39526123317307693 0.4740681875 0.3773605024038461 0.5129039567307692 0.36024122836538464 0.5320298966346153 0.34784218990384613 0.5427429471153846 0.3282635552884615 0.5536284927884615 0.3026172091346154 0.5657989879807692 0.28588406490384616 0.5774298149038462 0.31100323076923075 0.5815455649038461
10 0.4662550721153846 0.4394896899038461 0.4617316634615385 0.4107941153846154 0.45370387980769233 0.40171109134615385 0.44050301442307693 0.37957077403846157 0.4252956370192308 0.3706602692307692 0.4183425072115385 0.3815679110576923 0.4230069567307692 0.40147230528846156 0.4253345456730769 0.4137842980769231 0.43828485817307694 0.43048825240384614 0.4386671995192308 0.43185309375 0.43992012500000005 0.4241743653846154 0.44570567307692305 0.4404716923076923 0.45308383173076927 0.46519291105769234 0.45443138942307687 0.47232093750000004 0.45092692788461536 0.49193337740384613 0.47126095432692305 0.5374989615384616 0.4478846754807692 0.5282965480769231 0.44550137500000003 0.5443018822115385 0.45128692307692303 0.5605992067307692 0.4788655168269231 0.5729553389423077 0.4931114014423077 0.5672427379807693 0.4943828822115384 0.5501249423076924 0.4745203317307692 0.516590483173077 0.4724656370192308 0.4914158028846154 0.4678197403846154 0.46207231490384615 0.4662550721153846 0.4394896899038461
10 0.5950378918269231 0.5389185360576924 0.6296160600961538 0.5167692908653846 0.6360885120192308 0.49855009375 0.6288328485576924 0.47447681249999996 0.6155186826923077 0.44696896153846155 0.6051261538461539 0.44445219951923076 0.5884301802884615 0.43720484615384614 0.5705184182692308 0.4187578701923077 0.5467653581730769 0.4123310528846154 0.5123840120192308 0.3973718100961538 0.474893625 0.3898104302884615 0.4666875625 0.40839675 0.4652843100961539 0.42958614182692306 0.4591794278846154 0.44974926923076924 0.4628731177884615 0.4597501442307692 0.47942932211538464 0.43946099278846157 0.48844338942307697 0.4233338485576923 0.5096424831730769 0.4067136658653846 0.5227393870192307 0.41876682451923075 0.5466056850961538 0.43056124038461535 0.5616905576923077 0.43882375721153843 0.5782454831730769 0.45486224038461537 0.5933210817307693 0.46784431490384615 0.5971280024038461 0.4832127355769231 0.5916449254807692 0.5018963461538462 0.5901469855769231 0.5082790456730769 0.5641238533653846 0.5232251057692308 0.5382510384615384 0.5246604567307692 0.5214511033653846 0.5073259711538461 0.5071012596153847 0.5029514639423077 0.5031068581730769 0.5199719591346154 0.5309304014423077 0.5336241322115385 0.5541841778846154 0.5421785552884615 0.5950378918269231 0.5389185360576924
10 0.5214046682692308 0.5309237572115385 0.5020043125 0.5141399567307693 0.48742800961538457 0.49903035336538465 0.47989951682692306 0.48781975 0.4761964879807692 0.48253844951923075 0.4948105552884616 0.4850503125 0.4829046129807692 0.47033482932692305 0.46520070192307694 0.47206211057692304 0.4520480841346154 0.48832624278846154 0.4671236177884615 0.5013083317307692 0.4842817932692308 0.5253063701923076 0.4978594519230769 0.5446711442307692 0.5050018822115384 0.5633768485576923 0.5080366778846154 0.5937354783653845 0.5065480048076924 0.5953985913461538 0.5198899903846154 0.6087477908653847 0.5151697644230769 0.6171607307692307 0.5052765216346153 0.6125163918269231 0.5043632788461538 0.6362977379807693 0.5355687692307692 0.629689408653846 0.54737390625 0.6062972788461539 0.54918184375 0.5681737019230769 0.5470992692307692 0.5571577403846154 0.5214046682692308 0.5309237572115385
10 0.5419058221153846 0.4915373269230769 0.5411429759615385 0.5018079975961538 0.5305721586538461 0.5269605817307692 0.5049165360576923 0.543850608173077 0.48589103365384617 0.5332592115384616 0.46816118028846154 0.5401772379807692 0.47135556971153847 0.5523056177884615 0.48505572836538463 0.5723183822115385 0.5214714663461538 0.5598891153846154 0.5341341322115385 0.5410329615384616 0.5647642548076923 0.5123063870192308 0.5730166899038461 0.4701222932692308 0.5743438846153845 0.42468717307692305 0.5504869326923078 0.40817323557692303 0.5020768221153846 0.41438126442307693 0.4813956514423077 0.4194348605769231 0.4800962716346154 0.45071127403846156 0.48928237740384617 0.43730896394230767 0.5191310528846154 0.42829224038461533 0.54523959375 0.43287240624999995 0.5620395192307692 0.4502068389423077 0.5419058221153846 0.4915373269230769
0 0.3843233076923077 0.1825459783653846 0.38301473557692306 0.218542 0.41473987500000004 0.26236923557692304 0.42247621634615384 0.2937540576923077 0.43865435576923073 0.31256810817307695 0.48747087980769227 0.35142804807692307 0.5043933245192307 0.36941054567307696 0.5286178605769231 0.38786851442307696 0.5469156850961538 0.3988203894230769 0.5721295216346154 0.4177427331730769 0.5990956009615385 0.42685889663461535 0.6238287067307693 0.43846975 0.6717116923076923 0.44854790144230766 0.6872957932692307 0.45468287740384616 0.7011556153846155 0.4564653774038462 0.7163148173076923 0.42697146153846155 0.7145812043269231 0.4273385865384615 0.6731427740384616 0.41319988221153847 0.6498890649038462 0.40464544471153846 0.6868225745192308 0.3806495216346154 0.690948891826923 0.35955745432692304 0.6914945552884616 0.33383212980769233 0.6697573293269231 0.309455875 0.6558120985576923 0.2881471466346154 0.6304758100961538 0.2685767259615385 0.6229380408653846 0.2620856802884615 0.5828936033653846 0.23147721634615384 0.5550607211538462 0.22254462740384615 0.53985334375 0.21363411057692308 0.5198311322115384 0.1983299014423077 0.5194636129807693 0.19638588461538461 0.48668411057692307 0.18513111538461538 0.46849946153846156 0.1795468653846154 0.43136731009615387 0.17864902644230768 0.3843233076923077 0.1825459783653846
6 0.45638433173076925 0.23467989663461536 0.48724092548076925 0.21668845673076922 0.522949451923077 0.18621251682692305 0.5130840961538461 0.16740949759615387 0.4592651778846154 0.15454473317307693 0.42905827163461535 0.1568979423076923 0.4187604182692307 0.16918781971153846 0.39320868990384616 0.19616499759615386 0.3752040673076923 0.22491363221153846 0.3624560576923077 0.22424354807692307 0.31211370192307697 0.2059249735576923 0.28861498557692306 0.19607453846153847 0.2505120745192308 0.18527315625000002 0.21227731730769234 0.17854335096153845 0.18876925721153848 0.17341248317307695 0.15538831971153846 0.2162004110576923 0.19063646394230768 0.23097604326923077 0.22015659134615387 0.2631392908653846 0.22737502403846152 0.3060907980769231 0.22233553365384615 0.35096420192307687 0.22252483173076923 0.3805775240384615 0.22440131249999998 0.4334215360576923 0.23137480528846155 0.4750770408653846 0.23600215865384613 0.5138596466346154 0.2603398653846154 0.5376852019230769 0.31210402403846155 0.5253752860576923 0.40238504807692305 0.5022130024038461 0.44747824759615384 0.4832285048076923 0.4981306033653846 0.4698062259615385 0.5578185841346154 0.4564922307692308 0.5964394134615385 0.45572696394230766 0.6365302163461538 0.4627376346153846 0.6849125649038462 0.4706882451923077 0.6930921490384615 0.4607464158653846 0.6879455408653846 0.4390446033653846 0.6328829639423077 0.42913900000000005 0.5593536947115385 0.4312313269230769 0.5087198966346154 0.43521453605769234 0.43751821153846154 0.4496188317307693 0.38361576201923075 0.47923007692307695 0.31687061778846154 0.49336457211538465 0.3115936442307692 0.4702201826923077 0.2866526947115385 0.4384350985576923 0.28717059615384616 0.4268684134615385 0.29138037980769227 0.36330036298076923 0.2589573677884615 0.29670688701923076 0.2590223533653846 0.2636700192307692 0.2459626033653846 0.23273855769230767 0.31375451201923077 0.25275340865384616 0.36052561778846154 0.2617191346153846 0.4083232019230769 0.2522710985576923 0.45638433173076925 0.23467989663461536