14 0.7569311802884615 0.2548898966346154 0.7590408653846155 0.2580852451923077 0.7628900817307692 0.2596268125 0.7681086730769231 0.2546654639423077 0.7696895673076922 0.2509334759615385 0.7686848629807692 0.2377715360576923 0.7698956009615384 0.22919041826923078 0.7688137692307693 0.22479497836538462 0.7651485336538462 0.22077517788461537 0.7615499447115385 0.2200726971153846 0.7562658028846154 0.22661953125 0.7573233870192309 0.24047420432692307 0.7561126490384615 0.2490553245192308 0.7569311802884615 0.2548898966346154
14 0.7272181850961539 0.24205000240384617 0.7295878798076922 0.22909782692307695 0.7332498245192307 0.21840922836538462 0.7306642283653846 0.20897927403846153 0.726617264423077 0.20729135817307692 0.7194085120192307 0.21306740625 0.7178826899038462 0.22729772596153847 0.7144840432692308 0.2365471923076923 0.7162257692307693 0.24469900721153845 0.7205498004807692 0.247572375 0.7272181850961539 0.24205000240384617
4 0.7595365168269231 0.3525702259615385 0.7610402836538461 0.35760473557692307 0.7625958365384615 0.35842918269230767 0.7678810745192308 0.35678514663461536 0.7834608245192308 0.35557038461538465 0.79587659375 0.3520139951923077 0.7970757548076922 0.3506138894230769 0.7972322019230769 0.3428864951923077 0.7941695913461538 0.3223191418269231 0.7927324711538462 0.32060194471153847 0.7897006899038461 0.3199921514423077 0.7657383701923077 0.32382663701923076 0.7568947500000001 0.3277391418269231 0.7595365168269231 0.3525702259615385
4 0.7420734639423077 0.36088795192307693 0.7436152451923077 0.3590878149038461 0.7409734807692308 0.3342567331730769 0.73890290625 0.32912953125000005 0.7115397451923078 0.3324078894230769 0.7026961274038462 0.33632039423076926 0.7063139663461538 0.3641614495192308 0.7088191466346154 0.3676495048076923 0.7326365985576923 0.36436139903846154 0.7420734639423077 0.36088795192307693
13 0.6356189807692308 0.4010570120192308 0.6344335841346154 0.40508169951923073 0.6356476129807693 0.4112089759615385 0.63923353125 0.41418967548076924 0.6464857788461539 0.42609296874999997 0.6545003894230769 0.4284297067307692 0.6590210745192308 0.4265466298076923 0.6638717067307692 0.42654174038461534 0.6657296634615384 0.4239952067307692 0.6617482524038463 0.4207218076923077 0.6598225456730769 0.41504822355769233 0.6521230168269232 0.4070622908653846 0.6466378365384616 0.39875437740384617 0.634706266826923 0.3866559591346154 0.6324528076923077 0.38890978846153845 0.6335621730769231 0.39855439423076927 0.6356189807692308 0.4010570120192308
13 0.6397524495192308 0.3769918221153846 0.6474255408653846 0.3846313894230769 0.6504837620192307 0.38558755048076926 0.6527520841346154 0.3908611009615385 0.6595019807692307 0.39618342548076924 0.6677567403846154 0.41144306009615383 0.6731361658653847 0.4183655072115385 0.6796618750000001 0.4231951129807693 0.6872672211538462 0.42261456490384613 0.6958475408653846 0.4201411899038462 0.6983103197115385 0.4108526995192308 0.7077334182692308 0.4047546658653846 0.7144409134615385 0.39730044471153847 0.7154401346153846 0.3859483918269231 0.7118266826923076 0.37771852884615387 0.7033499278846154 0.37177177403846157 0.6939912836538462 0.37138152163461535 0.6890602379807693 0.36544451442307696 0.6412413533653846 0.3744989519230769 0.6397524495192308 0.3769918221153846
7 0.5503231177884615 0.39577390865384615 0.5656913485576923 0.39178821394230773 0.5669687355769231 0.3865244110576923 0.5602926730769231 0.35772719230769234 0.5581174399038461 0.3561173221153846 0.5172842163461538 0.3638057932692308 0.45306814903846154 0.37314322355769225 0.4514734903846154 0.37425062500000006 0.4509468894230769 0.37712888461538463 0.4572285504807692 0.4105361995192308 0.5503231177884615 0.39577390865384615
10 0.3785323557692308 0.2692870072115384 0.3746958100961538 0.2654672235576923 0.37105811057692306 0.2666965913461538 0.3685677908653846 0.27073591826923077 0.3569517932692308 0.3141001033653846 0.3335578605769231 0.3840418774038462 0.32926575240384615 0.40602886538461536 0.3306417091346154 0.4289427379807692 0.3353369927884616 0.44156804326923077 0.3522144735576923 0.4671308509615385 0.39796436778846156 0.5189638076923078 0.40180091346153846 0.5227835913461538 0.4061904951923077 0.5240714807692307 0.41088249038461544 0.5219883870192308 0.4101168365384616 0.5168465504807692 0.3894969927884615 0.4960304399038461 0.35711579326923076 0.4580130985576923 0.34247909615384614 0.43247467548076923 0.3391807259615385 0.4185956177884615 0.33996733173076926 0.3995698293269231 0.34510331730769234 0.3788609783653846 0.3519006081730769 0.3603620456730769 0.3763201995192308 0.2794145865384615 0.3785323557692308 0.2692870072115384
10 0.40148765384615387 0.35980578365384613 0.40798753125 0.3080800240384616 0.4192906442307692 0.2801706322115385 0.41820881730769227 0.2757751923076923 0.4135294927884615 0.2755800649038461 0.4112231538461538 0.2771411610576923 0.40360843028846155 0.2947083221153846 0.39599589663461543 0.32208107932692304 0.39105047115384617 0.36972849038461536 0.39142281971153847 0.38438322115384616 0.39696526682692307 0.4129950625 0.4058270408653846 0.4313183365384615 0.4160179831730769 0.44016774278846155 0.4301352716346154 0.44179221634615384 0.4414047524038462 0.4403286634615385 0.4593299519230769 0.4356209591346154 0.4620835673076923 0.4301425 0.45874828125 0.4280008918269231 0.4344962211538462 0.43292813942307695 0.42521689423076925 0.4335769903846154 0.42065600000000003 0.4324891177884615 0.41357615865384617 0.4252886057692308 0.40542606009615384 0.40651163942307694 0.40254962740384614 0.3932716514423077 0.40148765384615387 0.35980578365384613
10 0.6023084927884615 0.3924174375 0.595795454326923 0.38530961298076927 0.5846168653846153 0.38063125000000003 0.5794236153846154 0.3810361706730769 0.5722275360576923 0.38453400480769234 0.5680770048076923 0.39126621875 0.5727965360576923 0.39443229326923074 0.5723492548076923 0.3983496514423077 0.573825485576923 0.39813499999999996 0.574048579326923 0.39372492067307696 0.5811124615384615 0.38849525240384614 0.5888108918269231 0.3915783870192308 0.60750503125 0.4067209110576923 0.6157438293269231 0.40955036778846154 0.6363901153846154 0.43071284375 0.6436952427884616 0.443308875 0.6467820961538462 0.4544169975961539 0.6493401586538461 0.4585977836538462 0.6509761249999999 0.46536413221153844 0.6517979447115384 0.48590710096153844 0.6483761490384615 0.50951859375 0.6421847740384615 0.5261783677884615 0.6363084807692307 0.5371889495192308 0.6281649639423077 0.5478287716346154 0.6269531274038461 0.55150709375 0.6202318653846154 0.556336733173077 0.6244501394230769 0.5578246346153846 0.6356138629807693 0.5549756177884615 0.6443241899038461 0.5444284831730769 0.6505695384615385 0.5333642427884615 0.6573932740384615 0.5152116730769231 0.6606586201923077 0.4993275721153846 0.6616820913461539 0.4785162884615385 0.6566662403846154 0.4470261875 0.6487541009615385 0.4313665216346154 0.6339080817307692 0.4128627620192308 0.6061048293269231 0.3932662716346154 0.6023084927884615 0.3924174375
10 0.5346776971153846 0.5158949543269231 0.5309971105769231 0.44323597355769234 0.5318398894230769 0.4396113173076923 0.5378230336538462 0.4348890048076923 0.5381909975961539 0.42993254326923075 0.5355800576923077 0.4250590216346154 0.5292394254807692 0.42265398317307695 0.5251935576923077 0.4258688605769231 0.5193701442307692 0.4375721706730769 0.5208221274038461 0.44681675 0.5194560432692308 0.4680280673076923 0.5209917307692308 0.4979229375 0.5246624519230769 0.5264567259615385 0.5287782572115385 0.5412675600961538 0.5355821274038461 0.5521854182692307 0.5414881490384615 0.5562296033653846 0.5439151105769231 0.5635813557692309 0.5487128629807693 0.5628837283653846 0.5569610432692308 0.5487265769230769 0.5624429350961538 0.5423260913461538 0.5639180721153847 0.537208639423077 0.5599757668269231 0.5320033894230769 0.5539915240384615 0.5318229014423077 0.5503147115384615 0.5349841201923077 0.5466654399038462 0.5433945024038461 0.5425127139423077 0.5403211177884615 0.5381082692307693 0.5315058485576923 0.5346776971153846 0.5158949543269231
2 0.6559145625 0 0.6640729495192308 0.08662672596153846 0.8753353918269231 0.09181015865384616 0.9028291875 0.09936145432692307 0.8395784254807693 0.13097853365384615 0.7740877115384616 0.19841979567307694 0.786607608173077 0.23209762259615385 0.9038233269230769 0.13845192788461538 0.9639853653846154 0.1418481923076923 0.941057016826923 0.06577784615384616 0.9391397163461538 0 0.6559145625 0
5 0.4799217307692307 0.8022676394230769 0.29747374278846156 0.8755051466346154 0.13166250961538462 0.5932080841346153 0.015074745192307691 0.6690132668269231 0.01144459375 0.764826252403846 0.13134058173076923 0.9800004086538461 0.45177243028846154 0.9418150817307692 0.6027056995192308 0.768533233173077 0.5430655504807692 0.39928068509615383 0.47898096394230766 0.42500056490384613 0.4799217307692307 0.8022676394230769
15 0.6745345408653846 0.44320228125 0.6847997019230768 0.4884899903846154 0.6906331826923077 0.48670761298076926 0.6871068798076923 0.4405119639423077 0.6745345408653846 0.44320228125
15 0.5487940384615384 0.4923852259615385 0.5335875024038461 0.4543579206730769 0.5234116995192308 0.45964345192307693 0.5393772860576923 0.49935951201923073 0.5487940384615384 0.4923852259615385
15 0.5305213557692308 0.5006472211538461 0.5154871394230769 0.46165931250000003 0.5067544110576923 0.4629996826923077 0.5154793846153847 0.49909773317307693 0.5305213557692308 0.5006472211538461
15 0.6438641995192308 0.4324861225961539 0.6438179687500001 0.47296314182692306 0.650635423076923 0.47103768509615385 0.6438641995192308 0.4324861225961539
10 0.5672411706730769 0.3430385384615385 0.5577287668269231 0.3469516105769231 0.5764531225961538 0.35944824759615385 0.5877706899038462 0.36434178125 0.6043676201923077 0.39929520192307694 0.6091566153846154 0.43596556971153844 0.6003813774038462 0.47741075961538465 0.6000354495192307 0.4989469158653846 0.6129684134615384 0.4989347211538462 0.6145065048076923 0.4669493846153846 0.6208939543269231 0.4333247475961538 0.6128708485576924 0.3933879375 0.5961329399038461 0.3565866754807692 0.5672411706730769 0.3430385384615385
10 0.5883986466346154 0.34650128605769226 0.5663982475961539 0.34502944711538464 0.5720540769230769 0.35537495673076924 0.5888218028846154 0.35204475 0.6342365889423077 0.3865445528846154 0.6662986442307692 0.4285909206730769 0.6949889302884615 0.4786009206730769 0.6926750528846154 0.5004232307692308 0.694582641826923 0.5384467235576923 0.7061789254807693 0.5339580552884615 0.7043384663461538 0.4837805841346154 0.6874595120192308 0.4451315264423077 0.6654489375 0.40442610336538465 0.6255149278846154 0.36352436778846153 0.5883986466346154 0.34650128605769226
10 0.5696157572115385 0.5566177139423076 0.5656797764423077 0.55719003125 0.5585165480769231 0.5806516562499999 0.5947126009615384 0.5725860216346154 0.6448961225961539 0.565289014423077 0.694582641826923 0.5384467235576923 0.7449709615384615 0.5077657427884615 0.7921218605769231 0.4607404831730769 0.8205064663461539 0.41550977403846157 0.8134707307692307 0.38850779567307697 0.7819796610576923 0.38000843269230766 0.7478926105769231 0.38963575 0.7106487596153847 0.4230763004807692 0.7261104951923076 0.4170913774038461 0.7522516706730769 0.39460692548076926 0.7987108653846153 0.3906539735576923 0.8108076105769231 0.4187883942307692 0.77518246875 0.4604010817307692 0.7498875288461538 0.4939725096153846 0.7040665312500001 0.5193185384615384 0.6479152572115384 0.5527058004807692 0.6097511802884615 0.5610576370192308 0.56990125 0.5733912211538461 0.5696157572115385 0.5566177139423076
10 0.8355014831730769 0.5076803870192308 0.7631093750000001 0.5238116586538462 0.7132784110576923 0.5357282403846153 0.6583865120192307 0.546512375 0.6184626682692307 0.5448442211538461 0.5896448149038462 0.5452978701923077 0.5944976322115385 0.5567364158653846 0.64868765625 0.5497909903846154 0.6956405336538461 0.5523054206730769 0.7632537427884615 0.5387373774038461 0.8237675384615385 0.5233990985576923 0.8939767283653846 0.491704375 0.9329065000000001 0.45428201201923074 0.9454061442307692 0.4094927716346154 0.93126753125 0.36764269471153843 0.9051161850961538 0.35089358653846153 0.8637179975961539 0.35597901201923077 0.8329355841346153 0.36979665384615384 0.7979384711538462 0.3935688173076923 0.7709420072115385 0.41263249519230766 0.7727106658653846 0.41498625480769236 0.7845185985576923 0.4132693052884615 0.8146662860576923 0.39113648557692304 0.8594327764423078 0.36500958173076925 0.9103216346153846 0.3669516971153846 0.9345788677884616 0.3979887596153846 0.9200406754807692 0.4421402644230769 0.889123983173077 0.4802657836538462 0.8355014831730769 0.5076803870192308
1 0.8822363509615384 0.7549784927884615 0.8471286874999999 0.4881482403846154 0.4805628918269231 0.5630273942307692 0.5247790889423076 0.8555318533653846 0.8822363509615384 0.7549784927884615
3 0.853329875 0.4675301225961539 0.8073441923076923 0.1950861971153846 0.3378559495192308 0.2575621201923077 0.3832005625 0.5648491754807693 0.853329875 0.4675301225961539
10 0.625157170673077 0.8280490192307692 0.6357728653846154 0.8367812980769231 0.689754704326923 0.8401420144230769 0.7319218966346154 0.8190639254807692 0.7695821274038461 0.7650111442307692 0.7996458028846154 0.6896429399038462 0.7980807451923078 0.6170054158653847 0.7829513798076922 0.5491427091346154 0.7364115673076923 0.5129381850961539 0.7025260024038461 0.4861036394230769 0.6983683509615385 0.44467063221153846 0.671104704326923 0.4308599230769231 0.6823525024038462 0.4824978341346154 0.7104046610576924 0.5111147451923077 0.7559571129807693 0.5343844903846153 0.7819036610576924 0.5745176129807692 0.7904271466346154 0.6470774903846154 0.7715365961538462 0.7124135600961539 0.732334889423077 0.7853738389423076 0.6960783966346155 0.8317491346153846 0.6611450360576924 0.8302895240384616 0.6373143485576923 0.8178737980769231 0.625157170673077 0.8280490192307692
6 0.8957775769230769 0.5064753629807692 0.8965973100961538 0.5130003461538462 0.9021688004807692 0.5283660985576923 0.9192358365384615 0.5358652932692307 0.9602948004807692 0.5784717403846154 0.9803977211538462 0.6329397644230769 0.9814370745192308 0.5972195168269231 0.9519929855769231 0.5479171899038462 0.903203110576923 0.5083031370192308 0.8957775769230769 0.5064753629807692
6 0.948262235576923 0.7988167403846155 0.9768566370192308 0.7546389375 0.9780490985576923 0.713656701923077 0.9602010528846154 0.7597140432692308 0.9119284423076923 0.8181124302884615 0.8654054927884616 0.8472971033653847 0.7870354711538461 0.8502851899038462 0.7258836177884616 0.8442303173076924 0.7080206129807693 0.8057243798076923 0.6968474807692308 0.8157564783653846 0.7111237572115384 0.8463764951923077 0.7622980288461538 0.8650921225961539 0.8302673341346154 0.8692214663461539 0.8835405192307693 0.8502652187499999 0.948262235576923 0.7988167403846155
6 0.7892082956730769 0.8266150456730769 0.8499268870192308 0.78789271875 0.89412246875 0.7282188173076923 0.9316382572115385 0.6592403677884615 0.9268424855769232 0.5964142908653847 0.9021688004807692 0.5283660985576923 0.8916194230769231 0.5237307403846153 0.8831309278846154 0.5033624302884616 0.8626445336538461 0.49831976923076926 0.7802713918269231 0.5140340576923077 0.7149149423076923 0.5571673173076923 0.6895529423076923 0.6028926754807692 0.6766402403846155 0.6813720456730769 0.6955007091346155 0.7720464062500001 0.7345951105769231 0.8280169014423078 0.7892082956730769 0.8266150456730769
0 0.7351323557692309 0.7307853365384616 0.7411995697115384 0.8102676514423077 0.7503324278846153 0.8075506370192307 0.7468194230769231 0.8056877067307693 0.7446297259615384 0.7639685432692308 0.7631642548076923 0.6809350721153845 0.7942152932692307 0.6185016298076923 0.805378329326923 0.5692359038461539 0.8123870985576923 0.49161500240384615 0.8417599447115385 0.45040564903846153 0.8300887956730769 0.449806 0.7964316802884616 0.49113252644230765 0.7969354591346154 0.5368335024038461 0.7951186490384615 0.5782010625 0.778894610576923 0.6263343870192308 0.7571830168269231 0.6547138990384614 0.7351323557692309 0.7307853365384616
0 0.7712143966346154 0.8254947163461538 0.7966503125 0.7937711322115385 0.7503324278846153 0.8075506370192307 0.7520003557692309 0.8084351322115384 0.7412985432692308 0.81156425 0.7414797043269231 0.8139375048076923 0.7712143966346154 0.8254947163461538
0 0.6840826105769231 0.9222393942307693 0.7206917283653845 0.8804836274038461 0.7360727740384616 0.8343412932692308 0.732905875 0.8189208461538461 0.7222230456730769 0.822342610576923 0.7154157524038461 0.8635015793269231 0.6657360120192308 0.9164995817307692 0.6246233125 0.9383584567307692 0.5560932716346154 0.9399157091346153 0.5106113437500001 0.9175698100961539 0.4834083629807692 0.8869690552884616 0.47075124999999995 0.8906698822115384 0.4964123028846154 0.9140294495192307 0.5362018725961538 0.940005514423077 0.5769015072115384 0.9518367331730769 0.6400884375 0.9454514086538462 0.6840826105769231 0.9222393942307693
15 0.7361662259615385 0.4692617668269231 0.7379713100961538 0.4660225 0.7475855745192308 0.43065402884615384 0.7471889807692308 0.4254585288461538 0.7435110745192308 0.4237169447115384 0.740585048076923 0.4244926201923077 0.7390697067307692 0.42663912259615383 0.7298773774038462 0.4626466634615385 0.7300371129807692 0.46962766346153845 0.7323572163461538 0.4706911490384615 0.7361662259615385 0.4692617668269231
15 0.7932484735576922 0.44712829567307694 0.8003068725961539 0.41738463461538466 0.798882423076923 0.4133892211538462 0.7958897524038462 0.41084757932692306 0.7918703221153846 0.4144088269230769 0.7886567548076923 0.42608286298076925 0.7823618149038462 0.451162766826923 0.7829963653846155 0.45947556971153847 0.7890323918269231 0.45544598798076924 0.7932484735576922 0.44712829567307694