7 0.40321421153846154 0.45274576923076926 0.40357967307692305 0.4558926033653846 0.40591958173076925 0.45838369471153845 0.4182941634615384 0.4589946658653846 0.5148788942307692 0.4543506225961539 0.5145142644230769 0.4223178293269231 0.5139863725961539 0.4177724014423077 0.5121383485576924 0.4163063870192308 0.4481170576923077 0.42043545192307696 0.4064667163461539 0.42136035817307693 0.4040363846153846 0.42451137259615385 0.40321421153846154 0.45274576923076926
4 0.20720143990384615 0.4664444423076923 0.20906097596153844 0.45998369951923074 0.20691802163461537 0.43511094230769226 0.20391919471153847 0.43336688221153846 0.1911339423076923 0.4324301322115385 0.17061332211538463 0.43551494711538463 0.16954143028846153 0.4375215504807692 0.17204984615384616 0.465541141826923 0.1814209951923077 0.46757875240384617 0.20720143990384615 0.4664444423076923
4 0.2532519615384615 0.46488347355769233 0.26155812980769233 0.46417163461538463 0.26271123317307693 0.4628643317307692 0.2613582235576923 0.43195208173076927 0.2512469423076923 0.42996220673076924 0.2250535216346154 0.43235608894230765 0.22368817548076925 0.4382565552884615 0.2262418028846154 0.46345509615384617 0.2356535576923077 0.4658423509615384 0.2532519615384615 0.46488347355769233
14 0.1881108076923077 0.3341664423076923 0.18240430528846152 0.32836981009615385 0.17833128846153848 0.3302176995192308 0.1755285889423077 0.3349779350961538 0.17535695192307693 0.3399207427884615 0.17822244951923077 0.3485426105769231 0.17972490144230768 0.36147959375 0.18194068990384615 0.36450709375 0.18797894951923075 0.36834486057692306 0.19139535576923078 0.36565864903846157 0.19288021875 0.36239247596153845 0.19251936298076922 0.35607494230769227 0.1896944735576923 0.3478027211538462 0.1881108076923077 0.3341664423076923
14 0.20840620432692306 0.3163009326923077 0.2090559110576923 0.32189530528846155 0.21414180048076922 0.3303739663461539 0.21901544471153847 0.34344579326923075 0.22768476923076925 0.3474661370192308 0.23064989663461538 0.3441044951923077 0.23070431490384616 0.33494204086538465 0.22565903365384615 0.3268130264423077 0.2209930264423077 0.3123187403846154 0.21256964423076924 0.3088109326923077 0.20964742548076923 0.3109368725961538 0.20840620432692306 0.3163009326923077
15 0.25819512499999997 0.5716538774038461 0.26025309375 0.5701120817307692 0.25907088942307693 0.563142983173077 0.2432087283653846 0.5292915697115385 0.23901849278846152 0.5269198149038462 0.2350672908653846 0.5298166514423077 0.2356763918269231 0.5350613725961538 0.25186801442307694 0.5685392740384615 0.2546185985576923 0.5713561466346154 0.25819512499999997 0.5716538774038461
15 0.18481042307692308 0.5401033149038461 0.19177343028846155 0.5583243942307692 0.19718877644230767 0.5664295432692308 0.2023221778846154 0.5705018052884616 0.2066794471153846 0.5711014495192308 0.20599373317307693 0.5619867307692308 0.1916478341346154 0.5315601923076924 0.18931022836538464 0.52748375 0.1846281033653846 0.5240869206730769 0.18162006971153846 0.5286842644230769 0.18132200961538464 0.5357488317307693 0.18481042307692308 0.5401033149038461
15 0.4503303605769231 0.5101208245192308 0.4476877860576923 0.5178650024038461 0.4475475504807692 0.5294988629807692 0.44398170192307695 0.5501603365384615 0.44500147596153844 0.5557308413461539 0.44684949999999996 0.5571968533653846 0.4518656850961538 0.5570494687499999 0.45590960817307696 0.5469251754807692 0.4503303605769231 0.5101208245192308
15 0.46902284615384615 0.5201878004807692 0.46577347115384615 0.5211019014423077 0.46474218509615384 0.5234581538461538 0.46827498076923074 0.5538775456730769 0.4717772019230769 0.5487199302884616 0.4736191514423077 0.5260560384615385 0.47272119471153845 0.5215344759615385 0.46902284615384615 0.5201878004807692
15 0.3362031201923077 0.5338618990384615 0.3370374447115384 0.5538873173076924 0.33925553365384614 0.5553294615384615 0.3431615216346154 0.5552536778846154 0.34476820913461537 0.5530364519230769 0.3446509903846154 0.5488168076923077 0.3391659423076923 0.5320856081730769 0.3362031201923077 0.5338618990384615
10 0.4569009302884615 0.6004058461538462 0.45315276442307695 0.6050509254807692 0.4471620168269231 0.5968067548076923 0.4437931225961539 0.5950865600961538 0.4379939014423077 0.5965173870192307 0.4353965384615384 0.6014405072115385 0.4363350985576923 0.6063117163461539 0.45526201682692313 0.6248179807692308 0.4597027980769231 0.6245315721153847 0.4600414639423077 0.61781665625 0.46531280048076923 0.6118404086538461 0.47093201201923074 0.5928078341346154 0.46942578365384613 0.55415559375 0.46698937500000004 0.5331766995192307 0.4593046490384615 0.5023205504807693 0.4613312139423077 0.4940877019230769 0.4566873990384615 0.49262587019230775 0.4520121802884616 0.4844729879807692 0.4470005985576923 0.48144967307692305 0.44062137259615386 0.4859121730769231 0.4393801490384615 0.49127623317307695 0.4406075625 0.4954242764423077 0.4481260817307692 0.4991665745192308 0.4493941009615385 0.5036642668269231 0.4566091322115385 0.5465277932692307 0.4591757403846154 0.5911001850961538 0.4569009302884615 0.6004058461538462
10 0.6315306658653845 0.4475316875 0.6291294326923077 0.4589591033653846 0.6203374591346154 0.48277577403846156 0.5966340384615385 0.5258720552884616 0.5808920384615385 0.5508415024038462 0.5810498605769231 0.5554107956730769 0.5836380168269231 0.5568290745192308 0.5863932019230769 0.5564752475961539 0.5904256153846154 0.554277704326923 0.5937631081730769 0.5493068461538462 0.6274813100961538 0.48971263942307697 0.6399019302884615 0.4586165985576923 0.6416488533653847 0.4447655096153846 0.6388829879807693 0.4241601298076923 0.629419939903846 0.40046401682692306 0.5941933918269231 0.3379188052884615 0.5745585721153846 0.2972653629807692 0.5713161033653846 0.29342341346153844 0.5679043028846154 0.2929389230769231 0.5656410024038462 0.2943178293269231 0.5646074158653847 0.2982594302884615 0.5798964783653846 0.33038647355769235 0.6215987548076923 0.40695698798076924 0.6266394350961538 0.4182567043269231 0.6313008365384616 0.4359216923076923 0.6315306658653845 0.4475316875
10 0.5536698221153846 0.4689337548076923 0.5427708966346154 0.47139801682692306 0.5163744399038461 0.4720436586538461 0.5138628966346154 0.474495375 0.5154197668269231 0.47826990384615387 0.5176378557692307 0.47971205048076926 0.5345344326923077 0.48073590625 0.5487616418269231 0.4796421875 0.5614319831730769 0.47477393990384614 0.5686823677884616 0.4649712475961539 0.5728527163461539 0.4527251947115385 0.5740985456730769 0.44419043509615386 0.5741805889423077 0.4160037716346154 0.5716131490384615 0.4003173389423077 0.5575791225961538 0.35331412980769233 0.5504896875 0.3372148076923077 0.5345731081730769 0.3125258485576923 0.5323550168269231 0.31108370192307694 0.527914233173077 0.3113701105769231 0.5264676754807692 0.31657128125 0.5433680288461539 0.34331039423076926 0.5590447451923077 0.3916167235576923 0.5642654326923077 0.42051818990384615 0.563362048076923 0.4480532908653846 0.5581581153846155 0.4642409399038462 0.5536698221153846 0.4689337548076923
13 0.2729749014423077 0.5014801610576923 0.2826755096153846 0.5031442524038462 0.2985906177884615 0.5005326033653846 0.3006937956730769 0.4961697548076923 0.30575288701923076 0.4947866658653846 0.30698950721153845 0.4925933052884615 0.3103630048076923 0.49114279807692307 0.3110671322115385 0.4875747139423077 0.3081518197115385 0.48494460096153846 0.3088153389423077 0.48102686778846154 0.30722476923076925 0.47214663942307694 0.3008570504807692 0.46868238942307694 0.2798943605769231 0.4647503725961538 0.26796645192307694 0.46798553365384615 0.2617090432692308 0.47349698076923075 0.2586941033653846 0.482850375 0.25930320432692305 0.4880950985576923 0.26270579807692307 0.4949209903846154 0.26545638221153844 0.4977378605769231 0.2729749014423077 0.5014801610576923
5 0.44276284134615385 0.5481461009615385 0.4454607596153846 0.6569716971153846 0.4251046947115385 0.7898358966346154 0.4652608365384615 0.921616158653846 0.6450426442307692 0.9974087548076922 0.9283391586538462 0.9716202692307692 0.9951086995192308 0.89898634375 0.9967039423076923 0.6247875889423077 0.9736205625000001 0.5740460649038461 0.8373508100961539 0.5818951610576923 0.8369976346153846 0.5815864495192308 0.8052765240384615 0.7850492692307692 0.78885353125 0.8490651538461538 0.6859515264423077 0.9045637716346153 0.5742149134615384 0.8497531586538462 0.5246962283653847 0.6715940721153846 0.5246924975961538 0.5174914302884616 0.4870649711538461 0.4588408365384616 0.40418409615384615 0.4641862475961539 0.44276284134615385 0.5481461009615385
2 0 0.2986030985576923 0.07361271153846154 0.3054561370192308 0.15145371875 0.3765476274038461 0.16969444951923077 0.34530225240384615 0.14544715625 0.2820301298076923 0.06570562259615384 0.23737149278846154 0.17598495432692307 0.23683658413461536 0.27022349038461535 0.18377606490384618 0.2642642668269231 0.05542811298076923 0.1885509951923077 0.04545512019230769 0 0.06333253365384615 0 0.2986030985576923
3 0.6186230961538463 0.5901718293269231 0.5968123485576923 0.27397621875 0.13213763701923076 0.31235449278846156 0.14001201442307692 0.5947296634615384 0.6186230961538463 0.5901718293269231
1 0.5344261850961538 0.9094458485576923 0.5310018413461539 0.6146160096153847 0.1517154639423077 0.6093446730769231 0.16252000000000003 0.8826907716346154 0.5344261850961538 0.9094458485576923
10 0.21416506971153845 0.4971139326923077 0.24483671875 0.512989108173077 0.26860166346153846 0.52930978125 0.2702591201923077 0.5171550721153846 0.22524701682692308 0.48982159375 0.17119642548076924 0.49518693990384616 0.1596339423076923 0.5325790480769231 0.1879717235576923 0.5711564182692308 0.2631048221153846 0.6189312259615385 0.32435162740384615 0.6412913509615384 0.36348193749999996 0.6444055336538461 0.42673759134615386 0.6412655264423077 0.44920266586538465 0.6463942091346154 0.4433062475961539 0.6298607379807692 0.4365078581730769 0.631238875 0.39912242067307696 0.6345896899038461 0.34782706971153843 0.629441141826923 0.27901184375 0.6103880913461539 0.20036529326923078 0.5665985096153846 0.17563738942307694 0.5334262139423077 0.18203803846153846 0.5029445360576923 0.21416506971153845 0.4971139326923077
10 0.05359075961538461 0.5610303028846154 0.04685144471153846 0.5201202764423077 0.08316553125 0.49898515624999995 0.11726595913461539 0.49302724278846155 0.1495859903846154 0.5059772235576923 0.19297615384615385 0.5200924639423077 0.2091844182692308 0.53126259375 0.21351578124999998 0.5208147379807693 0.19002790865384614 0.5118257475961538 0.11815612019230769 0.48357331490384614 0.08460916586538461 0.48573693028846154 0.03886157451923077 0.5112390625000001 0.03715397355769231 0.5564524951923077 0.06208669230769231 0.5999477379807693 0.12036162019230769 0.6309564158653846 0.2161539375 0.6426316754807692 0.2529859735576923 0.6430751394230769 0.31317324999999996 0.6391933557692308 0.35362698557692307 0.6365842860576924 0.3558406442307692 0.6214070649038461 0.3046417956730769 0.6256488149038462 0.24072443269230767 0.6316504831730769 0.1917273485576923 0.6291726225961539 0.11292514903846153 0.6182808918269231 0.07381854326923078 0.5982514543269231 0.05359075961538461 0.5610303028846154
10 0.3596753221153846 0.4661172091346154 0.3588461394230769 0.5103343124999999 0.36789554326923074 0.5454574326923077 0.38252822836538464 0.5858583942307692 0.38831721153846155 0.5706005408653846 0.37943439423076925 0.5249805600961538 0.3690615625 0.4955806923076923 0.37747106009615383 0.43959889903846155 0.41017518750000004 0.41305865625 0.4006451802884615 0.4080353798076923 0.3615877451923077 0.43122677884615385 0.3596753221153846 0.4661172091346154
10 0.40875708894230767 0.48644297115384616 0.4127202788461538 0.47039185576923076 0.38996104807692306 0.4444312355769231 0.3669188701923077 0.46001212019230764 0.34023128846153844 0.4955608100961539 0.3214252596153846 0.5390580216346155 0.3374660552884615 0.5915836298076923 0.35550388221153845 0.6270667163461539 0.41038548798076924 0.654535625 0.4370376225961538 0.6443598076923076 0.4514281442307692 0.6227593798076924 0.43620653846153845 0.6115255985576923 0.4236692115384615 0.64052375 0.38311897355769226 0.6337425240384615 0.3569593317307692 0.6053608605769231 0.3440833389423077 0.5629672956730769 0.3475476298076923 0.5157612716346154 0.3744636586538462 0.47362029807692313 0.3911407115384616 0.4631481875 0.40875708894230767 0.48644297115384616
10 0.2803826081730769 0.5708343028846155 0.29173028125 0.6086281418269232 0.2947631346153846 0.6347427836538462 0.30748164903846154 0.6329828629807692 0.3015242548076923 0.5816862379807692 0.31564897836538464 0.5149996322115384 0.34345524038461533 0.46340470432692304 0.3721162211538462 0.4277287572115384 0.40509430288461534 0.4368312043269231 0.3944966875 0.4150094975961538 0.3496392548076923 0.43105770673076926 0.31361467067307697 0.4803637067307692 0.2936053485576923 0.5220592331730769 0.2803826081730769 0.5708343028846155
6 0.09651611778846154 0.6751990697115384 0.09715154086538462 0.6555402235576923 0.05044142788461538 0.6965432956730768 0.04125002644230769 0.7629117980769231 0.04234689663461539 0.8408320817307692 0.07962584375 0.9135999158653847 0.14478385096153848 0.9610783942307692 0.23024061538461538 0.9950322692307693 0.2996684639423077 0.9680028557692307 0.34706442548076927 0.9395754038461538 0.3681687283653846 0.8987489278846154 0.3503001995192308 0.8989617259615384 0.32941253365384615 0.9416535745192308 0.30276046875 0.9518293100961538 0.22938589423076922 0.9791132716346154 0.13844236057692308 0.9492719591346154 0.08775955288461537 0.8980409158653846 0.05693042307692308 0.8380122379807692 0.05487058413461539 0.7432402283653846 0.08191855769230769 0.6851166586538462 0.09651611778846154 0.6751990697115384
6 0.16351701442307692 0.8912756538461538 0.25673526201923075 0.9407029326923078 0.31835427884615386 0.9320305504807693 0.3613211706730769 0.8569062307692307 0.3518129663461539 0.7579163461538462 0.3216692572115385 0.6781107884615385 0.2641761658653846 0.6367154951923077 0.19623928365384616 0.61666615625 0.11897383173076923 0.6379963245192308 0.11374434375 0.6595727524038462 0.1130011514423077 0.6639991322115384 0.09651611778846154 0.6751990697115384 0.09525144951923077 0.7143256177884615 0.09133025721153845 0.7747162091346154 0.12448137259615384 0.8205003918269231 0.16351701442307692 0.8912756538461538
0 0.24244750240384613 0.7320820721153846 0.2160947860576923 0.684919826923077 0.21472219471153847 0.6474222764423078 0.18880281009615382 0.6039906346153846 0.1623220360576923 0.5722596634615384 0.1621015120192308 0.5709456466346153 0.15112794951923078 0.5791705961538461 0.19601084134615385 0.6232584615384614 0.19673353125 0.6551599951923077 0.2200060576923077 0.7100381370192307 0.2470086033653846 0.7627964423076924 0.2823496730769231 0.81031865625 0.3004721129807692 0.8636496826923078 0.29632060096153845 0.9093920432692308 0.31013155769230766 0.9105448197115386 0.31139841105769234 0.8892551995192307 0.30402108413461537 0.8342915264423076 0.2762484399038462 0.7834622379807693 0.24244750240384613 0.7320820721153846
0 0.5434825552884616 1 0.5726174615384616 0.9729506346153846 0.5985468990384615 0.9308732524038461 0.4066287524038461 0.9185992836538461 0.585936701923077 0.9335658245192308 0.5623056105769231 0.9783139591346154 0.5131779975961538 1 0.5434825552884616 1
0 0.4118971225961538 1 0.394017139423077 0.9929262932692308 0.3464873269230769 0.9602850096153847 0.3363547596153846 0.9158351899038462 0.3284613894230769 0.9163442740384615 0.32843768509615384 0.9332595649038461 0.3472219110576923 0.9837289278846153 0.3848234735576923 1 0.4118971225961538 1
10 0.24309549759615384 0.6606267548076924 0.2789035264423077 0.6094554062499999 0.3029441826923077 0.5853532788461538 0.3020166730769231 0.5431287644230769 0.32396387259615383 0.5266788269230769 0.3052046105769231 0.5184239254807692 0.2834982451923077 0.5377455408653846 0.2879392091346154 0.5759848365384616 0.2674001995192308 0.6045594182692308 0.22480559134615385 0.6486512235576923 0.21648078846153848 0.7224810048076923 0.23425464423076925 0.7899292548076923 0.2691269254807692 0.8590936874999999 0.30468462740384616 0.9084812403846154 0.3730429615384615 0.9407188966346154 0.4221719879807692 0.9272141610576923 0.4382109591346154 0.9026884302884616 0.41980084855769234 0.8982378966346154 0.3895151971153846 0.9199238461538461 0.3391100048076923 0.9053213341346154 0.28514219230769233 0.8514832475961539 0.2532180769230769 0.7905855168269231 0.23064286057692307 0.7074728413461538 0.24309549759615384 0.6606267548076924
15 0.30703474038461537 0.5606584879807692 0.31107096153846153 0.53683315625 0.30145146153846153 0.5553806850961538 0.30703474038461537 0.5606584879807692