10 0.4809256418269231 0.7389836346153846 0.4802030985576923 0.7430884735576923 0.48219741826923074 0.7426399903846155 0.48314065865384614 0.7394916442307693 0.48233648076923075 0.7387895649038462 0.4809256418269231 0.7389836346153846
4 0.35869025721153847 0.5509975528846154 0.36574843990384615 0.5251812716346154 0.36486867548076923 0.5230383389423077 0.35595922836538463 0.5206067379807693 0.3342474182692308 0.5157565817307692 0.32753283173076925 0.5161577644230769 0.32525131249999994 0.519258 0.32289523798076925 0.5350233846153846 0.3184309519230769 0.54202296875 0.32008868990384615 0.5438266850961538 0.3243010552884616 0.54556925 0.3378813870192308 0.5476485913461538 0.3559441610576923 0.5528265432692308 0.35730562259615384 0.5522329158653846 0.35869025721153847 0.5509975528846154
13 0.4088123004807693 0.5377755192307693 0.41348620673076925 0.5391062956730769 0.41796259855769236 0.5388388389423077 0.43697466586538464 0.5442345120192308 0.4434221995192308 0.5441603149038461 0.44851130048076926 0.5463627788461538 0.46496571875 0.5501365697115385 0.4691750576923077 0.5501961009615385 0.4754935697115385 0.5324924591346154 0.48298709375 0.50522309375 0.48266763701923077 0.5034674879807692 0.4799386706730769 0.5012886754807693 0.46913063221153845 0.49842163942307693 0.43184114182692307 0.4902575889423077 0.42364013461538463 0.48941198557692306 0.42055140625000004 0.49012711057692304 0.4188039879807692 0.49257337500000004 0.41811067067307695 0.4994025432692308 0.41242701682692307 0.504828360576923 0.40716460336538457 0.5144919326923078 0.4075193413461538 0.5223379326923077 0.4094239807692308 0.5261394350961539 0.4075899014423077 0.53451871875 0.4088123004807693 0.5377755192307693
14 0.37946674038461536 0.46866921875 0.3879982764423077 0.4638965528846154 0.4000861346153846 0.46136304567307695 0.4037321418269231 0.45935221875 0.4056448269230769 0.4540968197115385 0.40381577403846153 0.4517361682692308 0.39972534375 0.45015098317307695 0.39675552644230766 0.44934044951923074 0.39252301201923073 0.44992265625 0.38552122355769225 0.45297559375 0.3801943028846154 0.45382444471153843 0.37842068028846154 0.4552294158653846 0.37119517067307695 0.4556428269230769 0.3656999567307692 0.4576177764423077 0.36397874038461536 0.46110533894230765 0.3647919975961538 0.4668565168269231 0.37601219711538464 0.46891220913461534 0.37946674038461536 0.46866921875
14 0.5626712043269231 0.46500488461538464 0.5606153990384615 0.45832167548076924 0.5552854495192308 0.4574874927884615 0.5478715000000001 0.4613517716346154 0.5452070408653846 0.46798768269230767 0.544856358173077 0.47593071875 0.5405371875 0.4824459423076923 0.5442708798076923 0.48860809615384615 0.5502165673076923 0.4935952283653846 0.5586785721153846 0.49074777884615384 0.5603735865384615 0.4862189230769231 0.5597548245192308 0.4803829399038462 0.5626712043269231 0.46500488461538464
15 0.4316344759615385 0.4429752932692308 0.4260374759615385 0.44246809374999996 0.4197270096153846 0.4511148293269231 0.4103429447115384 0.4688918581730769 0.41095565624999997 0.4713617740384616 0.4132462572115384 0.4733106346153846 0.41665444471153845 0.4743511201923077 0.41983587740384615 0.4710690456730769 0.4287583990384615 0.45370380528846155 0.43235199759615384 0.44961038942307696 0.43351291105769235 0.4457354975961539 0.4316344759615385 0.4429752932692308
15 0.3789758966346154 0.42572170673076926 0.37336480048076925 0.4309053461538461 0.3523634951923077 0.45585318750000003 0.35465409615384613 0.4578020504807692 0.3593280048076923 0.45913282692307694 0.3624167355769231 0.4584177043269231 0.36841076923076926 0.4496983918269231 0.38516545432692306 0.43102359134615387 0.38703178846153846 0.4270516706730769 0.3844015793269231 0.4256719711538462 0.3789758966346154 0.42572170673076926
15 0.46397090144230774 0.4434034206730769 0.4604438052884615 0.44388859375 0.45593921634615386 0.45553772115384616 0.44400960576923076 0.47842499759615387 0.44306636298076923 0.4815733461538461 0.44506673557692306 0.4844909302884615 0.4509509375 0.48234637259615387 0.45248068990384616 0.48062664903846153 0.4614294110576923 0.46430270913461535 0.46820946874999997 0.4461872788461539 0.4668681610576923 0.44445613221153846 0.46397090144230774 0.4434034206730769
15 0.47156761778846157 0.45493100721153845 0.4760604951923077 0.4846973918269231 0.48660518750000004 0.4859954783653846 0.48123512980769234 0.45576744951923076 0.47156761778846157 0.45493100721153845
10 0.4894758581730769 0.23866229086538462 0.5476199591346154 0.24923602403846154 0.5859329350961539 0.27183085336538465 0.6095858605769231 0.29520576201923077 0.6200179639423078 0.32659476201923077 0.6163161586538461 0.3630268413461539 0.618187454326923 0.39590439182692305 0.6154533509615384 0.4291064831730769 0.6234335985576924 0.42955595192307694 0.6301229783653847 0.3951898269230769 0.6271449278846154 0.3599872283653846 0.6294224326923078 0.32529970913461537 0.6162507956730768 0.2849976802884615 0.5879229014423077 0.2591698173076923 0.5454610360576923 0.23838501682692306 0.4838181754807692 0.2304608028846154 0.44003147836538464 0.23215507451923076 0.40067171875 0.24314931971153844 0.36535181971153846 0.26473555528846154 0.3412627283653846 0.2909686730769231 0.32708919951923077 0.31119134375 0.31150641105769233 0.3421369951923077 0.3066828870192308 0.36726556971153845 0.3119138942307692 0.3919385576923077 0.32090675721153844 0.4160935673076923 0.32592926923076926 0.4324340721153846 0.3249220264423077 0.45084361538461537 0.3550463317307692 0.4646564807692308 0.36271635336538466 0.4604275793269231 0.3338699158653846 0.44806305769230764 0.3385149158653846 0.4325589951923077 0.32881744230769233 0.41376553365384616 0.3211248197115385 0.3912895216346154 0.31765064182692304 0.3697810048076923 0.32013671875 0.34342593269230764 0.33501490384615384 0.31784180528846157 0.35353077403846156 0.2951631658653846 0.37236429567307694 0.2684150192307692 0.4065229567307692 0.25070476442307693 0.44465195913461536 0.2408090576923077 0.4894758581730769 0.23866229086538462
10 0.7624316177884616 0.4531502211538462 0.7792806225961539 0.4811781850961539 0.78368290625 0.5146362115384615 0.7862044567307692 0.5483532740384616 0.7741898677884615 0.5794268918269231 0.7635300721153846 0.6059784735576923 0.7565775817307692 0.6382131033653846 0.7614215000000001 0.6641781129807692 0.7433172932692307 0.6614067307692307 0.7242452524038462 0.6618653173076924 0.707014670673077 0.6772444519230769 0.7142206201923076 0.6802779134615384 0.7269848605769231 0.6707783341346154 0.7483247259615384 0.6687686923076923 0.7659179975961539 0.6762556298076923 0.7710195096153847 0.6622370552884616 0.7638380769230769 0.6350455552884615 0.77532659375 0.5997089375 0.7871625264423077 0.5782598149038461 0.79481975 0.5406636971153846 0.7950923605769231 0.5096586394230769 0.7912705673076924 0.47426258173076924 0.7646845528846153 0.44262068749999994 0.7440192668269231 0.42131175240384616 0.6981282692307692 0.4059539879807692 0.653110766826923 0.40874673317307697 0.6151058004807692 0.4152189591346154 0.5805600721153846 0.4342211754807692 0.5480887451923077 0.4523183918269231 0.5232650024038462 0.4659560432692308 0.49044612740384613 0.4701657379807692 0.4668381850961539 0.4737263677884615 0.4563692331730769 0.4939850432692308 0.4599947307692308 0.4935589495192308 0.4686100192307692 0.48586938461538465 0.4846249278846154 0.4805673028846154 0.52489784375 0.4725440576923077 0.5560143774038462 0.4589688605769231 0.5841432788461538 0.4433276706730769 0.6136964639423077 0.42594197115384613 0.6497511274038461 0.41695127884615385 0.6884061442307693 0.4113185480769231 0.7294982644230769 0.4276468653846154 0.7624316177884616 0.4531502211538462
10 0.6247501057692308 0.5575801730769231 0.6073558846153846 0.5915623293269231 0.5889790721153847 0.6197959903846153 0.5774755408653847 0.64615409375 0.5670734639423076 0.632722141826923 0.5612522019230769 0.643123689903846 0.5796345264423077 0.657005110576923 0.5981354519230769 0.6253479447115384 0.6227356225961539 0.5943992499999999 0.6397973149038462 0.5555080913461539 0.6633451995192308 0.516033375 0.6963672524038462 0.47804112499999996 0.7157267860576924 0.45555598317307694 0.74124025 0.4275782956730769 0.7563118437499999 0.4013481442307692 0.7357856826923077 0.38559423557692313 0.6905746394230768 0.38903297596153846 0.6610759975961538 0.40021768509615385 0.6386427692307692 0.42363325 0.6491853918269231 0.4278677692307692 0.6741182259615385 0.4018281105769231 0.6989568533653846 0.39716894711538464 0.7367682716346154 0.3913427379807692 0.7448479807692308 0.4125267427884615 0.7258755240384616 0.4337199014423077 0.7076771105769232 0.45232901201923076 0.6796327259615385 0.4797262091346154 0.6602036274038461 0.49943385336538465 0.6425464278846154 0.5312845264423077 0.6247501057692308 0.5575801730769231
10 0.5483475793269231 0.5146542115384615 0.5437325432692307 0.548115298076923 0.5254797163461539 0.5729254302884615 0.5084725721153845 0.6056155985576923 0.4884778653846154 0.6362397620192308 0.49831841346153843 0.6399185985576923 0.5175594567307692 0.6083900432692307 0.5331423076923077 0.5774444062499999 0.5530129711538462 0.5502437475961538 0.559771983173077 0.5186551418269231 0.5539602884615384 0.4959201346153846 0.5424513870192308 0.48016315625 0.5479550576923077 0.47383112499999996 0.5413296658653846 0.46885964903846156 0.5283719471153846 0.4790052548076923 0.53877409375 0.4924372091346154 0.5483475793269231 0.5146542115384615
10 0.5448356033653846 0.5298039350961539 0.5344521177884615 0.5459868509615384 0.5327252644230769 0.5607793725961538 0.5108250360576924 0.6158206009615385 0.5071627596153846 0.6370731586538461 0.5158625576923077 0.6411396225961539 0.5258327043269231 0.6289280504807693 0.524199860576923 0.6223400504807692 0.5166217860576923 0.629577076923077 0.5235892764423077 0.6063210168269231 0.5368495625 0.5831273990384616 0.5470527211538462 0.5550902764423077 0.5448356033653846 0.5298039350961539
10 0.678426502403846 0.4416193173076923 0.6880393822115385 0.4486568076923077 0.693984766826923 0.43483171875 0.69090296875 0.45414630769230774 0.6869231754807692 0.47946838942307696 0.6760848485576924 0.5156445072115384 0.6663382067307692 0.5451671177884616 0.6538125528846154 0.5809562524038461 0.6252420889423077 0.6040904591346153 0.6001006923076923 0.6217976153846153 0.5715697596153846 0.6297523028846155 0.5597978822115385 0.6118638293269231 0.5491080504807692 0.6204583990384616 0.5307707043269231 0.6335125288461538 0.5434115072115385 0.6399077692307693 0.5505474182692308 0.627692420673077 0.57638378125 0.637760295673077 0.6034209326923077 0.628772608173077 0.6325870336538462 0.6126789158653846 0.6643237259615385 0.5819861826923077 0.6806657932692308 0.5394780288461538 0.6883924423076924 0.5046594206730769 0.6966997139423078 0.4679028076923077 0.7044809182692308 0.42688315865384613 0.6903865384615385 0.41674673076923074 0.678426502403846 0.4416193173076923
10 0.6615188100961539 0.4950440432692308 0.6285813365384616 0.5447923125 0.6079214254807692 0.5655984567307693 0.59504821875 0.5875000913461539 0.5693958918269231 0.60992278125 0.5504778557692307 0.6249149086538461 0.5466070240384615 0.637834954326923 0.5557395552884615 0.6401469735576922 0.5639767259615385 0.6280108533653846 0.5853561298076924 0.6108216610576923 0.6008299423076923 0.5922780721153846 0.61741046875 0.5760594471153846 0.640918954326923 0.5517642836538461 0.6751566754807693 0.503694985576923 0.677364701923077 0.4662299014423077 0.6691460096153846 0.43949085096153845 0.6559252475961539 0.44750498557692303 0.6601040913461538 0.46365199759615383 0.6615188100961539 0.4950440432692308
10 0.7012627740384616 0.6753761322115385 0.6996545096153847 0.6446301177884616 0.7020015312500001 0.6127200336538462 0.7062295432692308 0.5805509711538461 0.6966955913461538 0.5431544350961539 0.67789615625 0.5126079735576923 0.6643523677884615 0.48257650721153844 0.6523719471153846 0.45635546875 0.6169225432692307 0.4392501875 0.5857760504807692 0.4348683389423077 0.5595525985576922 0.42609248557692303 0.5270758365384615 0.40207460576923076 0.5166387836538461 0.4094556466346154 0.5580737644230769 0.43403801201923076 0.5870913100961539 0.44552585096153846 0.61681359375 0.45165217548076925 0.6502579879807692 0.47244007451923076 0.6573004278846154 0.49407656250000004 0.6677175144230769 0.516487048076923 0.6847055144230769 0.5500700120192308 0.6940309134615384 0.5791340240384616 0.690329108173077 0.6155661033653845 0.6855055865384615 0.6406946778846153 0.6924389230769231 0.6747332091346153 0.7012627740384616 0.6753761322115385
10 0.6737909903846154 0.4239868605769231 0.6416223028846153 0.4290360552884615 0.6372648052884615 0.42251352403846154 0.6240985985576923 0.42432661778846154 0.6368381995192307 0.43898501923076927 0.6592700120192307 0.4303218990384616 0.6789375528846153 0.43690383894230767 0.7005009855769231 0.4522052355769231 0.711389733173077 0.4850797524038461 0.7079510240384616 0.5236433677884615 0.6910433485576923 0.5770680432692308 0.6761651658653847 0.602652170673077 0.66286534375 0.6410253221153847 0.6379721682692308 0.6518854903846154 0.6052227307692308 0.65887265625 0.586240548076923 0.6436913750000001 0.5849049879807692 0.6514512548076923 0.6064685552884616 0.6667526850961539 0.6469350096153845 0.6580834375000001 0.6721458317307692 0.6431537884615385 0.6826665096153846 0.6110471538461538 0.7001302980769231 0.5798425 0.71529596875 0.5322318245192308 0.7188042451923077 0.49644571394230774 0.7179007115384616 0.4603381947115385 0.7024909447115385 0.43954421875 0.6737909903846154 0.4239868605769231
10 0.636793266826923 0.41204954326923077 0.5941924158653846 0.38570971875 0.5571701105769231 0.3979304375 0.5212396201923076 0.40349765625 0.5298153942307692 0.41098756009615384 0.5556217932692308 0.40309840384615386 0.5912892932692307 0.3953997548076923 0.6268081850961539 0.41528257211538466 0.6538358341346153 0.4394314423076923 0.6758013533653846 0.4624193990384615 0.6966601778846153 0.48308234134615385 0.7076729110576923 0.5125333149038462 0.7173308461538461 0.5465063365384615 0.7145421971153846 0.5859094182692307 0.7165376682692308 0.6153634903846154 0.7024486682692307 0.6473421201923077 0.6713171201923077 0.6519387980769231 0.6549301418269231 0.66751140625 0.6764786875000001 0.6738343173076923 0.6726869254807692 0.6563953076923077 0.6993520096153846 0.6576781346153846 0.7156694182692308 0.6393280360576923 0.7283340745192307 0.6090938774038461 0.7286066826923077 0.5780888173076923 0.7228891322115385 0.5339733052884615 0.7171169158653845 0.4960587283653846 0.697736985576923 0.4674502980769231 0.6733643918269231 0.44045833173076926 0.636793266826923 0.41204954326923077
10 0.7676680504807692 0.504891 0.7859112548076923 0.5132173798076923 0.7722093341346153 0.5439040240384615 0.747331170673077 0.56374271875 0.7213762067307693 0.5992134350961538 0.7147412475961539 0.6273785144230769 0.7097390649038461 0.6621315817307691 0.6980816586538462 0.6739561802884615 0.679257701923077 0.6675677740384616 0.6829703942307692 0.6745035817307692 0.7087318317307693 0.6805411009615384 0.7197937211538462 0.6616760384615384 0.7236345240384616 0.6307989591346155 0.7374605552884616 0.5966888245192308 0.7544131466346153 0.5701996730769231 0.7843384038461539 0.5425434447115385 0.7983728509615384 0.5167658341346154 0.7697970120192307 0.4977849567307692 0.7298566346153846 0.5107172067307693 0.7354446850961539 0.5161411778846154 0.7676680504807692 0.504891
10 0.7740656850961538 0.5678030432692307 0.7614010312499999 0.598037201923077 0.7469794975961539 0.6251068221153846 0.7354759687500001 0.651464923076923 0.7274167908653847 0.6813745120192307 0.7377311105769231 0.6836119062499999 0.7428755913461539 0.6538523942307692 0.7554312764423077 0.6360202980769232 0.7688155408653846 0.6094031634615384 0.7823239158653846 0.5793625336538462 0.7860407379807692 0.5519089735576923 0.7953852860576922 0.5146998509615385 0.7728541394230769 0.50262846875 0.7714448052884616 0.5133514783653846 0.781638454326923 0.5184509471153846 0.778045610576923 0.5424809927884615 0.7740656850961538 0.5678030432692307
10 0.8138275360576923 0.5644953293269231 0.8237335600961538 0.5916213413461539 0.8122301658653845 0.6179794447115385 0.8010592980769231 0.6492465841346153 0.7825583725961539 0.6809037475961539 0.7665734975961538 0.7041628509615384 0.768052264423077 0.6962173365384616 0.7526524110576923 0.6827203918269231 0.7470843389423076 0.6879564230769231 0.7565733870192308 0.6984173894230769 0.766201298076923 0.7144333485576924 0.7838190889423077 0.6977622403846154 0.7986427187499999 0.6783791394230769 0.8155107331730769 0.6401339663461538 0.8331380264423077 0.5903262860576923 0.8227059254807692 0.5589372860576923 0.7952761899038462 0.5271018581730769 0.7976287139423076 0.5373068870192308 0.8138275360576923 0.5644953293269231
8 0.25390540865384614 0.6501642908653846 0.23589716826923077 0.7159158990384615 0.23651290384615387 0.7200688485576923 0.24172696875 0.72411171875 0.24482477644230768 0.7284456971153846 0.24896458413461536 0.7304304375 0.25228308653846154 0.73572090625 0.24739453125 0.736799704326923 0.2423316298076923 0.7356385384615384 0.24043607211538462 0.7368861346153845 0.2406134423076923 0.7408091346153847 0.23874710817307693 0.7447810576923076 0.23987377163461537 0.7489217740384616 0.2364252860576923 0.7525308365384615 0.24064369951923076 0.7576394615384616 0.23675684615384615 0.7610185697115385 0.24452251201923078 0.7633172548076923 0.25055485336538463 0.7623713701923076 0.2553013173076923 0.7634599639423078 0.2589856322115385 0.7692225625 0.26404853125 0.7703837283653846 0.26898646634615386 0.7697044855769231 0.2788945889423077 0.7727533629807692 0.2948612596153846 0.7758976490384615 0.3452262091346154 0.7895193389423076 0.4538870432692308 0.8162522668269231 0.5273051129807692 0.8364552572115385 0.5633782572115384 0.8447285721153845 0.5663248990384615 0.8461808413461539 0.6029583485576923 0.8548414855769231 0.6689997427884615 0.8725761802884615 0.7299983870192308 0.8868249399038461 0.7370525817307693 0.88585459375 0.7421678870192309 0.8890983509615384 0.7497823846153846 0.888515329326923 0.7531119615384616 0.8864319278846153 0.7581486538461538 0.8865518004807692 0.7601167692307692 0.8850620240384616 0.7604735048076924 0.8804850576923078 0.7654920456730768 0.8705067307692308 0.7663042692307692 0.8621519086538462 0.7781633197115384 0.8270838437499999 0.7796749134615385 0.8152659182692308 0.7875695264423077 0.7945590793269232 0.7931503677884616 0.7725451129807692 0.8049570120192308 0.7353944567307693 0.8045387932692307 0.7328397379807693 0.8001057331730769 0.7301406826923077 0.8055193125 0.7233588149038461 0.8031269254807692 0.7189278052884615 0.80609371875 0.7180553076923076 0.8080850096153847 0.7159237932692307 0.8053530168269231 0.7120619471153845 0.7964667427884616 0.7089886105769231 0.7906258677884614 0.70816665625 0.7838216033653846 0.7128178245192308 0.7808749639423076 0.7113655528846153 0.7780039038461539 0.7113541346153845 0.771954439903846 0.7163078221153847 0.7613670985576924 0.7143972740384614 0.7573955817307693 0.7112864326923076 0.7549215600961539 0.7020485048076923 0.7501488894230769 0.6999186153846153 0.7463718677884615 0.6967229711538461 0.7310118581730769 0.6926825360576923 0.7200355264423077 0.6909415985576923 0.7105889495192308 0.6874809326923077 0.7061125576923076 0.6877483870192307 0.6936729879807693 0.6841189278846154 0.6798487788461538 0.6817248317307693 0.6527546129807693 0.6739579038461538 0.6302154471153846 0.6690474062499999 0.618705016826923 0.6679604350961538 0.6144059975961539 0.6721508870192309 0.6111429254807692 0.6706260432692308 0.6099961129807693 0.6688100985576924 0.6072731947115385 0.6699973485576923 0.60357478125 0.6699255889423077 0.5967322067307692 0.6668033269230769 0.590859079326923 0.661574014423077 0.5882550721153846 0.6612356129807692 0.584899295673077 0.6622777211538462 0.58414146875 0.6602921658653845 0.5805619663461539 0.6586947475961539 0.5644239807692307 0.6549935264423077 0.5520307620192308 0.6500805913461538 0.5449241634615385 0.6489683461538461 0.5413446610576923 0.6473709302884616 0.5362354086538461 0.6474932403846154 0.5211918293269231 0.6435253774038461 0.5159374639423077 0.644132048076923 0.510459375 0.6420991923076923 0.49775577884615385 0.6404797524038461 0.49118328125 0.6387135384615384 0.4860679783653846 0.6354697788461539 0.48061609134615385 0.6344782211538462 0.47155850240384617 0.6308479495192307 0.46722722596153843 0.6306310408653846 0.4506740480769231 0.6260581346153846 0.4453934807692308 0.6256235096153847 0.39330125961538465 0.6121233173076923 0.3864385336538462 0.6113258269230769 0.3724168052884615 0.6073335024038461 0.35486797836538464 0.6038263509615385 0.3086660120192307 0.5915476706730769 0.28792969951923075 0.5879565264423077 0.2842081105769231 0.5885265048076923 0.2795785576923077 0.5983352211538462 0.2789053942307692 0.6028396177884615 0.2758196923076923 0.6052377716346153 0.27476359134615386 0.6132778413461538 0.2702852067307692 0.625968264423077 0.2707528052884615 0.6289225408653846 0.2664195360576923 0.6411286033653846 0.26983377403846154 0.6455351514423077 0.25390540865384614 0.6501642908653846
3 0.3090802524038461 0.38935879326923073 0.23643986057692307 0.6411115817307693 0.7627775985576922 0.7619755048076923 0.8324075240384615 0.5024791201923077 0.3090802524038461 0.38935879326923073
1 0.38671502884615383 0.13624847596153847 0.3206155432692308 0.3834782740384615 0.7286996634615384 0.4694362235576923 0.8038086706730769 0.2277658701923077 0.38671502884615383 0.13624847596153847
6 0.40165990625 0.2910128485576923 0.46671700961538465 0.2845315360576923 0.5270991057692307 0.2755971826923077 0.6065532451923077 0.2662042283653846 0.6579330432692309 0.26625142548076924 0.6599674423076922 0.26666984375 0.648571610576923 0.2567168918269231 0.6105631442307693 0.25883917067307693 0.5409005528846154 0.26564508653846153 0.4402999639423077 0.27640163942307694 0.36460761778846157 0.28527659615384615 0.28958041826923075 0.30396952884615386 0.2608858389423077 0.33052725 0.27641001682692307 0.3810342572115385 0.3017411826923077 0.4231491033653846 0.3076709951923077 0.4151291298076923 0.28589899759615384 0.3914952307692308 0.27090089903846154 0.3452512139423077 0.29005194951923075 0.31443353365384613 0.3406971033653846 0.3018852403846154 0.40165990625 0.2910128485576923
6 0.870029608173077 0.4370945769230769 0.8566044182692308 0.3615245360576923 0.8255220480769231 0.3178051153846154 0.7783322788461539 0.29273271875 0.7723917788461538 0.29989400721153847 0.7627941802884616 0.2943265408653846 0.7389859302884615 0.32074111778846154 0.7040284663461538 0.36519336538461544 0.6852944639423076 0.4126760576923077 0.7018014326923077 0.4689315865384615 0.7364766538461538 0.48862093509615384 0.7878713942307692 0.4976466610576923 0.8320151394230769 0.47670337259615386 0.870029608173077 0.4370945769230769
0 0.6629064495192308 0.33090801682692306 0.6448961899038461 0.30675607932692306 0.5734318028846154 0.28346193509615386 0.5216895120192308 0.2605486875 0.4766421201923077 0.24538437740384617 0.40167897115384615 0.22473975240384617 0.33495904326923076 0.2066760721153846 0.2746464326923077 0.21838796634615384 0.26136157692307693 0.26573956971153845 0.27799244471153844 0.31857161298076925 0.3119384783653846 0.36778052403846156 0.3349945192307692 0.38111199038461535 0.3443307331730769 0.3800423725961538 0.35313710576923074 0.37707712980769226 0.3587980504807692 0.3806282403846154 0.3874672355769231 0.3775086298076923 0.46028103365384615 0.35416569471153847 0.5100279206730769 0.3476248870192308 0.5676310024038462 0.34495707451923074 0.6315813533653846 0.33615071394230767 0.6629064495192308 0.33090801682692306
0 0.7971995360576922 0.33409231009615387 0.8265142740384616 0.2904170528846154 0.8437544855769231 0.24190138461538463 0.8343445048076923 0.20108135096153848 0.8014657043269231 0.16937697836538462 0.741371233173077 0.1562847908653846 0.67232875 0.14597310576923078 0.6154303365384616 0.14327941346153847 0.6183634086538461 0.15154644951923077 0.6788995889423077 0.1571455985576923 0.7192570697115385 0.16087842548076925 0.7940812307692308 0.17596802884615384 0.8224635288461539 0.19559489663461538 0.8255807259615384 0.2363524495192308 0.8168318149038462 0.2806021105769231 0.7882367091346154 0.32789431490384613 0.7304455985576923 0.3733232043269231 0.6723763485576922 0.40764214182692304 0.6157014399038462 0.42225947355769233 0.5344359278846154 0.43468894711538464 0.46715032932692313 0.42754177403846155 0.40036089903846156 0.4067006105769231 0.3587980504807692 0.3806282403846154 0.34459377403846153 0.3821738677884615 0.33923587019230766 0.38356442548076924 0.3910954254807692 0.4135506634615385 0.46125956250000005 0.4351658365384615 0.5291257956730769 0.4403749831730769 0.5863417331730769 0.43899914423076924 0.6594881298076923 0.4205652307692308 0.70765671875 0.4012354158653846 0.7536664423076923 0.37105463221153845 0.7971995360576922 0.33409231009615387