13 0.8856076989619378 0.4743425605536332 0.15178633217993082 0.08438004613610153
13 0.7405968858131488 0.7029382929642445 0.04236807958477506 0.03828431372549032
1 0.8789641003460208 0.678719723183391 0.24206963667820067 0.2842877739331026
9 0.6164165224913495 0.6707208765859285 0.18602292387543254 0.061724336793541064
5 0.5955168685121107 0.5479209919261823 0.17931877162629759 0.18702710495963087
15 0.5928784602076124 0.34538062283737025 0.06105752595155708 0.07981545559400235
15 0.46748269896193767 0.6160121107266435 0.055921280276816594 0.0972433679354094
12 0.3320307093425605 0.6746914648212226 0.037519463667820024 0.06510092272203011
3 0.28245891003460205 0.6325634371395618 0.03680579584775088 0.12578431372549026
2 0.22197231833910036 0.7067416378316033 0.10499567474048443 0.08925605536332179
7 0.22646626297577857 0.7545905420991926 0.2004303633217993 0.2260380622837369
14 0.1703308823529412 0.5599019607843138 0.206280276816609 0.21441753171856975
4 0.3671128892733564 0.47409457900807384 0.04011894463667815 0.09900230680507502
4 0.3451730103806228 0.5760467128027682 0.11181012110726649 0.13513552479815452