13 0.810448313148789 0.47414850057670127 0.9526624134948096 0.5142667243367935 0.9622084775086506 0.46860380622837366 0.8143646193771626 0.43488264129181087 0.810448313148789 0.47414850057670127
1 0.7668784602076124 0.7172618223760092 0.7683471020761246 0.7270467128027682 0.9494803200692041 0.8167413494809688 0.9575577422145329 0.81315369088812 0.9644115484429067 0.7984763552479816 0.9712651384083045 0.7808636101499423 0.9817904411764706 0.7531395617070358 0.987665008650519 0.7348745674740484 0.9997837370242214 0.6118806228373702 0.9947634083044983 0.6004651095732411 0.9827696799307959 0.5929633794694348 0.9636771193771626 0.5890493079584775 0.9448295847750865 0.5870922722029989 0.9296535467128028 0.583830738177624 0.9245131920415224 0.5753506343713957 0.9147223183391004 0.5623039215686274 0.9063998702422146 0.5544760668973472 0.892692474048443 0.5482791234140715 0.8772718425605537 0.5453434256055363 0.8642986591695502 0.5446911764705883 0.8557316176470587 0.547300461361015 0.8385973183391003 0.557737600922722 0.8339465830449827 0.5554544405997693 0.8212184256055363 0.5505619953863898 0.8111827422145329 0.5502358708189158 0.8045737456747405 0.5557808535178778 0.7960067041522492 0.5619777970011535 0.7933140138408304 0.563608708189158 0.7847469723183391 0.5714365628604383 0.7808306660899654 0.5818737024221453 0.7764247404844291 0.5958987889273357 0.77152919550173 0.6014434832756632 0.7698157439446367 0.6115544982698963 0.7651650086505191 0.6170991926182238 0.7641859861591696 0.6307981545559401 0.76026946366782 0.6337335640138408 0.7580666089965399 0.6526510957324105 0.7590456314878893 0.667980680507497 0.7651650086505191 0.6859195501730103 0.7690815311418685 0.6957044405997693 0.7671232698961937 0.7074463667820069 0.7668784602076124 0.7162528835063438 0.7668784602076124 0.7172618223760092
11 0.731160250865052 0.7145680507497116 0.7410188148788928 0.7206557093425605 0.7490739619377162 0.7216167820069204 0.7543639705882353 0.72049538638985 0.7589327422145329 0.7140873702422145 0.7589327422145329 0.7070383506343714 0.7565281141868513 0.699348615916955 0.7522000432525952 0.6932609573241061 0.7463088235294117 0.6890957324106113 0.7378929498269896 0.686211937716263 0.7310400086505191 0.6849305074971165 0.7253892733564014 0.684770184544406 0.7191375432525952 0.6870129757785468 0.7200992647058824 0.6985989042675894 0.7256297577854671 0.7083200692041522 0.731160250865052 0.7145680507497116
9 0.5305769896193772 0.6955415224913495 0.5373793252595156 0.7000735294117647 0.7054671280276816 0.6912479815455594 0.7083310986159169 0.6828993656286044 0.6857761678200692 0.6406799307958478 0.5246697664359862 0.6471202422145329 0.5217162629757786 0.6502730680507497 0.5305769896193772 0.6955415224913495
15 0.4438553200692042 0.610086216839677 0.4439563148788927 0.6162756632064591 0.445875 0.6243491926182237 0.44890441176470586 0.6316150519031142 0.4514288494809689 0.6368627450980392 0.4514288494809689 0.6396882929642445 0.4511258650519031 0.645070645905421 0.4538522923875432 0.6489726066897348 0.46263754325259515 0.6519328143021914 0.47011007785467135 0.6530095155709343 0.47758261245674744 0.6511257208765858 0.48192474048442907 0.6462817185697808 0.4826314878892734 0.6430521914648212 0.4817227508650519 0.6387465397923875 0.4830354671280277 0.6349789504036909 0.4863676470588235 0.6286548442906575 0.48838732698961934 0.6234071510957324 0.48980103806228376 0.6162756632064591 0.4906089965397924 0.6098171856978085 0.4905080017301038 0.6047038638985005 0.4901040224913495 0.5998598615916955 0.4913157439446367 0.5952851787773933 0.4930324394463668 0.5899028258362168 0.4935371972318339 0.5858662053056517 0.4914167387543253 0.581694925028835 0.4868726211072664 0.5776583044982699 0.48030903979238754 0.5741597462514417 0.47344247404844286 0.5721415801614763 0.46637391868512107 0.5713341983852365 0.45728568339100345 0.5717378892733564 0.45122685986159167 0.5741597462514417 0.44829844290657433 0.5757745098039215 0.4439563148788927 0.5795420991926182 0.44203784602076124 0.5849241637831604 0.4417348615916955 0.5912485582468281 0.44284558823529413 0.5950158592848904 0.4444612889273356 0.5977070357554787 0.4449662629757785 0.5990527681660899 0.4441583044982699 0.6034930795847752 0.4438553200692042 0.610086216839677
12 0.32289770761245673 0.7013990772779701 0.33019744809688584 0.7036686851211073 0.33433412629757786 0.7036686851211073 0.33786245674740484 0.7017234717416378 0.3412690311418685 0.6994535755478661 0.34333737024221456 0.695562860438293 0.3471087802768166 0.6553575547866206 0.347838884083045 0.652439446366782 0.346378892733564 0.6478999423298731 0.34102573529411767 0.6448197808535179 0.3372541089965398 0.6436851211072665 0.332630839100346 0.6430366205305651 0.32727746539792385 0.6435227797001154 0.32241089965397923 0.6457923875432526 0.3180311418685121 0.6483863898500576 0.314746107266436 0.6509803921568628 0.3131643598615917 0.6548711072664359 0.3157195069204152 0.6592595155709342 0.32009926470588235 0.6968598615916956 0.32289770761245673 0.7013990772779701
3 0.266445285467128 0.6121969434832757 0.2635253027681661 0.6287482698961937 0.26425540657439445 0.6543630334486736 0.2969831314878893 0.6914881776239908 0.2969831314878893 0.6585478662053057 0.2969831314878893 0.6520631487889273 0.29661807958477504 0.6439570357554787 0.29540138408304495 0.6264483852364475 0.2930897491349481 0.6189907727797 0.2883449394463668 0.602292675893887 0.2876148356401384 0.5977534602076124 0.2883449394463668 0.59288985005767 0.2876148356401384 0.579433967704729 0.28542495674740487 0.5732736447520185 0.2809234429065744 0.5688961937716263 0.2738667820069204 0.5705175893886967 0.26608023356401383 0.576191753171857 0.2670536332179931 0.5828385236447521 0.266445285467128 0.5922413494809688 0.2677835207612457 0.5971049596309113 0.2691219723183391 0.6040761245674741 0.266445285467128 0.6121969434832757
14 0.0739666955017301 0.6843933102652826 0.07754087370242214 0.6915374855824683 0.08151211072664359 0.6933895617070358 0.2635990484429066 0.6288411188004613 0.26538624567474045 0.6187863321799308 0.26677616782006924 0.6092612456747405 0.2677690311418685 0.6026461937716262 0.2677690311418685 0.5936502306805075 0.2665776384083045 0.5859769319492503 0.26518771626297577 0.5788330449826989 0.2685633650519031 0.5716888696655132 0.2761087802768166 0.5687785467128027 0.28067603806228375 0.5682494232987313 0.28762586505190313 0.5711597462514417 0.2868315311418685 0.4578647635524798 0.2864344723183391 0.44595818915801616 0.2846472750865052 0.4427828719723183 0.06622253460207612 0.47426960784313726 0.062052551903114185 0.47585697808535177 0.058081098615916954 0.4861761822376009 0.0739666955017301 0.6843933102652826
4 0.288411115916955 0.606080738177624 0.2912653546712803 0.6123558246828144 0.29112262110726644 0.6203425605536332 0.29340592560553636 0.6273783160322953 0.29369139273356404 0.6338437139561707 0.2952610294117647 0.640689446366782 0.2965454152249135 0.6467745098039216 0.2965454152249135 0.653239907727797 0.39943728373702425 0.6153627450980392 0.4002934688581315 0.5071632064590542 0.2872694636678201 0.5349616493656286 0.288411115916955 0.606080738177624
4 0.34891890138408305 0.5190896770472895 0.3820270328719723 0.5114832756632065 0.3827404844290657 0.5057785467128028 0.38245523356401384 0.4255320069204152 0.3688979238754326 0.42667301038062283 0.3640460640138408 0.42363062283737024 0.36090635813148786 0.4285746828143022 0.34763473183391 0.4319974048442906 0.3484909169550173 0.5189783737024222 0.34891890138408305 0.5190896770472895
5 0.5093127162629758 0.6014232987312572 0.570975562283737 0.5997165513264129 0.5706096453287197 0.6048367935409458 0.5470056228373702 0.6075187427912342 0.5473717560553634 0.6138581314878893 0.5501163494809688 0.6294622260668973 0.5585330882352941 0.6384832756632065 0.6269660467128028 0.6397024221453287 0.6304426903114186 0.6362889273356401 0.6351085640138409 0.6350668973471741 0.6318148788927336 0.6206816608996539 0.622666089965398 0.6050775663206459 0.6098579152249135 0.6038584198385236 0.6060153546712803 0.6038584198385236 0.6060153546712803 0.5989821222606689 0.678839749134948 0.5982505767012688 0.681675821799308 0.45668021914648216 0.5083064446366782 0.4575611303344867 0.5093127162629758 0.6014232987312572
15 0.5694870242214533 0.35962139561707035 0.5672352941176471 0.36026441753171856 0.5616055363321799 0.36519405997693194 0.5633747837370242 0.3688376585928489 0.5672352941176471 0.37140974625144174 0.569969723183391 0.3750533448673587 0.5749558823529411 0.37741118800461365 0.5833200692041522 0.3791257208765859 0.5924885380622837 0.3791257208765859 0.6039089532871972 0.37826845444059976 0.6092169117647058 0.37655363321799307 0.6137205882352941 0.3733388119953864 0.6188678633217993 0.3705524798154556 0.6172592993079584 0.36648010380622836 0.6142032871972318 0.36305074971164936 0.614846669550173 0.3587641291810842 0.617581098615917 0.34890484429065743 0.6191896626297577 0.34011735870818915 0.6211198096885813 0.3240423875432526 0.6216022923875433 0.31268281430219147 0.6188678633217993 0.31075374855824683 0.6127556228373703 0.30925346020761246 0.6031046712802768 0.30668137254901956 0.5912017733564014 0.30603835063437135 0.5828375865051904 0.30603835063437135 0.5710955882352942 0.30668137254901956 0.5691654411764706 0.30968194925028836 0.5686829584775087 0.31975576701268743 0.5686829584775087 0.3302580738177624 0.5698088235294118 0.3480475778546713 0.5712564878892733 0.358121107266436 0.5694870242214533 0.35962139561707035
7 0.12243166089965399 0.7036782006920416 0.1336734429065744 0.7205305651672435 0.13824048442906575 0.7303610149942329 0.12805255190311418 0.7345741061130335 0.1269987024221453 0.7603209342560554 0.19831466262975778 0.8693933102652825 0.3254889705882353 0.7967906574394463 0.3254889705882353 0.7799382929642446 0.31811137543252593 0.7598091118800462 0.3226784169550173 0.7584045559400231 0.32478633217993075 0.744361014994233 0.3191652249134948 0.7144010957324106 0.24960596885813152 0.6371611880046136 0.24293101211072665 0.6334160899653979 0.23941782006920415 0.6451190888119954 0.13683520761245674 0.680696366782007 0.13297102076124567 0.6746107266435987 0.12805255190311418 0.6760152825836216 0.12436375432525952 0.6888021914648212 0.12243166089965399 0.7036782006920416
2 0.1877753027681661 0.7439365628604383 0.19480147058823527 0.7593846597462514 0.2713871107266436 0.7322335640138409 0.2706844723183391 0.7200625720876587 0.23871518166089964 0.6596747404844291 0.16494009515570934 0.6845865051903115 0.1877753027681661 0.7439365628604383
14 0.1786412197231834 0.7397234717416378 0.19936851211072665 0.7804501153402538 0.21096172145328718 0.7673428489042676 0.2404718858131488 0.7738964821222607 0.26225302768166087 0.7678108419838524 0.30581552768166087 0.7509584775086505 0.30827465397923876 0.7331698385236447 0.2608477508650519 0.6662283737024222 0.24539013840830448 0.6587384659746252 0.27033326124567475 0.73270184544406 0.1905858564013841 0.7523627450980392 0.16494009515570934 0.6924431949250288 0.14860423875432524 0.697936274509804 0.1786412197231834 0.7397234717416378
2 0.300545847750865 0.7739403114186851 0.2984379325259516 0.7645778546712803 0.201125 0.8038999423298732 0.2158801903114187 0.8263699538638986 0.300545847750865 0.7739403114186851
14 0.20042236159169552 0.8511802191464821 0.25979390138408304 0.8156029411764706 0.30686937716262974 0.7940694925028835 0.3100311418685121 0.7627053056516724 0.3065181660899654 0.7589602076124567 0.30897729238754323 0.7730040369088811 0.21374562153979237 0.8219167696078431 0.19480147058823527 0.8015594002306805 0.19791231898788927 0.8146855824682815 0.18637002595155708 0.8034319492502884 0.19866587370242214 0.8184117647058824 0.20042236159169552 0.8511802191464821