13 0.8882547577854671 0.4716089965397924 0.1565397923875433 0.0828056516724337
1 0.8791414359861592 0.6785294117647058 0.24171496539792378 0.28218569780853514
11 0.7410510380622837 0.7041061130334487 0.04308391003460213 0.04611014994232983
9 0.615867214532872 0.6698068050749711 0.19196366782006927 0.06750865051903111
15 0.46973832179930797 0.6131574394463667 0.0533758650519032 0.09782295271049596
15 0.5939662629757786 0.34429642445213376 0.06630190311418684 0.09051614763552476
4 0.3690895328719723 0.4674452133794694 0.044519896193771655 0.10320357554786616
12 0.3353395328719723 0.6731199538638986 0.03733996539792384 0.06647347174163776
3 0.28459558823529413 0.6314734717416378 0.036381920415224915 0.12679930795847744
2 0.22080666089965398 0.7075720876585929 0.10124783737024223 0.10090830449826985
7 0.23026167820069204 0.752257785467128 0.19627378892733569 0.23241061130334487
14 0.1697037197231834 0.556652249134948 0.20728373702422145 0.19162053056516717
14 0.3480255190311419 0.5753287197231834 0.1158499134948097 0.12365051903114191