1 0.7741461937716263 0.7271525374855824 0.7884303633217994 0.7372289504036909 0.8172787629757786 0.7536502306805075 0.8690938581314879 0.7805213379469434 0.9503176903114188 0.8178422722029989 0.9547990916955017 0.8167228950403691 0.9620810986159168 0.8100049019607843 0.9671226211072665 0.8003016147635524 0.9730043252595155 0.7891052479815456 0.977765787197232 0.7786554209919262 0.9828070934256056 0.7648465974625144 0.9867283737024221 0.7484253171856978 0.9931701989619377 0.7241666666666666 0.9973713235294118 0.7047598039215687 0.9990519031141869 0.6058592848904267 0.9956909602076124 0.5987681660899653 0.9853278546712803 0.592050461361015 0.9752450259515572 0.5898111303344867 0.967962802768166 0.5879452133794694 0.9531185121107267 0.5860790080738177 0.9424753460207613 0.5857058823529412 0.930711937716263 0.5830934256055363 0.9267908737024221 0.5741363898500577 0.9209089532871974 0.5644328143021915 0.9130668252595155 0.557715109573241 0.9032638408304499 0.5509974048442906 0.8954217128027683 0.5472652825836216 0.8867391868512111 0.5435331603229527 0.8738553200692041 0.5435331603229527 0.8651727941176471 0.5439062860438293 0.8550897491349481 0.5480115340253748 0.8494881055363321 0.5517436562860438 0.8419260380622837 0.5554757785467128 0.8346438148788927 0.552863321799308 0.8276418685121107 0.5495046136101499 0.8186792820069204 0.5476384083044983 0.8113970588235294 0.5487580738177624 0.8069156574394464 0.5521170703575548 0.8013142301038062 0.5599544405997693 0.7954323096885814 0.5607006920415225 0.7884303633217994 0.5659256055363322 0.7845092993079584 0.5771219723183392 0.7819885380622837 0.5875717993079584 0.7780672577854671 0.5961557093425605 0.7716254325259516 0.5998878316032296 0.7710653114186851 0.6095914071510957 0.7660237889273357 0.6174287773933103 0.7677043685121107 0.6282517301038062 0.7643434256055364 0.6316107266435986 0.7593019031141869 0.6431802191464822 0.7593019031141869 0.6569890426758939 0.7618226643598616 0.6734103229527105 0.7626628460207612 0.6797549019607843 0.7696647923875433 0.6909509803921569 0.7693847318339101 0.6976689734717416 0.7693847318339101 0.7096115916955017 0.7696647923875433 0.7215542099192618 0.7741461937716263 0.7271525374855824
11 0.7307335640138408 0.7144633794694348 0.740816392733564 0.7230470011534026 0.7472584342560553 0.7249132064590541 0.753700259515571 0.7249132064590541 0.7573412629757785 0.7211810841983852 0.7615426038062284 0.7144633794694348 0.7618226643598616 0.7069991349480969 0.7604221453287198 0.6991617647058824 0.7534201989619377 0.6913243944636678 0.7469781574394464 0.6868457324106114 0.7394160899653979 0.6846064013840831 0.7326939878892733 0.6838601499423299 0.7256920415224913 0.6838601499423299 0.7220510380622838 0.6846064013840831 0.7206505190311419 0.6890850634371395 0.7220510380622838 0.6965493079584775 0.7217709775086505 0.6999080161476355 0.7262521626297578 0.7073722606689734 0.7307335640138408 0.7144633794694348
9 0.5317352941176471 0.6870118223760092 0.5331358131487889 0.6955957324106113 0.5406978806228373 0.7008206459054209 0.7090272491349481 0.6907439446366782 0.7104275519031141 0.6821600346020762 0.6950231401384083 0.6556620530565167 0.6885810986159169 0.6433463091118801 0.6826993944636679 0.6407338523644752 0.5348161764705882 0.6455853517877739 0.5264137110726644 0.6463318915801615 0.5216524653979239 0.6530495963091119 0.5317352941176471 0.6870118223760092
5 0.5560054065743945 0.6361167820069203 0.559398356401384 0.6410493079584776 0.6337381055363323 0.6369388696655133 0.6362058823529412 0.6336508073817763 0.6358974913494809 0.6217309688581315 0.6269519896193771 0.6098111303344866 0.6210910467128028 0.6048786043829296 0.6075188148788927 0.6061118800461361 0.6075188148788927 0.5987133794694349 0.6821669550173011 0.6007684544405998 0.6834007352941177 0.45608650519031146 0.508501946366782 0.45858217993079586 0.5103527249134948 0.6007684544405998 0.556283071366782 0.6020175265282584 0.5476769031141868 0.6065227797001153 0.5495276816608997 0.6254302191464822 0.5560054065743945 0.6361167820069203
15 0.4447902249134948 0.6018269896193772 0.4449310121107266 0.6089553056516724 0.4456349480968858 0.6153333333333334 0.4466204584775086 0.6200230680507497 0.4480281141868512 0.6273388119953863 0.44929519896193776 0.6316534025374856 0.45140679065743944 0.6354051326412918 0.452673875432526 0.6384065743944637 0.4525330882352941 0.6427211649365628 0.4528146626297578 0.6455348904267589 0.45450389273356406 0.6479734717416379 0.45661570069204155 0.6492866205305652 0.4612614619377163 0.6515377739331026 0.4668925173010381 0.6524757785467128 0.4715382785467128 0.6528509227220299 0.4756208910034602 0.6524757785467128 0.47899956747404837 0.650037197231834 0.48167430795847754 0.6475983275663206 0.4833635380622837 0.643659169550173 0.4833635380622837 0.6410328719723183 0.4835043252595156 0.6380314302191465 0.4861792820069204 0.633904555940023 0.4885724480968858 0.629402249134948 0.48969874567474053 0.6262133794694349 0.4913879757785467 0.6211485005767012 0.4919511245674741 0.6185222029988465 0.4920919117647059 0.6160836216839677 0.49223269896193766 0.6125196078431372 0.49223269896193766 0.6089553056516724 0.49223269896193766 0.6057664359861591 0.49181033737024216 0.6008889850057669 0.4915287629757786 0.5986378316032296 0.4930774221453287 0.5965743944636679 0.49434429065743946 0.5941358131487889 0.4947666522491349 0.5913220876585928 0.49504822664359865 0.5873826412918108 0.49392192906574395 0.5840060553633218 0.4885724480968858 0.5796914648212226 0.4849121972318339 0.5766900230680507 0.48068879757785465 0.5750017301038062 0.47449459342560557 0.5744391580161476 0.46914489619377164 0.5740640138408305 0.46421777681660903 0.5735011534025375 0.4574604238754325 0.5731260092272203 0.4529554498269896 0.5742514417531718 0.44929519896193776 0.5766900230680507 0.4456349480968858 0.5795040369088812 0.44338256920415225 0.5826929065743944 0.4421154844290658 0.5871952133794694 0.4421154844290658 0.5903840830449827 0.44253784602076124 0.592260092272203 0.44436786332179934 0.5973249711649367 0.4447902249134948 0.6018269896193772
12 0.32224243079584775 0.7003445790080738 0.32308715397923876 0.7027834486735871 0.32660661764705884 0.7050343137254903 0.33068923010380624 0.7063474625144175 0.33547556228373704 0.7063474625144175 0.33955817474048444 0.7044717416378317 0.3420921280276817 0.7022205882352941 0.3446262975778547 0.6995942906574395 0.34856812283737026 0.6594504036908881 0.351524437716263 0.6556986735870819 0.35138365051903114 0.6521346597462515 0.3480049740484429 0.647444925028835 0.3463155276816609 0.6465069204152248 0.34223291522491345 0.6444434832756631 0.34012132352941177 0.6442557670126874 0.3373057958477509 0.6442557670126874 0.33153373702422145 0.6450063437139562 0.3289997837370242 0.6455689158016148 0.3240724480968858 0.6470697808535179 0.32139770761245673 0.6480074971164936 0.3187229671280277 0.650446366782007 0.316751946366782 0.6545732410611304 0.3170335207612457 0.6575746828143022 0.32224243079584775 0.7003445790080738
3 0.2665832612456748 0.6574997116493656 0.29950865051903114 0.6951098615916955 0.2980304930795848 0.6490980392156863 0.2976081314878893 0.6384057093425606 0.2956371107266436 0.6245239331026529 0.28986526816609 0.602576124567474 0.2900060553633218 0.5963858131487889 0.2901468425605536 0.5873814878892734 0.2888797577854671 0.5736877162629758 0.28381185121107266 0.5714365628604383 0.2760689878892733 0.5718117070357555 0.2697339965397924 0.5748131487889273 0.2680445501730104 0.5922941176470589 0.27100086505190313 0.6042995963091118 0.265651384083045 0.6249342560553633 0.2660737456747405 0.647444925028835 0.2665832612456748 0.6574997116493656
7 0.1348992214532872 0.7227301038062284 0.13601751730103806 0.7342791234140715 0.13210337370242214 0.7361418685121107 0.13210337370242214 0.7629651095732412 0.20199935121107265 0.8687684544405998 0.32781206747404845 0.7953419838523645 0.3269733996539792 0.7815576701268743 0.3211020761245675 0.7588324682814301 0.32585510380622834 0.7573422722029989 0.3250162197231834 0.7383422722029989 0.31746756055363323 0.7144994232987313 0.2484102508650519 0.6344019607843138 0.2450553633217993 0.6362647058823528 0.24533477508650522 0.6429705882352942 0.1374154411764706 0.6846957900807382 0.13098507785467128 0.677989907727797 0.12735056228373703 0.6824604959630911 0.12874826989619376 0.710401384083045 0.1348992214532872 0.7227301038062284
2 0.19118166089965397 0.7488281430219147 0.19133693771626298 0.753378892733564 0.19506293252595155 0.759378027681661 0.2733053633217993 0.7380712226066897 0.2729948096885813 0.7217292387543253 0.24116998269896195 0.6627736447520184 0.1696029411764706 0.6824253171856978 0.1675847750865052 0.6867696078431372 0.16789532871972318 0.6965236447520184 0.19118166089965397 0.7488281430219147
14 0.21648637543252597 0.7734446366782007 0.22657720588235294 0.775927047289504 0.2399279844290657 0.7728241061130334 0.2532789792387543 0.775927047289504 0.28168836505190314 0.7620671856978086 0.2996965830449827 0.7500692041522491 0.3122711937716263 0.7467595155709343 0.3142895761245675 0.738691753171857 0.24505103806228373 0.6629803921568627 0.2427225346020761 0.6662900807381776 0.27547880622837373 0.7376574394463667 0.19513701319204152 0.7594802987312572 0.19521799307958476 0.7595847750865051 0.19801254325259515 0.7815121107266436 0.20794809688581314 0.7786162053056517 0.21648637543252597 0.7734446366782007
14 0.15043036332179932 0.7018019031141869 0.19417572166955016 0.7582400862168397 0.1674294982698962 0.6958713956170705 0.15043036332179932 0.7018019031141869
2 0.19909904844290657 0.8051525374855824 0.21617582179930794 0.825838523644752 0.3012491349480969 0.7722615340253749 0.2979889705882353 0.7652280853517878 0.19886634948096885 0.8045726643598615 0.19909904844290657 0.8051525374855824
14 0.20057396193771626 0.8192102076124568 0.20461029411764706 0.842999134948097 0.20476557093425607 0.8494120530565167 0.3024132785467128 0.7985239331026528 0.3062945501730104 0.7935594002306805 0.3098650519031142 0.7780446943483276 0.3078468858131488 0.7674948096885813 0.30318966262975783 0.7691496539792387 0.3021029411764706 0.7728731257208766 0.21625346020761246 0.8264504036908882 0.19638235294117648 0.8049365628604382 0.19296712802768165 0.8070051903114187 0.20057396193771626 0.8192102076124568
14 0.06033412629757786 0.48783506343713956 0.077625 0.6893140138408305 0.08829390138408305 0.6956868512110727 0.267088884083045 0.631468281430219 0.2681926903114187 0.6265663206459053 0.2681926903114187 0.6172520184544407 0.268560553633218 0.6025455594002307 0.267088884083045 0.5971534025374855 0.2663531574394464 0.5853881199538639 0.27113581314878893 0.5785250865051903 0.27591825259515573 0.574603229527105 0.28290830449826987 0.5687208765859285 0.2876909602076124 0.5711718569780854 0.28805882352941176 0.4486179354094579 0.2821725778546713 0.44469607843137254 0.06401297577854671 0.47997520184544407 0.06033412629757786 0.48783506343713956
4 0.29089035467128027 0.6054359861591696 0.2912988754325259 0.6073414071510957 0.2929329584775086 0.6130576701268742 0.2947716262975778 0.6187736447520185 0.2959971885813149 0.6247621107266437 0.29742711937716265 0.6326559976931949 0.2984485294117647 0.6402776816608997 0.2990614186851211 0.6457214532871972 0.2992655709342561 0.6541597462514418 0.4007913062283737 0.6181531141868513 0.4024253892733564 0.5076401384083046 0.2880304930795848 0.5369757785467127 0.29089035467128027 0.6054359861591696
4 0.35118079584775086 0.5228013264129181 0.3611278114186851 0.5198809111880046 0.3830449826989619 0.5115689158016148 0.3840564446366782 0.5061770472895041 0.3840564446366782 0.49539388696655134 0.38439359861591693 0.4762984429065744 0.38422512975778544 0.4279982698961938 0.36989467993079583 0.4279982698961938 0.36534256055363323 0.42485322952710497 0.3611278114186851 0.430020184544406 0.3492419982698962 0.4340726643598616 0.35118079584775086 0.5228013264129181
13 0.8128289359861592 0.4736023644752018 0.9541375432525951 0.5125599769319492 0.9608373702422146 0.46832698961937713 0.8177015570934256 0.4350922722029989 0.8128289359861592 0.4736023644752018