13 0.8857244809688581 0.471320645905421 0.1600367647058824 0.09155997693194917
1 0.8780190311418685 0.6709313725490196 0.24395977508650513 0.27445790080738175
11 0.7410467128027681 0.7049596309111881 0.04396410034602075 0.046715686274509866
9 0.615685553633218 0.6696366782006921 0.18726211072664353 0.06289792387543255
5 0.5974740484429065 0.5461159169550174 0.18174307958477512 0.18522779700115344
15 0.4687067474048443 0.6162773933102653 0.05444852941176475 0.09598327566320643
15 0.5915873702422145 0.3438350634371396 0.06180795847750869 0.08087658592848905
4 0.3662478373702422 0.473800461361015 0.0382612456747405 0.10093713956170709
3 0.2824567474048443 0.6331920415224913 0.03513408304498271 0.13275374855824687
12 0.3312045847750865 0.674515570934256 0.035501730103806195 0.06677047289504048
2 0.22313365051903114 0.711441753171857 0.0997015570934256 0.09058823529411761
7 0.23012326989619375 0.7482006920415225 0.1975627162629758 0.22591118800461363
14 0.1679476643598616 0.5503056516724337 0.20786548442906572 0.19213667820069202
14 0.345 0.5792474048442906 0.11276167820069201 0.12640715109573245