13 0.957521410034602 0.5102846020761246 0.9643237456747406 0.4670112456747405 0.8228522923875433 0.43426384083044983 0.8189026816608997 0.47256660899653985 0.957521410034602 0.5102846020761246
1 0.8434444204152249 0.7639861591695501 0.9517320501730104 0.8127739331026528 0.9592766003460207 0.8127739331026528 0.9661554930795847 0.8050859284890427 0.9719249567474048 0.7923716839677047 0.984573313148789 0.7687168396770473 0.9997837370242214 0.7429925028835063 0.9997837370242214 0.6010092272202999 0.9927837370242214 0.5953912918108419 0.9808010380622838 0.5888863898500577 0.9671541955017301 0.5879201268742791 0.9358661332179931 0.5846675317185698 0.9303185553633218 0.5731361014994233 0.919223615916955 0.5610129757785467 0.9041342993079584 0.5506640715109573 0.8863823529411764 0.5429763552479815 0.8672988754325259 0.5444547289504037 0.8471057525951556 0.5583517877739331 0.8249158737024221 0.5488898500576701 0.8155960207612456 0.5491856978085352 0.8049446366782007 0.560421568627451 0.7991751730103807 0.5610129757785467 0.7907430795847751 0.5687006920415225 0.7829766435986159 0.5954227220299885 0.776985294117647 0.5995622837370242 0.7749881055363322 0.6116854094579007 0.7698842993079585 0.6173033448673587 0.771215830449827 0.6317918108419839 0.7641150519031142 0.6371141868512111 0.7656682525951557 0.6424365628604383 0.7645588235294118 0.6634299307958478 0.7758756487889273 0.6918154555940023 0.7721033737024222 0.7157658592848903 0.775209991349481 0.7226565743944636 0.8434444204152249 0.7639861591695501
11 0.724026384083045 0.6880631487889274 0.7237242647058824 0.6904780853517878 0.7244290657439447 0.694234429065744 0.7247311851211073 0.6978569780853519 0.7275503892733565 0.701747693194925 0.7365112456747405 0.7118099769319491 0.742854455017301 0.7174446366782007 0.7522182093425606 0.7199939446366782 0.76158196366782 0.7183837946943483 0.7633942474048443 0.7140905420991925 0.7625888840830449 0.7065775663206459 0.7601723615916954 0.6979910611303344 0.7544333910034602 0.6911487889273357 0.7453715397923876 0.6872580738177624 0.7388269896193771 0.6851113033448674 0.7355045415224913 0.6833673587081892 0.7318797577854671 0.6852456747404844 0.724026384083045 0.6873434256055363 0.724026384083045 0.6880631487889274
5 0.511310553633218 0.5987912341407151 0.5750426038062283 0.5976277393310265 0.5753334775086505 0.6034443483275663 0.5517614619377162 0.6034443483275663 0.5491423010380623 0.6077099192618224 0.5558356401384084 0.6325276816608997 0.5619470155709343 0.6348543829296425 0.6332452422145329 0.6336908881199538 0.6239327422145329 0.6030568050749712 0.6090910467128028 0.6011179354094579 0.6096732266435986 0.5976277393310265 0.6830086505190311 0.5968523644752018 0.6844636678200692 0.45415051903114184 0.512038062283737 0.45533910034602076 0.511310553633218 0.5987912341407151
9 0.536337802768166 0.6930570934256055 0.5404119809688581 0.696934832756632 0.7065806660899654 0.6887915224913495 0.7100728806228374 0.6853016147635526 0.7112368079584775 0.6798725490196078 0.6905748269896194 0.6430337370242215 0.6862097750865052 0.6410948673587082 0.527316392733564 0.6472993079584775 0.526443339100346 0.651482122260669 0.536337802768166 0.6930570934256055
4 0.2921775519031142 0.606375720876586 0.29537867647058824 0.6156822376009228 0.2979978373702422 0.6339077277970011 0.2971247837370242 0.6521332179930796 0.40276254325259514 0.6121923298731258 0.40276254325259514 0.5063292964244521 0.2911589532871972 0.5327485582468281 0.2921775519031142 0.606375720876586
4 0.3521262975778547 0.5178901384083044 0.38501081314878893 0.5081957900807382 0.38501081314878893 0.4287015570934256 0.38501081314878893 0.4248238177623991 0.37104217128027683 0.42443598615916955 0.36725908304498267 0.4224971164936563 0.36405774221453285 0.4267626874279123 0.35096215397923874 0.42914792387543255 0.3521262975778547 0.5178901384083044
14 0.06955211937716263 0.4865412341407151 0.08613992214532872 0.6815925605536332 0.2686053200692041 0.6210994809688581 0.2688964100346021 0.6168339100346021 0.2723886245674741 0.6059763552479815 0.2726794982698962 0.6001594579008074 0.27151557093425605 0.5939553056516724 0.26976946366782006 0.579219723183391 0.27035142733564016 0.5753419838523645 0.2773358564013841 0.5691375432525951 0.28548421280276814 0.5706885813148789 0.2819919982698962 0.45009025374855827 0.06940679065743945 0.48502249134948094 0.06955211937716263 0.4865412341407151
3 0.2705635813148789 0.5932701845444059 0.27093685121107264 0.5937673010380623 0.27224329584775087 0.5947621107266436 0.27149675605536333 0.5960054786620531 0.2712166955017301 0.5968760092272203 0.2724299307958477 0.5996115916955017 0.27233650519031144 0.6033416955017301 0.26720436851211077 0.6232710495963091 0.26617776816608996 0.6523667820069203 0.29921085640138406 0.6905395040369089 0.3005173010380623 0.688177047289504 0.29939749134948096 0.6463985005767012 0.29837110726643595 0.6326862745098039 0.2955715830449827 0.6178895617070357 0.28987954152249135 0.6006061130334487 0.28969290657439445 0.5971245674740484 0.290439446366782 0.5936430219146482 0.28969290657439445 0.5922753748558247 0.2909059256055363 0.5881721453287198 0.28987954152249135 0.5752404844290657 0.2886665224913495 0.5726294694348327 0.2859604238754325 0.570391291810842 0.2820410899653979 0.5693964821222607 0.2774688581314879 0.5698938869665513 0.2732696799307958 0.5721320645905421 0.27065679065743947 0.5741216839677048 0.26944377162629757 0.5789815455594002 0.2705635813148789 0.5932701845444059
12 0.31946950692041526 0.658388985005767 0.3231483564013841 0.6945400807381776 0.3241829584775086 0.6991355247981546 0.3268269896193772 0.7011268742791233 0.33062045847750865 0.7025054786620532 0.33602357266435984 0.7025054786620532 0.3387826557093426 0.7017396193771626 0.3451053200692042 0.6982165513264129 0.3462549740484429 0.6960717993079585 0.3498185553633218 0.6570103806228375 0.3508531574394464 0.6551721453287198 0.35108326124567474 0.650729815455594 0.3475194636678201 0.6459812572087659 0.3409669117647059 0.6427644175317185 0.3322298875432526 0.6426113033448674 0.3245276816608996 0.6449088811995386 0.3188948961937716 0.6488918685121107 0.3176301903114187 0.6539604959630911 0.31946950692041526 0.658388985005767
2 0.16766695501730106 0.683982987312572 0.168471669550173 0.6930207612456748 0.19180817474048445 0.7496983852364476 0.19502703287197232 0.7570510380622837 0.1987056660899654 0.7552130911188005 0.27423334775086505 0.7346865628604383 0.27469333910034605 0.7320824682814302 0.2730839100346021 0.7307038638985006 0.27181920415224914 0.7235043252595155 0.27388862456747404 0.7224319492502883 0.2433096885813149 0.6625374855824683 0.24043555363321797 0.6617716262975778 0.23687197231833912 0.6629971164936562 0.17295501730103807 0.6797110726643598 0.16766695501730106 0.683982987312572
7 0.3156528979238754 0.802235294117647 0.3224260380622837 0.8011072664359861 0.3258125 0.7939622260668973 0.328070285467128 0.7939622260668973 0.32694139273356404 0.7789204152249134 0.32016825259515574 0.7567335640138408 0.324965830449827 0.7559815455594002 0.3258125 0.7386833910034601 0.31903957612456746 0.714616493656286 0.24933326124567473 0.630757785467128 0.2462290224913495 0.6344080161476355 0.24651124567474048 0.641177047289504 0.13701340830449826 0.6817900807381776 0.13165138408304497 0.6738930219146483 0.1265715830449827 0.6780294117647059 0.12854714532871972 0.7088653402537485 0.1395534169550173 0.7235311418685122 0.1395534169550173 0.7355645905420992 0.13644896193771627 0.7310521914648213 0.132780276816609 0.7314282006920415 0.133909169550173 0.7622641291810842 0.20065203287197234 0.8671401384083045 0.3156528979238754 0.802235294117647
15 0.5753732698961938 0.35703863898500576 0.5696589532871973 0.35905420991926185 0.5666338667820069 0.3642050173010381 0.5725162197231835 0.36846020761245674 0.5723481833910035 0.37181920415224917 0.5862975778546713 0.37473068050749714 0.5970538494809688 0.37629815455594 0.6128518598615917 0.37540253748558244 0.6148687283737023 0.37137139561707033 0.6217595155709342 0.36913206459054215 0.6200787197231834 0.3639812572087659 0.6155410899653979 0.360173875432526 0.6214232266435986 0.3299408881199538 0.6227677335640138 0.3095617070357555 0.600415008650519 0.3050827566320646 0.5864656141868512 0.304858708189158 0.5722640570934255 0.3066640715109573 0.5721799307958478 0.32479008073817767 0.5753732698961938 0.35703863898500576
15 0.44742236159169546 0.6142592272202999 0.45502984429065746 0.6345334486735871 0.45445934256055365 0.6398555363321798 0.4569318771626298 0.6464446366782006 0.46701189446366786 0.6507528835063437 0.4767115051903114 0.6497393310265283 0.4845092993079585 0.6431499423298731 0.484889705882353 0.6385882352941176 0.4831779844290658 0.6365608419838523 0.4890739619377163 0.6279443483275663 0.4921169982698962 0.6150196078431373 0.49420912629757785 0.6071632064590542 0.49249740484429066 0.5970259515570934 0.49687175605536327 0.5891698385236448 0.49649134948096885 0.5830873702422145 0.4873622404844291 0.574217416378316 0.47690181660899655 0.5716831026528258 0.46434926470588234 0.5711761822376009 0.4529377162629758 0.574724336793541 0.44723205017301043 0.5795395040369089 0.44475973183391004 0.587433967704729 0.44837326989619375 0.5975328719723184 0.44742236159169546 0.6142592272202999