2 0.22258650519031142 0.7108823529411765 0.10569204152249133 0.09654267589388708
7 0.13494809688581316 0.7194348327566321 0.13689446366782007 0.7312572087658593 0.13646193771626297 0.7560553633217993 0.13819204152249134 0.765282583621684 0.15030276816608998 0.7897923875432526 0.1699826989619377 0.813437139561707 0.189878892733564 0.8491926182237601 0.20285467128027682 0.8682237600922722 0.20566608996539792 0.8685121107266436 0.21626297577854672 0.8656286043829297 0.22556228373702422 0.8595732410611303 0.2422145328719723 0.8512110726643599 0.27141003460207613 0.8324682814302191 0.307742214532872 0.813437139561707 0.32244809688581316 0.8030565167243368 0.32698961937716264 0.7961361014994233 0.3295847750865052 0.7765282583621684 0.3352076124567474 0.7574971164936563 0.333477508650519 0.7453863898500577 0.32612456747404844 0.7217416378316033 0.3163927335640138 0.7087658592848904 0.29498269896193774 0.6859861591695502 0.2690311418685121 0.6513840830449827 0.2564878892733564 0.639273356401384 0.25346020761245674 0.6381199538638985 0.23918685121107267 0.6384083044982699 0.2281574394463668 0.6398500576701269 0.21453287197231835 0.643598615916955 0.20134083044982698 0.6513840830449827 0.1753892733564014 0.6577277970011534 0.16652249134948097 0.6626297577854672 0.14078719723183392 0.6724336793540946 0.12954152249134948 0.6813725490196079 0.12759515570934257 0.6854094579008074 0.127378892733564 0.6957900807381776 0.13494809688581316 0.7194348327566321
14 0.054282006920415224 0.5046136101499423 0.076340830449827 0.6825259515570934 0.08044982698961937 0.6871395617070357 0.08737024221453288 0.6900230680507498 0.09299307958477508 0.6891580161476355 0.2657871972318339 0.6343713956170703 0.2731401384083045 0.6288927335640139 0.2833044982698962 0.6162053056516724 0.2884948096885813 0.6040945790080738 0.2906574394463668 0.5908304498269896 0.29173875432525953 0.5458477508650519 0.2897923875432526 0.45761245674740486 0.28784602076124566 0.45213379469434833 0.28092560553633217 0.44434832756632064 0.2781141868512111 0.44319492502883506 0.07417820069204152 0.47029988465974626 0.06271626297577855 0.4726066897347174 0.054498269896193774 0.4777970011534025 0.05255190311418685 0.4803921568627451 0.05211937716262976 0.4844290657439446 0.054282006920415224 0.5046136101499423
13 0.8168862456747406 0.47417502883506346 0.9576782006920416 0.5099524221453288 0.9628676470588236 0.46846280276816604 0.8220756920415224 0.43561245674740484 0.8168862456747406 0.47417502883506346
1 0.7707612456747405 0.7263552479815456 0.7774653979238755 0.7326989619377162 0.8579152249134948 0.7750865051903114 0.9178200692041523 0.8042099192618224 0.9478806228373703 0.8168973471741637 0.9623702422145328 0.8151672433679354 0.9997837370242214 0.7961361014994233 0.9997837370242214 0.6040945790080738 0.9883217993079585 0.5951557093425606 0.8992214532871973 0.5544982698961938 0.8719723183391004 0.5527681660899654 0.8200692041522492 0.5559400230680508 0.8116349480968859 0.5591118800461361 0.7967128027681661 0.5683391003460208 0.7910899653979239 0.5764129181084199 0.7718425605536332 0.618800461361015 0.7688148788927336 0.6329296424452133 0.766219723183391 0.6539792387543253 0.7679498269896193 0.7220299884659747 0.7707612456747405 0.7263552479815456
9 0.7120201124567473 0.6842889273356402 0.6915434688581316 0.6445790080738177 0.6871557093425605 0.640924740484429 0.5290101643598616 0.6477462514417531 0.5261727941176471 0.6516441753171857 0.5367768166089966 0.6935464244521338 0.5394314446366782 0.6981557093425607 0.7087292387543253 0.6906228373702422 0.7120201124567473 0.6842889273356402
5 0.5128263408304499 0.6007053056516725 0.5759018166089965 0.5994870242214534 0.5762673010380622 0.6048465974625145 0.5576189446366782 0.6065519031141868 0.5504887543252596 0.6104498269896194 0.5581673875432526 0.6306701268742791 0.5632865484429066 0.6379786620530565 0.6356862024221454 0.6345680507497116 0.6395255190311419 0.6323754325259515 0.6329437716262976 0.613373414071511 0.6254478806228374 0.6063085351787774 0.6093589965397924 0.603141291810842 0.609724697231834 0.5985126874279123 0.6834039792387543 0.5975380622837371 0.6846838235294118 0.45690253748558246 0.5131920415224913 0.4571897347174164 0.5128263408304499 0.6007053056516725
15 0.4470544982698962 0.5947416378316032 0.4488942474048443 0.5973292964244521 0.4493029844290658 0.5997805651672434 0.44828092560553634 0.6056369665513265 0.44828092560553634 0.6117655709342561 0.448791955017301 0.6188474625144176 0.4517560553633218 0.6283809111880045 0.4556399221453287 0.6351903114186852 0.4568663494809689 0.6380758362168397 0.45512889273356405 0.640391291810842 0.45553762975778544 0.6435236447520184 0.4576840397923876 0.6470645905420992 0.4616701989619377 0.6495158592848905 0.4666782006920415 0.6511502306805075 0.47373053633218 0.6514227220299885 0.47945415224913496 0.650333044982699 0.48446237024221456 0.6450216262975779 0.48517776816609 0.6410720876585928 0.4839513408304499 0.6379397347174164 0.4880395761245675 0.6327644175317186 0.4904926470588235 0.6266358131487889 0.4924344723183391 0.6199625144175318 0.4937631920415225 0.6109737600922722 0.4939675605536333 0.6044365628604383 0.4928434256055363 0.6004870242214533 0.49325216262975774 0.5976271626297578 0.49601167820069203 0.5941966551326413 0.49734039792387547 0.5899749134948097 0.4959096020761245 0.5833016147635525 0.4910036764705882 0.5782623990772779 0.4831336505190312 0.5745853517877739 0.47597923875432524 0.5730870818915801 0.4656561418685121 0.5726784890426759 0.45676427335640135 0.5749936562860438 0.45155168685121105 0.577989907727797 0.4465945069204152 0.5840804498269896 0.44552141003460205 0.5886130334486736 0.4470544982698962 0.5947416378316032
12 0.3249632352941177 0.6973356401384083 0.3275979671280277 0.701865628604383 0.33643706747404845 0.7040173010380624 0.34306617647058824 0.7012993079584776 0.3477407006920415 0.695636678200692 0.3506304065743945 0.6565651672433679 0.35199026816608997 0.6554328143021915 0.35207525951557095 0.6521485005767013 0.3488455882352941 0.6469388696655132 0.33754195501730105 0.6434282006920415 0.3286178633217993 0.6455798731257208 0.3215635813148789 0.6495438292964244 0.31952378892733563 0.6526014994232988 0.3189288494809689 0.6553194925028836 0.3189712370242215 0.6556773356401384 0.3207136678200692 0.6589434832756632 0.3249632352941177 0.6973356401384083
3 0.2719710207612457 0.5925787197231834 0.2719710207612457 0.5941208189158016 0.27359126297577857 0.5962797001153403 0.2730512543252595 0.5977191464821222 0.2733598615916955 0.5999809688581315 0.27397707612456745 0.6032707612456748 0.27104519896193774 0.6143933102652825 0.26957936851211073 0.6227208765859285 0.2685763408304498 0.6302260668973472 0.268036115916955 0.6543861014994233 0.29982396193771627 0.6915291234140715 0.30198442906574396 0.6892673010380622 0.30051838235294115 0.6496666666666666 0.2997469723183391 0.6366098615916955 0.2979723183391004 0.6253007497116494 0.29357439446366784 0.6077107843137255 0.2911055363321799 0.6017479815455594 0.2911055363321799 0.5980467128027681 0.2911827422145329 0.5951585928489044 0.2906425173010381 0.5939247404844291 0.29226275951557096 0.5912517301038062 0.29149134948096883 0.5763442906574394 0.28863646193771625 0.5722223183391004 0.2809210640138408 0.5711943483275663 0.27482590830449827 0.5728393886966551 0.27104519896193774 0.5799478085351788 0.2717396193771626 0.5875409457900808 0.2719710207612457 0.5925787197231834
4 0.294994160899654 0.6105965974625144 0.297939446366782 0.6190498846597462 0.3015646626297578 0.6401833910034602 0.3008849480968858 0.6558823529411765 0.4044273356401384 0.6160308535178778 0.4037476211072665 0.50855276816609 0.29340808823529413 0.5360637254901961 0.294994160899654 0.6105965974625144
4 0.385846669550173 0.5102387543252596 0.38659580449826986 0.42589302191464823 0.3733618079584775 0.42722404844290657 0.37123940311418685 0.42539388696655134 0.3681180795847751 0.42456228373702426 0.3649967560553633 0.42888754325259515 0.3522623269896194 0.433711937716263 0.35188775951557094 0.428222029988466 0.3530112456747405 0.5194561707035755 0.385846669550173 0.5102387543252596