1 0.8822296712802767 0.679547289504037 0.23554065743944644 0.2886159169550173
11 0.7438948961937716 0.7024798154555939 0.04432309688581311 0.0489878892733565
13 0.8916414359861591 0.47206459054209915 0.15365484429065743 0.08457900807381781
5 0.6002141003460207 0.5427768166089965 0.18394247404844294 0.19252018454440595
9 0.6188040657439446 0.6699826989619377 0.19305363321799315 0.06279411764705894
15 0.593689446366782 0.3353287197231834 0.06894679930795856 0.09674740484429065
15 0.47105968858131486 0.6058102652825835 0.060082179930795836 0.10189158016147633
4 0.36997837370242215 0.4674653979238755 0.042599480968858135 0.10296424452133793
12 0.33538062283737025 0.6731459054209918 0.041368944636678194 0.0691147635524797
3 0.28539359861591695 0.6301384083044983 0.038905709342560574 0.124939446366782
2 0.2232179930795848 0.705977508650519 0.10514489619377164 0.08947231833910034
7 0.2339294982698962 0.749939446366782 0.19157655709342558 0.244374279123414
14 0.17187716262975777 0.5521453287197231 0.20487240484429065 0.19943194925028832
14 0.3507720588235294 0.5729988465974626 0.11203935986159173 0.12885236447520187