10 0.6590951557093425 0.545424740484429 0.6401262975778547 0.6021986735870819 0.8225192474048443 0.6523618800461362 0.8184338235294117 0.5846998269896194 0.8356516003460207 0.45754181084198386 0.6728112024221453 0.4262644175317186 0.6590951557093425 0.545424740484429
13 0.7443092560553634 0.29099942329873124 0.8808851643598616 0.320941753171857 0.8925581747404845 0.2696118800461361 0.7476652249134949 0.2511672433679354 0.7443092560553634 0.29099942329873124
0 0.6938228806228374 0.28594405997693195 0.7338034169550173 0.2925547866205306 0.7410990484429066 0.24666897347174163 0.6986379757785467 0.2424123414071511 0.6938228806228374 0.28594405997693195
3 0.6224749134948097 0.43277941176470586 0.6191736591695503 0.44035553633217994 0.6120209775086506 0.5168486159169551 0.620090830449827 0.5227139561707036 0.6294444204152249 0.5234469434832757 0.6400817474048442 0.5195369088811995 0.6477848183391003 0.45013091118800463 0.6459506920415226 0.43791147635524796 0.64741803633218 0.42178200692041523 0.6487017733564014 0.40076470588235297 0.6428328287197231 0.3968546712802768 0.6353133650519031 0.39661014994232985 0.626693339100346 0.3977433679354095 0.6224749134948097 0.43277941176470586
11 0.6015668252595155 0.5629824106113034 0.6116541955017302 0.5681147635524798 0.6276102941176471 0.5656707035755479 0.6281604671280276 0.5544290657439447 0.6261431660899655 0.5417208765859285 0.6217413494809688 0.5353667820069204 0.6140384948096885 0.5314564590542099 0.6081695501730103 0.5304789504036909 0.6024839965397923 0.5319452133794694 0.5945975346020761 0.537077566320646 0.5936805795847752 0.5455674740484429 0.6015668252595155 0.5629824106113034
12 0.43647188581314883 0.5858264129181084 0.448327205882353 0.5839835640138409 0.45326686851211073 0.5781911764705883 0.4607750865051903 0.523954152249135 0.4580088667820069 0.5165821799307959 0.44891998269896194 0.5121061130334487 0.4370646626297578 0.5115795847750865 0.4240237889273356 0.515002306805075 0.42125756920415225 0.5244806805074971 0.4248142301038062 0.5758215109573241 0.43647188581314883 0.5858264129181084
9 0.3825443339100346 0.5294287773933103 0.3902268598615917 0.5393647635524799 0.4232166955017301 0.5390637254901961 0.4232166955017301 0.5369561707035756 0.42344247404844293 0.5339452133794694 0.4236684688581315 0.5279232987312572 0.42163494809688584 0.5219016724336794 0.42276470588235293 0.517987600922722 0.4247982266435986 0.516482122260669 0.4297692474048443 0.5140732410611304 0.4342884948096886 0.5122667243367935 0.43993728373702423 0.5122667243367935 0.4473940311418685 0.5128690888119954 0.45259104671280276 0.5146756055363322 0.45643230968858134 0.5167831603229527 0.4598215830449827 0.5197941176470589 0.4609513408304498 0.5240092272202999 0.4593695934256055 0.5291277393310265 0.45778806228373703 0.5420743944636678 0.575737240484429 0.5499028258362169 0.5789007352941177 0.5459887543252595 0.5676029411764706 0.5089547289504037 0.3884193339100346 0.4990625720876586 0.3825443339100346 0.5294287773933103
5 0.42683196366782006 0.43483102652825834 0.48896993944636674 0.4417560553633218 0.4919074394463668 0.44928316032295273 0.4736048875432526 0.45229411764705885 0.4828691608996539 0.48752133794694347 0.5626317041522492 0.4839083044982699 0.5544974048442907 0.45590715109573243 0.5404881055363322 0.4541006343713956 0.5343873269896194 0.43904613610149945 0.6112123702422145 0.44416464821222607 0.6182171280276817 0.28784400230680507 0.4277357266435986 0.27355795847750863 0.42683196366782006 0.43483102652825834
6 0.17258023356401384 0.4486854094579008 0.1713306660899654 0.4549287773933103 0.18819831314878893 0.4819832756632065 0.20975129757785466 0.49571856978085355 0.20975129757785466 0.506540369088812 0.21256250000000002 0.528183967704729 0.22818057958477508 0.5319302191464821 0.2147491349480969 0.5614818339100346 0.2350525519031142 0.6085152825836218 0.26816306228373704 0.6397321222606689 0.39935532006920416 0.5777148212226068 0.3824876730103806 0.5689740484429066 0.3840495242214533 0.5598171856978085 0.39404498269896193 0.5552387543252595 0.39498205017301036 0.5335948673587082 0.2862800605536332 0.475739907727797 0.17289251730103808 0.4475109573241061 0.17258023356401384 0.4486854094579008
6 0.0020302768166089967 0.5196859861591695 0.023583261245674742 0.5463243944636679 0.03732720588235294 0.5771248558246829 0.07949632352941177 0.5729628027681661 0.1285371972318339 0.5663030565167244 0.21256250000000002 0.5330051903114187 0.2078771626297578 0.4934639561707036 0.18507461072664358 0.473901384083045 0.16133520761245676 0.4443494809688581 0.13166068339100345 0.43852249134948096 0.0007809256055363323 0.4634959630911188 0.0020302768166089967 0.5196859861591695
7 0.08105795847750866 0.6924579008073818 0.11729217128027683 0.6787226066897347 0.11697967128027681 0.6645709342560554 0.1641464100346021 0.6445922722029989 0.1735173010380623 0.6549976931949251 0.23661440311418686 0.6283592848904268 0.2313042820069204 0.5925643021914648 0.21349956747404844 0.5621799307958478 0.23442798442906573 0.5492768166089965 0.22412002595155708 0.5263846597462515 0.20881423010380623 0.5064057093425606 0.18070155709342559 0.46307958477508654 0.1632093425605536 0.44476585928489043 0.1510272491349481 0.44726326412918105 0.13072361591695503 0.43852249134948096 0.04732288062283737 0.4543391003460207 0.0004686418685121107 0.4626634948096886 0.0014057093425605537 0.5192698961937716 0.0010932093425605536 0.5542326989619377 0 0.6318047866205306 0.035140787197231835 0.6999498269896194 0.08105795847750866 0.6924579008073818
1 0.299971669550173 0.4820755478662053 0.32534061418685123 0.4966934832756632 0.360308607266436 0.5158797577854671 0.3740216262975779 0.5158797577854671 0.39527681660899655 0.5021753171856979 0.41481790657439443 0.49897750865051904 0.43264467993079586 0.4880141291810842 0.4371014273356401 0.4688278546712803 0.43333023356401384 0.44781430219146484 0.42853070934256055 0.42588725490196083 0.42441695501730103 0.3984783737024222 0.42338840830449825 0.3756375432525952 0.4203029844290657 0.32941378316032294 0.41481790657439443 0.30428921568627454 0.40693274221453285 0.28418915801614764 0.39767668685121105 0.26637341407151094 0.3884204152249135 0.24581689734717418 0.37813559688581316 0.23211245674740486 0.36476535467128024 0.21749423298731257 0.34830990484429064 0.21475346020761246 0.33528243944636676 0.22571683967704728 0.31574156574394463 0.24955680507497116 0.2982573529411765 0.27970645905420993 0.2934578287197232 0.3326969434832756 0.2944863754325259 0.3897987312572087 0.29620047577854675 0.43685063437139565 0.299971669550173 0.4820755478662053
15 0.5201146193771626 0.17398212226066898 0.06177551903114179 0.09200115340253746