13 0.8016907439446367 0.3957497116493656 0.9603842993079584 0.4407661476355248 0.97105276816609 0.38804930795847753 0.8074695069204152 0.3496885813148789 0.8016907439446367 0.3957497116493656
11 0.6883384515570934 0.7039792387543253 0.7016738754325259 0.7093102652825836 0.7105642301038062 0.7093102652825836 0.7172320501730104 0.7016098615916955 0.7145648788927336 0.6838402537485583 0.706119160899654 0.6696245674740484 0.6932279411764706 0.6619241637831603 0.677669982698962 0.6666629181084198 0.6781144031141869 0.6786329296424451 0.6883384515570934 0.7039792387543253
10 0.5070847750865053 0.6252027104959631 0.496899437716263 0.6922318339100345 0.6598650519031142 0.713005478662053 0.649679714532872 0.6431686851211073 0.6571628460207612 0.5224054209919262 0.5141522491349481 0.5081588811995387 0.5070847750865053 0.6252027104959631
3 0.2729180363321799 0.6093399653979238 0.2707311851211073 0.6215787197231835 0.2772917387543252 0.7771848327566321 0.29172491349480967 0.7859267589388697 0.30353373702422143 0.7888408304498269 0.31403070934256055 0.780681660899654 0.3227781141868512 0.7719397347174164 0.31840441176470585 0.753290369088812 0.3179669117647059 0.728812860438293 0.3319628027681661 0.7299783737024221 0.32933845155709346 0.7130775663206459 0.3258395328719723 0.6990902537485583 0.32321539792387544 0.677527104959631 0.32496496539792386 0.6623742791234141 0.3258395328719723 0.6454731833910036 0.3162175605536332 0.6443076701268742 0.3175296280276817 0.6262410611303345 0.31884169550173014 0.6151678200692041 0.3192789792387543 0.6046776239907727 0.32321539792387544 0.5941871395617071 0.3201537629757786 0.5848624567474049 0.31228114186851214 0.5778690888119954 0.3061580882352941 0.5825314302191466 0.296098615916955 0.5825314302191466 0.2842895761245675 0.5836969434832756 0.27685423875432524 0.5871937716262976 0.27226189446366783 0.593363321799308 0.2729180363321799 0.6093399653979238
14 0.4047290224913495 0.6014734717416378 0.4088708910034602 0.6089636678200692 0.4094625865051903 0.6168480392156862 0.40975843425605535 0.6267038638985006 0.4094625865051903 0.634194059976932 0.40857504325259514 0.6416845444059978 0.4059124134948097 0.6503575547866205 0.4349061418685121 0.6677035755478662 0.49614792387543255 0.6160596885813149 0.5082781141868512 0.6050213379469435 0.44526102941176476 0.5742716262975779 0.44378179065743945 0.5719062860438293 0.4047290224913495 0.5990066320645906 0.4047290224913495 0.6014734717416378
1 0.19252227508650518 0.497927047289504 0.19398507785467128 0.5100129757785467 0.197496107266436 0.5213192041522491 0.19925173010380623 0.5357445213379469 0.20393317474048442 0.5571877162629758 0.2056885813148789 0.5743419838523645 0.2103700259515571 0.5969910611303344 0.20744420415224912 0.6040086505190312 0.20539597750865052 0.615315167243368 0.21007742214532873 0.6301303344867358 0.21797729238754326 0.6437759515570933 0.22587716262975777 0.6550821799307958 0.23348442906574396 0.6659985582468282 0.23436224048442908 0.6788644752018455 0.23962867647058822 0.6936796424452134 0.24869896193771623 0.7042061707035755 0.25250259515570933 0.7096643598615917 0.26742452422145324 0.7155123990772779 0.2744465830449827 0.7155123990772779 0.2759096020761246 0.7127834486735871 0.2770798010380623 0.7038163206459054 0.27737240484429065 0.6886113033448673 0.2764945934256055 0.67574538638985 0.27561699826989616 0.6667782583621684 0.27561699826989616 0.6531329296424452 0.27503179065743943 0.6414365628604383 0.2744465830449827 0.6316897347174163 0.27503179065743943 0.6211632064590542 0.27473918685121107 0.6086871395617071 0.2697651384083045 0.5985504613610151 0.27298356401384083 0.5856848327566321 0.28322426470588236 0.5833454440599769 0.301657223183391 0.5841251441753172 0.30721626297577853 0.5810063437139562 0.31687175605536333 0.5778872549019608 0.32243079584775086 0.585294982698962 0.3236012110726644 0.5977707612456747 0.3218455882352941 0.6133656286043829 0.32389381487889274 0.6293506343713957 0.3265270328719723 0.6422162629757786 0.3279900519031142 0.6535227797001153 0.3268196366782007 0.6656087081891581 0.3265270328719723 0.6784746251441752 0.32828265570934256 0.6960187427912342 0.32828265570934256 0.7100542099192618 0.3303306660899654 0.7182416378316032 0.33998615916955016 0.7116136101499424 0.35578568339100347 0.7018670703575547 0.3654411764705882 0.695628892733564 0.37743728373702423 0.6901707035755479 0.3920666089965398 0.6800340253748559 0.3990886678200692 0.6722364475201845 0.40552551903114187 0.6566415801614764 0.41137737889273357 0.6288878316032296 0.41020696366782006 0.6187511534025375 0.4072811418685121 0.6058852364475202 0.40201448961937714 0.5934094579008073 0.3955776384083045 0.5817130911188005 0.3932368079584775 0.5692373125720877 0.3897257785467128 0.5528624567474049 0.3870925605536332 0.5446753171856978 0.38328892733564013 0.538437139561707 0.3794852941176471 0.535318339100346 0.37363365051903114 0.5166043829296425 0.36631898788927336 0.5010095155709342 0.363685553633218 0.4873638985005767 0.36105233564013844 0.4721588811995386 0.3572487024221453 0.45461447520184545 0.35227465397923874 0.4413589965397924 0.34759320934256055 0.42030565167243367 0.3396935553633218 0.4019818339100346 0.33354909169550173 0.38755651672433683 0.3256492214532872 0.38170818915801613 0.3157013408304499 0.37897923875432526 0.30633845155709344 0.3739108996539792 0.29697577854671275 0.3684527104959631 0.2797132352941176 0.3626043829296424 0.27093555363321803 0.3649437716262976 0.25952465397923874 0.37040196078431376 0.24460272491349477 0.38209803921568625 0.23787326989619376 0.39106516724336793 0.22675497404844291 0.40705017301038066 0.2200253027681661 0.41835640138408303 0.21358845155709344 0.4300524798154556 0.20715160034602076 0.4421386966551326 0.2007147491349481 0.46319175317185696 0.19340008650519033 0.4858044982698962 0.19252227508650518 0.497927047289504
7 0 0.7843163206459054 0.04361159169550173 0.8895769896193771 0.21970415224913495 0.8024080161476356 0.21888127162629756 0.7760928489042676 0.2151784169550173 0.7519705882352941 0.20530406574394464 0.7393613033448674 0.19666392733564014 0.7245588235294118 0.21682417820069205 0.716335351787774 0.21394398788927338 0.6883757208765858 0.20530406574394464 0.668090830449827 0.12877789792387545 0.5896937716262975 0.1271321366782007 0.5896937716262975 0.12548637543252594 0.5984653979238754 0 0.6388148788927335 0 0.7843163206459054
14 0 0.6834414648212227 0.025097318339100345 0.7262035755478663 0.03785164359861592 0.7728033448673587 0.19954390138408304 0.6976955017301039 0.1324807525951557 0.6176534025374856 0.0018514273356401384 0.6544492502883507 0 0.6834414648212227
14 0.04032028546712803 0.8265302768166091 0.051428849480968854 0.8676476355247982 0.21558974913494808 0.7876058246828143 0.20900692041522492 0.7755446943483275 0.17156660899653978 0.7349754901960784 0.032914576124567475 0.7969256055363322 0.04032028546712803 0.8265302768166091
4 0.14477487024221453 0.3637952710495963 0.16144269031141867 0.5275752595155709 0.19798356401384082 0.5170397923875433 0.19477833044982698 0.49995530565167245 0.19435077854671282 0.48628777393310263 0.19883845155709343 0.4714809688581315 0.20353957612456747 0.45952191464821224 0.2056764705882353 0.4521185121107266 0.20888170415224913 0.4430069204152249 0.21443771626297578 0.43133246828143024 0.21956617647058824 0.41908852364475196 0.22960964532871972 0.40401989619377165 0.23495198961937713 0.39661649365628604 0.24072145328719724 0.3892133794694348 0.24777335640138407 0.3815253748558247 0.2543977076124568 0.37583044982698965 0.258244160899654 0.37127450980392157 0.25845782871972317 0.370989907727797 0.2670054065743945 0.3664339677047289 0.2800404411764706 0.36444059976931953 0.2838868944636678 0.3664339677047289 0.30055471453287197 0.37440686274509805 0.3095296280276817 0.38010149942329874 0.30675173010380624 0.33767502883506345 0.14733910034602077 0.35898385236447516 0.14477487024221453 0.3637952710495963
14 0 0.554378892733564 0.14381314878892731 0.5182165513264129 0.13334234429065744 0.3638065167243368 0.00021366782006920415 0.38202998846597463 0 0.554378892733564