13 0.8096561418685121 0.28679354094579007 0.1488970588235294 0.07699826989619377
0 0.7104238754325259 0.2683737024221453 0.04403762975778549 0.04963667820069201
10 0.731159169550173 0.5362427912341408 0.16844723183390994 0.22991349480968862
3 0.6235337370242214 0.4598039215686274 0.03850778546712812 0.1323298731257209
11 0.6068468858131488 0.549708765859285 0.03475562283737025 0.04041234140715112
9 0.47690743944636677 0.5236476355247982 0.1895782871972318 0.05148500576701274
12 0.4354368512110727 0.546017877739331 0.04028546712802768 0.07726643598615918
1 0.35200259515570936 0.3535063437139562 0.14712153979238754 0.2894117647058823
5 0.5154152249134949 0.3786707035755479 0.1966868512110727 0.21493944636678197
6 0.29434039792387545 0.5362514417531719 0.17516219723183393 0.16042387543252593
7 0.11443771626297577 0.5816753171856978 0.22532223183391006 0.26391003460207607
15 0.5156076989619377 0.16975490196078433 0.0673659169550173 0.10314013840830451