13 0.8253935986159169 0.2870126874279123 0.14466479238754332 0.06017012687427911
0 0.725614186851211 0.27596309111880046 0.044599913494809594 0.05407727797001152
10 0.6732949826989619 0.5568659169550173 0.6558551038062284 0.61210553633218 0.8402605968858131 0.654773356401384 0.8348285034602075 0.5900098039215687 0.8488375865051904 0.4607920991926182 0.6861604671280277 0.4364743367935409 0.6732949826989619 0.5568659169550173
3 0.6338406141868512 0.44364878892733567 0.6292662197231833 0.4562205882352941 0.6246918252595155 0.5308892733564013 0.6315534169550173 0.5339368512110727 0.6398445069204153 0.5362226066897346 0.6532820069204152 0.5327941176470589 0.6607153979238755 0.4546966551326413 0.6575705017301039 0.44745847750865053 0.6598576989619377 0.4108858131487889 0.6472781141868512 0.407457324106113 0.6355560121107267 0.409027970011534 0.6338406141868512 0.44364878892733567
11 0.6250456314878893 0.5801329296424452 0.6348987889273356 0.5794974048442906 0.6410968858131487 0.5752621107266436 0.6423682958477509 0.5665798731257209 0.6406200259515571 0.5562032871972319 0.6364881055363322 0.5487915224913495 0.6314024653979239 0.544979815455594 0.6247277249134948 0.5432854671280277 0.6213903546712803 0.5415914071510958 0.6190064878892734 0.5432854671280277 0.6083585640138409 0.5473091118800462 0.6074050605536332 0.5602269319492503 0.6071667387543253 0.56110553633218 0.6136031574394464 0.5744152249134947 0.6250456314878893 0.5801329296424452
12 0.438310553633218 0.5952468281430219 0.4448265570934256 0.6003292964244521 0.45229584775086507 0.602023356401384 0.4589705882352942 0.6018117070357555 0.46818814878892734 0.5960940023068051 0.4718434256055363 0.5454818339100346 0.474068339100346 0.5384936562860438 0.470413062283737 0.5334111880046136 0.46421518166089965 0.5312935409457901 0.4567456747404845 0.5293878316032296 0.44911743079584776 0.529811418685121 0.43989987024221455 0.5312935409457901 0.432907223183391 0.5379025374855825 0.438310553633218 0.5952468281430219
5 0.438685553633218 0.4538636101499423 0.5097054498269896 0.45750346020761246 0.5102517301038062 0.46514705882352947 0.4843021193771626 0.4666029411764706 0.4886725778546712 0.5008168973471742 0.5247290224913496 0.5037286620530566 0.5755356833910035 0.499361014994233 0.5632437283737024 0.4666029411764706 0.5495860726643599 0.4658748558246828 0.5460350346020761 0.4542277970011534 0.6233375865051903 0.4560475778546713 0.6285274653979239 0.2995366205305651 0.43513451557093424 0.29409602076124564 0.438685553633218 0.4538636101499423
9 0.39584104671280274 0.5511268742791234 0.400206098615917 0.557736735870819 0.4361195934256055 0.5572079008073818 0.43512737889273356 0.5439884659746251 0.4331433823529412 0.5405513264129181 0.43413538062283735 0.5368497693194926 0.43731012110726647 0.5336773356401384 0.4434608564013841 0.5312975778546712 0.4474292820069204 0.5294469434832757 0.4519928633217993 0.5294469434832757 0.4583421280276816 0.5294469434832757 0.4619137110726644 0.5305046136101499 0.46727097750865054 0.5323552479815455 0.47183455882352937 0.5349991349480969 0.4738187716262976 0.5405513264129181 0.47143771626297576 0.5455746828143022 0.47123918685121113 0.5609094579008074 0.5903884083044983 0.5624956747404845 0.5917772491349481 0.5566790657439447 0.5838406141868512 0.524159169550173 0.3993133650519031 0.5180781430219147 0.39584104671280274 0.5511268742791234
6 0.1851068339100346 0.48213437139561705 0.19950778546712802 0.5056652249134947 0.2249050605536332 0.5207352941176471 0.22173053633217993 0.5313356401384083 0.24018317474048442 0.5540732410611303 0.24554044117647056 0.5717874855824683 0.22708780276816612 0.5842139561707036 0.24851665224913497 0.6313979238754326 0.2864143598615917 0.65889446366782 0.4090356833910035 0.6003145905420992 0.4086388408304498 0.5956577277970011 0.396336937716263 0.5903699538638985 0.39990852076124567 0.577679354094579 0.40526578719723183 0.5731845444059978 0.40288473183391005 0.5681611880046136 0.39474978373702424 0.5636663783160323 0.3941544117647059 0.5575856401384084 0.40526578719723183 0.5594362745098039 0.40744831314878893 0.5528264129181084 0.30327962802768166 0.5002128027681662 0.1869083044982699 0.4763318915801615 0.1851068339100346 0.48213437139561705
7 0.0006440311418685122 0.4949743367935409 0.0003220155709342561 0.6296989619377162 0.029623486159169553 0.6683143021914648 0.05023118512110727 0.7348186274509805 0.13362802768166088 0.7060717993079585 0.13523788927335642 0.6919126297577854 0.17806336505190312 0.6747502883506344 0.18933326124567473 0.6807572087658593 0.2511561418685121 0.6468613033448674 0.24568230968858135 0.6305570934256055 0.24600432525951554 0.6151110149942329 0.22926059688581318 0.5855057670126874 0.24664835640138408 0.5683434256055364 0.24439424740484428 0.5589042675893887 0.2228207179930796 0.5391675317185698 0.2250746107266436 0.5232923875432526 0.20156898788927335 0.5091332179930795 0.18063927335640137 0.4713760092272203 0.16872556228373703 0.47480853517877736 0.15069377162629757 0.46622722029988467 0.0009660467128027681 0.49711966551326414 0.0006440311418685122 0.4949743367935409
1 0.3040179498269896 0.34778316032295276 0.303711937716263 0.37836476355247983 0.3070778546712803 0.41302393310265284 0.30524199826989623 0.4277032871972319 0.3030999134948097 0.44686764705882354 0.30615981833910033 0.4639933679354094 0.3113620242214533 0.4990602652825836 0.37776557093425606 0.5398359284890427 0.4169344723183391 0.5210790080738178 0.4374368512110727 0.5165556516724337 0.44416911764705885 0.5030997693194925 0.4475350346020761 0.4835273933102653 0.4374368512110727 0.45743108419838524 0.4334589100346021 0.4186943483275663 0.4334589100346021 0.39259803921568626 0.4310108131487889 0.35059919261822375 0.42244247404844293 0.3126782006920415 0.4120382785467128 0.2959602076124568 0.39857396193771627 0.27842675893886965 0.3906178633217993 0.2617087658592849 0.37745955882352944 0.24295184544405998 0.36674935121107266 0.23642791234140714 0.35389705882352945 0.2392822952710496 0.33982071799307956 0.2531459054209919 0.32788646193771626 0.27190253748558246 0.31503416955017305 0.2857661476355248 0.30615981833910033 0.31355507497116497 0.3040179498269896 0.34778316032295276
15 0.5263927335640138 0.19156862745098038 0.06725994809688586 0.09333044982698964