1 0.7676373269896194 0.7177946943483275 0.8902095588235294 0.7847897923875432 0.9161699826989619 0.7979261822376009 0.9355579584775088 0.8058079584775086 0.9480451989619378 0.8075594002306805 0.9575750432525952 0.8053699538638985 0.9654617214532872 0.791795847750865 0.9753200692041523 0.7804108996539793 0.9822210207612456 0.7615824682814303 0.9874785899653978 0.7458189158016147 0.9927363754325259 0.7318068050749712 0.9940510380622838 0.705972029988466 0.9997837370242214 0.6284679930795848 0.9997837370242214 0.6140178777393311 0.9960227076124568 0.5991303344867359 0.9897789792387544 0.593875720876586 0.9841926903114188 0.588621107266436 0.9723624567474047 0.5868696655132641 0.9641472750865051 0.5851182237600923 0.9493596453287197 0.5838044982698962 0.9385155709342561 0.5824910611303344 0.931286115916955 0.5772364475201845 0.9230707179930797 0.566727508650519 0.91485553633218 0.559283448673587 0.907626081314879 0.5527153979238755 0.8984249567474049 0.5470230680507497 0.8895523356401384 0.5422061707035756 0.8796939878892733 0.5408927335640138 0.8711500865051903 0.5417684544405997 0.8626061851211072 0.5435198961937716 0.8547195069204152 0.5496502306805074 0.8402605968858131 0.5544668396770474 0.8310594723183391 0.5509639561707036 0.8195579584775087 0.5500879469434833 0.808713884083045 0.5514016724336793 0.8018129325259515 0.5562182814302191 0.7988555363321799 0.559283448673587 0.7944191176470587 0.5566438869665513 0.7847251297577854 0.5719818339100347 0.7817677335640137 0.5807393310265282 0.7793029844290658 0.5907984429065745 0.773059472318339 0.593863321799308 0.7702662197231833 0.6065741061130335 0.765994160899654 0.6109529988465974 0.765994160899654 0.621461937716263 0.7653371539792387 0.6254028258362169 0.7604078719723184 0.6310951557093425 0.760079152249135 0.6411663783160323 0.7610650951557093 0.6582436562860439 0.7630367647058823 0.6665631487889273 0.7673088235294118 0.6814509803921568 0.7696089965397924 0.6888947520184544 0.7673088235294118 0.7007174163783161 0.767965830449827 0.7125400807381777 0.7676373269896194 0.7177946943483275
11 0.7439772923875432 0.7173445790080739 0.7551500865051903 0.7173445790080739 0.7574502595155709 0.714717416378316 0.7590934256055363 0.7055219146482122 0.7574502595155709 0.6993915801614763 0.7535069204152249 0.6915098039215686 0.7475919117647059 0.684941753171857 0.7374050605536332 0.6801251441753172 0.7265607698961938 0.6788114186851211 0.7229461505190311 0.6801251441753172 0.7213029844290657 0.6866931949250289 0.7222889273356401 0.6936992502883506 0.7245891003460208 0.6998295847750865 0.7390480103806228 0.7160308535178778 0.7439772923875432 0.7173445790080739
9 0.7084872404844291 0.6779356978085352 0.6851557093425605 0.6345859284890427 0.6743116349480969 0.6341479238754325 0.5261076989619378 0.6424677047289504 0.5215071366782007 0.6477223183391003 0.5316939878892734 0.6910720876585928 0.5402378892733564 0.6945749711649366 0.5487817906574395 0.6923855247981546 0.7052011245674741 0.683628027681661 0.7084872404844291 0.6779356978085352
5 0.5099861591695501 0.5973800461361015 0.5718568339100346 0.5950051903114187 0.5726206747404844 0.6014512687427913 0.5489418252595155 0.6014512687427913 0.5471593858131488 0.6068794694348327 0.5527610294117647 0.6299498269896194 0.5563254757785467 0.6336819492502883 0.6319450692041523 0.6306286043829297 0.6352549740484429 0.6272358708189157 0.6329634515570934 0.6140043252595156 0.6232882785467128 0.6014512687427913 0.6108122837370242 0.5997549019607843 0.6064837802768166 0.5990764129181084 0.6067385380622837 0.5950051903114187 0.6805756920415225 0.5933088235294117 0.6823579152249135 0.4514939446366782 0.5087132352941176 0.45235928489042676 0.5099861591695501 0.5973800461361015
4 0.28936570069204154 0.6028318915801615 0.29114792387543253 0.6079209919261822 0.2924210640138408 0.6140276816608996 0.29369398788927337 0.6201346597462515 0.29522166955017304 0.6262413494809688 0.2962400519031142 0.6333662053056517 0.29700389273356403 0.640151384083045 0.2975131920415225 0.6496510957324105 0.3985938581314879 0.6123313148788927 0.40113992214532873 0.5013901384083045 0.2868194204152249 0.5312886389850058 0.28936570069204154 0.6028318915801615
4 0.31686353806228373 0.6605077854671281 0.3178821366782007 0.6676323529411765 0.3199189013840831 0.6842566320645905 0.32149026816608994 0.6938933102652826 0.3232290224913495 0.6985060553633218 0.3267934688581315 0.6991845444059976 0.33188559688581315 0.6991845444059976 0.3364686418685121 0.6978275663206458 0.3430886678200692 0.6944348327566321 0.34722080449826986 0.6532024221453288 0.349199178200692 0.6479547289504037 0.34639857266435986 0.6432050173010381 0.33944506920415224 0.6402038638985006 0.3283211505190311 0.640151384083045 0.32195588235294115 0.6418477508650519 0.31762737889273357 0.6452404844290658 0.3155906141868512 0.6513474625144176 0.31686353806228373 0.6605077854671281
3 0.30048745674740485 0.6893872549019608 0.30048745674740485 0.6874677047289504 0.30048745674740485 0.6820934256055363 0.30048745674740485 0.6759509803921568 0.30048745674740485 0.6671213956170704 0.30048745674740485 0.659827566320646 0.30106358131487887 0.6517658592848904 0.30019939446366783 0.6398650519031143 0.30019939446366783 0.6337228950403692 0.299334991349481 0.6256608996539792 0.29703027681660904 0.6168316032295271 0.29472556228373703 0.6083858131487889 0.29242063148788927 0.6014757785467129 0.28982785467128025 0.5930299884659747 0.2889634515570934 0.5849682814302192 0.2889634515570934 0.5788261245674741 0.2878112024221453 0.5715320069204153 0.28579433391003456 0.5638543829296424 0.28118490484429065 0.5627027104959631 0.274846669550173 0.5630865051903114 0.26850843425605536 0.5661577277970011 0.2656273788927336 0.5742194348327566 0.2659156574394464 0.5803615916955017 0.2687964965397924 0.5918783160322952 0.26908455882352944 0.5987886389850058 0.26677984429065743 0.607617935409458 0.2647631920415225 0.6172153979238755 0.2644751297577855 0.6256608996539792 0.2647631920415225 0.6356421568627452 0.2644751297577855 0.6484152249134949 0.30048745674740485 0.6893872549019608
14 0.07389749134948097 0.6720761245674741 0.07533801903114187 0.683593137254902 0.08311656574394465 0.6885836216839677 0.26433109861591697 0.6275446943483275 0.264907223183391 0.6210184544405998 0.2666358131487889 0.6114209919261822 0.2689405276816609 0.5979847174163784 0.26807634083044984 0.5899230103806229 0.266923875432526 0.5810934256055363 0.26836440311418686 0.5722641291810843 0.27124545847750864 0.5661216839677047 0.2775836937716263 0.566505478662053 0.28795523356401387 0.5707283737024221 0.287378892733564 0.4471147635524798 0.28161699826989617 0.4371337946943483 0.06554260380622838 0.47014850057670127 0.0589163062283737 0.47936188004613606 0.07389749134948097 0.6720761245674741
7 0.1346864186851211 0.7220899653979239 0.12950064878892734 0.7274645328719723 0.12978871107266438 0.7535692041522492 0.19489900519031142 0.8633627450980391 0.326560553633218 0.7950297001153402 0.326848615916955 0.7758350634371396 0.32022231833910036 0.7574080161476354 0.32339143598615916 0.7516138985005768 0.32223897058823525 0.734338523644752 0.3184937283737024 0.7109212802768166 0.24992603806228372 0.6306874279123414 0.24992603806228372 0.6303036332179931 0.24445220588235295 0.6310715109573242 0.24445220588235295 0.6364457900807382 0.13411029411764705 0.6759870242214533 0.12950064878892734 0.670228373702422 0.12575540657439446 0.6721479238754325 0.1274839965397924 0.701323817762399 0.1346864186851211 0.7220899653979239
2 0.18971323529411765 0.7420524798154556 0.19259429065743947 0.7501141868512111 0.19691587370242214 0.7547208765859285 0.27210964532871973 0.7316874279123414 0.2718215830449827 0.7194028258362168 0.2438760813148789 0.662202710495963 0.23897837370242217 0.657211937716263 0.16752962802768168 0.6767906574394464 0.16464878892733564 0.6812586505190311 0.18971323529411765 0.7420524798154556
2 0.3014958910034602 0.7677733564013841 0.2980387110726644 0.7597113610149943 0.19705990484429067 0.7999553056516724 0.2136256487889273 0.8219022491349481 0.3014958910034602 0.7677733564013841
14 0.1908657006920415 0.7489625144175317 0.1963395328719723 0.7750671856978085 0.22486137543252596 0.7708442906574394 0.242147491349481 0.7673892733564014 0.2551118079584775 0.7693088235294118 0.2796003460207613 0.7547208765859285 0.29602184256055364 0.7435879469434833 0.3078339100346021 0.7412846020761246 0.3127316176470588 0.7332228950403691 0.24531639273356404 0.6545247981545559 0.24185921280276815 0.6564443483275663 0.2709573961937716 0.7174832756632065 0.2735501730103806 0.7305354671280276 0.19547534602076125 0.7516496539792388 0.19115376297577855 0.7401329296424451 0.16724156574394464 0.6893252595155709 0.14822707612456748 0.6967528835063437 0.1908657006920415 0.7489625144175317
14 0.19806812283737024 0.8119567474048442 0.20094917820069202 0.8261608996539793 0.203253892733564 0.8419005190311418 0.30524113321799307 0.7889232987312572 0.30956249999999996 0.7731836793540945 0.30524113321799307 0.7632024221453287 0.30120761245674743 0.7632024221453287 0.2989028979238754 0.7697286620530565 0.2142017733564014 0.8211701268742791 0.1977800605536332 0.8004400230680507 0.19100973183391004 0.802260092272203 0.19806812283737024 0.8119567474048442
4 0.34763083910034603 0.42877479815455594 0.35022102076124567 0.5176508073817763 0.3828148788927336 0.507583910034602 0.3825988321799308 0.49464071510957325 0.3841098615916955 0.42676153402537487 0.3828148788927336 0.4221594579008074 0.3698635380622837 0.42244723183391003 0.3672733564013841 0.4204336793540946 0.36403568339100345 0.4207214532871972 0.3597186418685121 0.42532324106113034 0.34870999134948094 0.4279639561707036 0.34763083910034603 0.42877479815455594
15 0.44943879757785465 0.6360066320645905 0.4502396193771626 0.6406311995386389 0.45317625432525954 0.643833044982699 0.45718079584775084 0.6463229527104959 0.461452205882353 0.6477459630911188 0.465723615916955 0.648457324106113 0.4707960640138408 0.6481017877739331 0.4764022491349481 0.6452557670126874 0.4801399221453287 0.6431213956170703 0.48361051038062286 0.6388526528258363 0.48361051038062286 0.6349394463667819 0.48467841695501723 0.6310265282583621 0.4870810986159169 0.6288921568627451 0.4897506487889273 0.6217773933102653 0.4905514705882353 0.615374279123414 0.492153330449827 0.6093267012687428 0.49268728373702425 0.602211937716263 0.4918864619377163 0.5958088235294118 0.4932212370242215 0.5901170703575548 0.4950899653979238 0.5862038638985005 0.4948230968858131 0.5801565743944637 0.49161937716262977 0.5741089965397924 0.48601319204152243 0.5701960784313725 0.47426665224913495 0.5673500576701268 0.46518966262975775 0.5687730680507498 0.4563797577854672 0.5694844290657439 0.448637759515571 0.5701960784313725 0.4424976211072664 0.5751761822376009 0.441429714532872 0.5787335640138408 0.44543425605536335 0.596164648212226 0.44543425605536335 0.6015005767012687 0.44543425605536335 0.6089708765859285 0.44676903114186856 0.615729815455594 0.4489048442906574 0.6242675893886966 0.4515743944636678 0.6320937139561708 0.44943879757785465 0.6360066320645905
15 0.5687729238754325 0.3067531718569781 0.5669041955017301 0.31173356401384084 0.5671710640138409 0.32133823529411765 0.5687729238754325 0.33414475201845445 0.5695737456747404 0.3465954440599769 0.5677050173010381 0.3526430219146482 0.5623657006920415 0.3576231257208766 0.5604969723183391 0.3626035178777393 0.5666371107266436 0.36865080738177625 0.5687729238754325 0.37256401384083043 0.5770488754325259 0.37718858131487887 0.588528330449827 0.37932295271049593 0.5984061418685122 0.37932295271049593 0.6061481401384083 0.3789671280276817 0.6109537197231835 0.3732753748558247 0.6146911764705882 0.3722081891580161 0.6189625865051903 0.36651643598615913 0.6186957179930797 0.3629593425605536 0.6160259515570934 0.3576231257208766 0.6168269896193772 0.3522871972318339 0.6181617647058824 0.3465954440599769 0.6210983996539792 0.33485611303344864 0.6229671280276816 0.3277416378316032 0.6221663062283737 0.3174253171856978 0.6216323529411765 0.3071089965397924 0.6202973615916956 0.3039074394463668 0.6160259515570934 0.30319579008073816 0.6106866349480969 0.3028402537485582 0.6024106833910035 0.3021286043829296 0.5925328719723183 0.3007055940023068 0.5850577422145328 0.2999942329873126 0.5765149221453287 0.3007055940023068 0.572777465397924 0.30248442906574396 0.5687729238754325 0.3067531718569781
13 0.8122342128027682 0.4686124567474048 0.9528479671280277 0.5102497116493656 0.9620618512110726 0.4659434832756632 0.8174420415224913 0.42804267589388695 0.81624026816609 0.4269752018454441 0.8122342128027682 0.4686124567474048