6 0.8630190311418685 0.7258653846153846 0.17779844290657446 0.3472067307692308
10 0.692640570934256 0.5679951923076924 0.15691176470588244 0.33570192307692304
2 0.4693631055363322 0.7614884615384615 0.5864290657439447 0.6576985576923077 0.5237740051903115 0.5636774038461538 0.4138529411764706 0.6255692307692308 0.4693631055363322 0.7614884615384615
11 0.5652703287197232 0.5955192307692307 0.035724480968858045 0.06819230769230776
12 0.589314446366782 0.5439086538461538 0.03270112456747406 0.10791826923076919
5 0.47953070934256053 0.3456346153846154 0.17752162629757784 0.35282692307692304
9 0.456996107266436 0.5670625 0.17862240484429062 0.08824999999999997
3 0.3426794982698962 0.45925 0.03572448096885814 0.2208413461538461
6 0.32742647058823526 0.6827932692307692 0.1717517301038062 0.26473076923076916
7 0.1301189446366782 0.7127115384615385 0.25693987889273356 0.441860576923077
13 0.7383953287197232 0.17764903846153846 0.12641003460207623 0.11215865384615382