1 0.8817690311418686 0.6753287197231834 0.2364619377162629 0.2804873125720876
11 0.7387283737024222 0.7006170703575547 0.044487456747404855 0.04756055363321788
13 0.8869420415224915 0.4707381776239908 0.1498529411764706 0.08419550173010375
15 0.4673529411764706 0.6086851211072665 0.05244809688581319 0.09409746251441752
5 0.5946107266435986 0.5410986159169551 0.18193122837370243 0.19307381776239912
9 0.6129909169550173 0.6679873125720877 0.1919982698961938 0.05910322952710503
15 0.594143598615917 0.3375865051903114 0.060175173010380625 0.08200403690888117
4 0.36737456747404845 0.46445501730103805 0.03933607266435983 0.09785178777393308
12 0.33295415224913494 0.6697318339100347 0.03652681660899656 0.06446655132641284
3 0.28436851211072667 0.6277450980392156 0.03910250865051902 0.12847462514417538
2 0.21997837370242213 0.7070242214532872 0.10278979238754324 0.08472895040369093
7 0.22805795847750865 0.7375922722029988 0.20183391003460205 0.2095501730103807
14 0.16881920415224913 0.5434256055363321 0.22384299307958477 0.17711937716262977
4 0.35075043252595156 0.5685611303344867 0.12128676470588234 0.11312572087658591