13 0.9766782006920415 0.3856084198385236 0.8110992647058823 0.3524342560553633 0.8067523788927335 0.39781084198385236 0.9664035467128027 0.44037197231833913 0.9766782006920415 0.3856084198385236
11 0.687409169550173 0.6985406574394464 0.6961029411764706 0.7069659746251441 0.7051920415224914 0.7090720876585929 0.7158618079584775 0.7064391580161477 0.7182329152249135 0.693274798154556 0.717442474048443 0.6790573817762399 0.7107244809688581 0.6716854094579009 0.7004498269896194 0.6648399653979239 0.6913609429065745 0.6616805074971165 0.6810862889273356 0.6648399653979239 0.680295847750865 0.674318339100346 0.687409169550173 0.6985406574394464
10 0.5101725778546713 0.6216363898500576 0.49831725778546715 0.6911441753171856 0.6650815311418685 0.7158930219146482 0.6532264273356401 0.6442791234140716 0.6631057525951557 0.5189544405997693 0.516297794117647 0.5045083621683968 0.5101725778546713 0.6216363898500576
3 0.2756353806228374 0.5947811418685122 0.2795871539792387 0.6026796424452133 0.27919204152249133 0.613737600922722 0.27642582179930797 0.6216363898500576 0.28116782006920416 0.7711831026528259 0.29065224913494814 0.7832944059976933 0.3029026816608997 0.7843474625144176 0.3143626730103806 0.7811880046136102 0.3238468858131488 0.7669705882352941 0.3226613321799308 0.727477508650519 0.3258228806228374 0.727477508650519 0.3329359861591696 0.7169460784313726 0.33016976643598617 0.6995692041522492 0.3281937716262976 0.6521776239907727 0.33214554498269894 0.6474382929642445 0.33530709342560555 0.6342742214532872 0.33016976643598617 0.6258489042675893 0.3222662197231834 0.6216363898500576 0.323056660899654 0.6105781430219147 0.3222662197231834 0.6000467128027681 0.3258228806228374 0.5895152825836217 0.323056660899654 0.5779307958477509 0.31396756055363323 0.5758243944636678 0.30764467993079586 0.5821433102652825 0.2965798010380623 0.5800369088811995 0.28511959342560556 0.5795103806228373 0.27682093425605536 0.5843339100346021 0.2756353806228374 0.5947811418685122
7 0 0.7760207612456747 0.04801384083044982 0.8860746828143022 0.20766522491349482 0.8011978085351789 0.22386743079584775 0.7896133217993079 0.22347210207612458 0.7722364475201845 0.2151734429065744 0.7427482698961938 0.20134234429065742 0.7258979238754326 0.19620501730103806 0.7248448673587082 0.19383391003460207 0.7164195501730104 0.20173745674740484 0.7164195501730104 0.217149437716263 0.7069411764705883 0.2131976643598616 0.6853517877739331 0.20529411764705882 0.6590230680507497 0.13534796712802769 0.5847762399077278 0.1298153114186851 0.58530276816609 0.1274444204152249 0.5958341983852364 0 0.6357067474048442 0 0.7760207612456747
14 0.1337670847750865 0.6143134371395617 0 0.6538065167243368 0.0007904411764705882 0.679608708189158 0.030823745674740485 0.730686274509804 0.04030795847750865 0.7643869665513263 0.20094701557093425 0.6975121107266437 0.1337670847750865 0.6143134371395617
14 0.2145806660899654 0.7796577277970012 0.17269204152249135 0.7275268166089965 0.029045415224913496 0.7937773933102653 0.057300605536332185 0.8639094579008074 0.2145806660899654 0.7796577277970012
1 0.19953157439446367 0.5148108419838524 0.2143274221453287 0.591419261822376 0.21009991349480966 0.598742214532872 0.2096773356401384 0.6145144175317185 0.2358868944636678 0.6601415801614764 0.23842322664359863 0.6776038062283737 0.24814619377162633 0.6978823529411764 0.2777378892733564 0.7215409457900808 0.2764695069204152 0.6432425028835063 0.2768923010380623 0.6314132064590542 0.27816046712802767 0.6133878316032295 0.2815423875432526 0.6049382929642445 0.2756241349480969 0.5953621683967705 0.27942884948096886 0.5863494809688582 0.2836561418685121 0.581843137254902 0.28999718858131485 0.5795899653979238 0.30606120242214535 0.5824065743944636 0.3111340830449827 0.5784633794694348 0.31620674740484433 0.5739570357554786 0.32508434256055363 0.582969723183391 0.32592971453287195 0.5976156286043829 0.32508434256055363 0.6207107843137255 0.3348070934256055 0.62465369088812 0.3352298875432526 0.7159080161476354 0.3242387543252595 0.7277373125720877 0.3276206747404844 0.7502690311418685 0.33903460207612457 0.7542122260668974 0.3195886678200692 0.7936430219146482 0.3360754757785467 0.797586216839677 0.3580577422145329 0.7519590542099193 0.36186245674740486 0.7530856401384083 0.3665123269896194 0.6944501153402538 0.3948358564013841 0.6814942329873126 0.41385899653979236 0.6302341407151096 0.4079405276816609 0.5885501730103807 0.4113224480968858 0.5789740484429066 0.4058269896193772 0.5727776816608997 0.39906314878892735 0.5767208765859285 0.3893401816608996 0.5384166666666667 0.38384472318339097 0.5384166666666667 0.3791944204152249 0.5220810265282584 0.36820350346020764 0.49222606689734716 0.36101686851211073 0.453358708189158 0.3491803633217993 0.41674423298731256 0.3360754757785467 0.38294636678200694 0.31282504325259514 0.37956660899653977 0.3039474480968858 0.3683007497116494 0.287038062283737 0.3570348904267589 0.26632396193771624 0.360414648212226 0.24856898788927337 0.37731343713956167 0.24349610726643597 0.39364907727797 0.21390462802768168 0.43026355247981546 0.19593836505190312 0.48558304498269894 0.19953157439446367 0.5148108419838524
4 0.16275346020761244 0.5220810265282584 0.20037694636678202 0.5125049019607844 0.19572685986159172 0.4933529411764706 0.19657244809688582 0.4764538638985006 0.20122253460207612 0.45730190311418684 0.20671799307958477 0.4398396770472895 0.21009991349480966 0.4313901384083045 0.21728654844290657 0.42125086505190307 0.22320480103806226 0.4116747404844291 0.2312368079584775 0.3981554209919262 0.2396916089965398 0.38857958477508653 0.24222794117647056 0.38013004613610146 0.24730082179930796 0.37393367935409455 0.25829195501730107 0.366611014994233 0.2701284602076125 0.3587246251441753 0.28576989619377163 0.3587246251441753 0.2963382352941177 0.3587246251441753 0.31282504325259514 0.37844002306805075 0.3111340830449827 0.3316865628604383 0.14584407439446367 0.353689446366782 0.16275346020761244 0.5220810265282584
14 0 0.5508091118800461 0.14922599480968857 0.5113783160322953 0.13612110726643598 0.359288062283737 0 0.37618685121107265 0 0.5508091118800461
14 0.41225454152249136 0.6080660322952711 0.4138507785467128 0.6128520761245675 0.41504801038062283 0.6266784890426759 0.4102590830449827 0.6394411764705882 0.40986007785467127 0.649562860438293 0.4389932958477509 0.6665798731257209 0.5124247404844291 0.6043613033448674 0.511227508650519 0.5958529411764706 0.44697491349480967 0.5703272779700115 0.4445804498269896 0.566072952710496 0.406467776816609 0.5957004036908882 0.41225454152249136 0.6080660322952711