13 0.8079742647058823 0.396464244521338 0.9677151816608996 0.4394414648212226 0.9776195934256056 0.39104988465974627 0.814831098615917 0.35520559400230683 0.8079742647058823 0.396464244521338
10 0.5114911332179931 0.6239362745098039 0.5000090830449827 0.6900432525951558 0.6633570501730104 0.711116493656286 0.6542580017301038 0.6401577277970012 0.6620570934256055 0.5215118223760092 0.5186403546712803 0.5062194348327567 0.5114911332179931 0.6239362745098039
11 0.6845878027681661 0.6866559976931949 0.6934701557093426 0.7031104382929643 0.71166803633218 0.7109048442906575 0.7205503892733564 0.7042652825836216 0.7212002595155709 0.6878108419838523 0.7153509948096886 0.6727995963091118 0.7012692474048443 0.661829873125721 0.6822048010380622 0.6661600346020761 0.6824214965397923 0.6777995963091119 0.6845878027681661 0.6866559976931949
3 0.2763265570934256 0.591954152249135 0.2789262543252595 0.5959956747404844 0.2815259515570934 0.6026352364475202 0.2806593858131488 0.6159143598615917 0.2789262543252595 0.6228425605536332 0.2843423442906574 0.7744780853517877 0.2867253460207612 0.7796744521337947 0.2982073961937716 0.7845818915801615 0.3114225778546713 0.782272491349481 0.32463754325259514 0.773034890426759 0.3239876730103806 0.7276588811995387 0.33178676470588236 0.7262153979238753 0.33395328719723183 0.7198644752018454 0.33222015570934255 0.706874279123414 0.3300536332179931 0.691285755478662 0.3289703719723184 0.6577993079584775 0.3289703719723184 0.6485617070357554 0.32745393598615913 0.6384579008073817 0.32463754325259514 0.6367260668973472 0.32485423875432523 0.6274881776239908 0.3224712370242214 0.6055490196078431 0.32658737024221457 0.600930219146482 0.3276706314878893 0.5847644175317186 0.32225454152249133 0.5769700115340254 0.313588884083045 0.5772586505190311 0.3094727508650519 0.5847644175317186 0.2995071366782007 0.5824550173010381 0.2897582179930796 0.5815888119953864 0.279467776816609 0.5881101499423299 0.2763265570934256 0.591954152249135
1 0.19854368512110726 0.4812260668973472 0.20244117647058824 0.4937514417531718 0.20358737024221454 0.5133033448673587 0.20771431660899653 0.5463826412918108 0.21848961937716263 0.5904025374855825 0.2122995242214533 0.6035389273356401 0.21184104671280277 0.6133148788927336 0.2168849480968858 0.6258402537485583 0.23797729238754323 0.6597502883506344 0.2398114186851211 0.6713592848904267 0.2462307525951557 0.6906055363321799 0.25654779411764705 0.7086297577854671 0.28176686851211075 0.7165726643598617 0.2783278546712803 0.6325611303344868 0.27786937716262977 0.6282840253748558 0.2794742647058823 0.6166753171856978 0.28176686851211075 0.6096487889273356 0.28062045847750866 0.6014005190311419 0.27855709342560553 0.5940686274509804 0.2799327422145329 0.5907081891580162 0.29139597750865054 0.5803212226066897 0.3101957179930796 0.5815432525951557 0.3118006055363322 0.5781828143021914 0.3182201557093426 0.5763497693194924 0.32693209342560553 0.581848615916955 0.3308295847750865 0.5876531141868512 0.3294539359861592 0.5959016724336793 0.32441025086505193 0.6029279123414072 0.3255564446366782 0.6127038638985006 0.3255564446366782 0.6350051903114187 0.32693209342560553 0.6368950403690888 0.33403935986159167 0.7065484429065744 0.33289294982698964 0.7209065743944636 0.3248687283737024 0.7270167243367935 0.32578589965397925 0.7551222606689735 0.3390832612456747 0.7542058823529411 0.3228053633217993 0.7954478085351787 0.3388538062283737 0.7991138985005768 0.3583414792387543 0.7526213956170703 0.36315592560553633 0.7489553056516725 0.3677413494809688 0.7181000576701269 0.3654487456747405 0.7089351211072664 0.36888754325259515 0.6954648212226067 0.4000676903114187 0.6740801614763553 0.4126773356401384 0.6413918685121108 0.4151991782006921 0.6157303921568628 0.391584991349481 0.5484354094579008 0.3899801038062284 0.5380484429065744 0.3860826124567474 0.5395758362168397 0.37782893598615913 0.5108592848904268 0.36842906574394463 0.49252941176470594 0.36361461937716266 0.4577029988465975 0.35352681660899654 0.4280697808535179 0.3390832612456747 0.3867990196078432 0.32899545847750866 0.38191118800461366 0.3111128892733564 0.37519031141868514 0.2946057525951557 0.3641923298731257 0.2783278546712803 0.3620824682814302 0.2586111591695502 0.3712474048442907 0.2441673875432526 0.3901882929642445 0.23499675605536333 0.3984365628604383 0.2203237456747405 0.42898615916955013 0.21459212802768166 0.4332632641291811 0.20863127162629758 0.45739734717416375 0.2015240051903114 0.4742730680507497 0.19854368512110726 0.4812260668973472
7 0 0.7713814878892733 0.05160899653979238 0.8888621683967705 0.2266500865051903 0.7920121107266436 0.22535986159169552 0.7731006343713955 0.21159731833910037 0.7347044405997692 0.20084537197231833 0.7289737600922722 0.20342582179930796 0.7157929642445213 0.20686656574394466 0.7140735294117647 0.21976881487889274 0.708916089965398 0.21804844290657438 0.6882851787773933 0.20815679065743944 0.6602044405997693 0.13504390138408304 0.5874235870818916 0.1294528546712803 0.5897159746251441 0.1307430795847751 0.5971658016147635 0.0008600778546712803 0.6424391580161476 0 0.7713814878892733
14 0.0008600778546712803 0.6544737600922722 0 0.6751043829296425 0.0331159169550173 0.7301199538638985 0.04085726643598616 0.7679429065743945 0.20471604671280277 0.6963082468281431 0.13504390138408304 0.6195158592848905 0.00215030276816609 0.6533275663206458 0.0008600778546712803 0.6544737600922722
14 0.04816846885813149 0.8275429642445213 0.05978049307958478 0.8642200115340253 0.21976881487889274 0.7782583621683967 0.17590095155709343 0.7301199538638985 0.034190960207612454 0.7899059976931948 0.04816846885813149 0.8275429642445213
14 0 0.5514832756632065 0.1496167820069204 0.5113341983852364 0.13676448961937715 0.3624155132641292 0 0.379606401384083 0 0.5514832756632065
4 0.15129303633217991 0.3558832179930796 0.16665981833910035 0.5196937716262976 0.20130493079584774 0.5170876585928489 0.19990808823529413 0.5040573817762399 0.200746107266436 0.486931660899654 0.20409904844290658 0.4683168973471742 0.21024567474048445 0.4467237600922722 0.21890700692041523 0.4288535178777393 0.2258918685121107 0.41470617070357557 0.2370676903114187 0.3975804498269896 0.24544961072664362 0.3871562860438293 0.2613752162629758 0.3730089388696655 0.27758023356401385 0.36258477508650516 0.2851239186851211 0.36221222606689735 0.29350583910034606 0.36407381776239905 0.31362240484429066 0.37561505190311417 0.3113871107266436 0.3342900807381776 0.1588367214532872 0.35774480968858136 0.15129303633217991 0.3558832179930796
14 0.4103529411764706 0.6027828719723184 0.41186548442906573 0.6075694925028835 0.41281076989619375 0.6128598615916956 0.41394506920415225 0.6209212802768166 0.41356704152249135 0.6247001153402537 0.41299978373702423 0.6327615340253748 0.41299978373702423 0.636540369088812 0.4103529411764706 0.6476251441753171 0.43814467993079587 0.6634962514417532 0.5124450692041522 0.6032866205305651 0.512255839100346 0.6000118223760093 0.4487320501730104 0.572300461361015 0.44703049307958476 0.5687733564013842 0.4457071799307958 0.5687733564013842 0.40751708477508647 0.5972407727797002 0.4103529411764706 0.6027828719723184