13 0.771282223183391 0.2053318915801615 0.9174143598615917 0.23948096885813147 0.9288648356401384 0.18934746251441753 0.7805519031141869 0.15955795847750864 0.771282223183391 0.2053318915801615
10 0.6802225346020762 0.45963206459054207 0.6584117647058824 0.5279299307958478 0.8383503460207613 0.5882352941176471 0.8388955449826989 0.5083125720876586 0.8628873269896193 0.3782560553633218 0.7009426903114188 0.3395204728950404 0.6802225346020762 0.45963206459054207
3 0.6570480103806229 0.3728633217993079 0.039805363321799396 0.13866205305651674
11 0.6336029411764706 0.46717993079584774 0.038713235294117694 0.04593713956170702
5 0.5485402249134947 0.29325547866205304 0.1990224913494809 0.2346280276816609
12 0.46511461937716264 0.4668021914648212 0.038713235294117694 0.07789504036908877
1 0.38659602076124566 0.26852652825836215 0.14994809688581312 0.30077277970011534
6 0.22710423875432528 0.4043950403690888 0.2669089532871972 0.45670818915801614 0.25491306228373706 0.48722433679354094 0.27290679065743945 0.5286386966551326 0.2750880190311419 0.5424437716262975 0.30398724048442904 0.5635141291810842 0.42558217993079583 0.4988494809688581 0.4206747404844291 0.4508956170703575 0.32579801038062284 0.38623068050749715 0.20365787197231836 0.363512399077278 0.22710423875432528 0.4043950403690888
7 0.003271626297577855 0.38627422145328716 0.009269679930795848 0.4763690888119954 0.10196518166089966 0.635488465974625 0.21320004325259514 0.5795423875432526 0.2819037629757785 0.5374010957324107 0.26063840830449825 0.4850879469434833 0.27099848615916955 0.4683768742791234 0.26063840830449825 0.4465795847750865 0.18266500865051905 0.35139878892733567 0.0016358131487889274 0.38482093425605535 0.003271626297577855 0.38627422145328716
15 0.5486872837370242 0.0677076124567474 0.07627378892733555 0.09823529411764705
0 0.7488062283737025 0.17594002306805073 0.04838884083044983 0.0653719723183391
14 0.7844820501730104 0.6797534602076125 0.939492214532872 0.7464181084198385 0.9411325692041521 0.6032528835063438 0.8045759083044982 0.5615354671280277 0.7844820501730104 0.6797534602076125