13 0.8063235294117648 0.3968959054209919 0.9665852076124567 0.4395420991926183 0.977333044982699 0.39116753171856977 0.8125333044982699 0.3526868512110726 0.8063235294117648 0.3968959054209919
10 0.5108256920415225 0.6234057093425606 0.5003983564013841 0.6902722029988466 0.663975562283737 0.7111136101499422 0.6531139705882353 0.6407194348327566 0.6598481833910035 0.5211704152249135 0.5177772491349482 0.5062998846597463 0.5108256920415225 0.6234057093425606
11 0.6855903979238754 0.6899950980392157 0.6918901384083045 0.7009948096885814 0.7014485294117647 0.7085207612456748 0.7133964100346021 0.7088102652825836 0.7205650951557093 0.7030210495963092 0.7186100778546713 0.6827586505190311 0.7120929930795847 0.6700219146482123 0.6994932958477509 0.6639431949250287 0.6968866782006921 0.661916955017301 0.6949314446366781 0.6627854671280277 0.6866766868512111 0.6630749711649365 0.6825490916955017 0.6668379469434833 0.6826576557093426 0.6774803921568627 0.6855903979238754 0.6899950980392157
3 0.2767560553633218 0.5918546712802768 0.2806663062283737 0.599959630911188 0.2808834342560554 0.6147223183391003 0.2789284169550173 0.620511534025375 0.2789284169550173 0.6263010380622838 0.28305579584775087 0.7728243944636679 0.29174524221453285 0.7832450980392156 0.30782050173010383 0.7829555940023067 0.3182478373702422 0.7783241061130335 0.3245475778546713 0.7705086505190311 0.3236786332179931 0.7261663783160323 0.33215073529411765 0.7226929065743944 0.3338886245674741 0.7079299307958478 0.3301957179930796 0.6833255478662054 0.3282404844290658 0.6506159169550172 0.3291094290657439 0.6422214532871973 0.3241131055363322 0.632669261822376 0.32324416089965397 0.6051701268742792 0.3230268166089965 0.6005386389850058 0.32693706747404844 0.5935914071510957 0.3278060121107267 0.5857759515570934 0.3245475778546713 0.5782497116493656 0.3180304930795848 0.5768024798154556 0.31433758650519034 0.5776707035755478 0.3099928633217993 0.5846179354094578 0.29804498269896196 0.5802759515570934 0.287834991349481 0.5805654555940023 0.2769733996539792 0.5886704152249135 0.2767560553633218 0.5918546712802768
7 0 0.7678961937716262 0.05085056228373703 0.8880717993079585 0.22738840830449827 0.7909085928489042 0.221248053633218 0.7689189734717417 0.21625886678200693 0.7418154555940023 0.20282655709342562 0.7285196078431372 0.19783758650519032 0.7162462514417531 0.20321042387543253 0.7157347174163784 0.21894528546712802 0.7070412341407151 0.215875 0.6855631487889273 0.20666435986159168 0.6594824106113033 0.13528179065743945 0.5832860438292964 0.13144398788927336 0.5848203575547866 0.12875756920415224 0.5960706459054209 0.0005756920415224913 0.639629757785467 0 0.7678961937716262
14 0 0.6758468858131488 0.032812932525951556 0.7300536332179931 0.0427913062283737 0.7658506343713956 0.2001401384083045 0.6973249711649365 0.1345142733564014 0.6185715109573241 0 0.6519108996539793 0 0.6758468858131488
14 0.047012759515570934 0.827264705882353 0.05583974913494809 0.8640844867358708 0.21510748269896193 0.7776603229527105 0.1728920847750865 0.7295899653979239 0.031086072664359858 0.794676182237601 0.047012759515570934 0.827264705882353
1 0.20171626297577855 0.5009088811995387 0.2029204152249135 0.5201655132641292 0.2038237456747405 0.5350089388696655 0.21345782871972319 0.5912485582468281 0.20773767301038062 0.6084988465974625 0.21225367647058824 0.6189296424452133 0.2215867214532872 0.640191753171857 0.2384465830449827 0.6634599192618224 0.2438659169550173 0.6863269896193771 0.25560748269896194 0.7055833333333333 0.2814995674740484 0.7136069780853519 0.2808972750865052 0.6333719723183391 0.27969312283737024 0.6269529988465975 0.2802951989619377 0.6201329296424453 0.2805962370242215 0.6097024221453287 0.2781877162629758 0.5996730103806229 0.2766823096885813 0.5908471741637832 0.2839080882352941 0.5848295847750865 0.2899294982698962 0.5804166666666667 0.31010099480968856 0.5816202422145329 0.31702551903114184 0.5760037485582468 0.3260577422145329 0.5828238177623991 0.3287673010380623 0.59245184544406 0.32425129757785465 0.6044873125720877 0.3257567041522491 0.637784890426759 0.3284662629757785 0.6502211649365629 0.3350897491349481 0.6995657439446367 0.33298226643598616 0.7196245674740485 0.32425129757785465 0.727246828143022 0.32635878027681664 0.7509160899653979 0.3381003460207612 0.7517185697808535 0.321842776816609 0.7938419838523645 0.3260577422145329 0.7982549019607843 0.3374982698961938 0.7998595732410612 0.35646561418685124 0.753724336793541 0.3621859861591696 0.7513174740484428 0.3670030276816609 0.7208281430219147 0.36399243079584775 0.712002306805075 0.36820739619377163 0.6939492502883506 0.3998196366782007 0.6714835640138408 0.4130666089965398 0.6421978085351787 0.41396993944636673 0.6220265282583622 0.4124645328719723 0.5855196078431373 0.40042171280276817 0.5803042099192618 0.38747577854671283 0.5381807958477509 0.3844649653979239 0.5381807958477509 0.3697125865051903 0.4956562860438293 0.36339013840830453 0.4587479815455594 0.35134753460207613 0.432671568627451 0.34803568339100344 0.4114094579008074 0.33900367647058827 0.38653662053056514 0.31281055363321797 0.37891407151095735 0.3022731401384083 0.3680824682814302 0.28360705017301036 0.35805305651672437 0.27186526816608997 0.36366955017301034 0.2574139273356401 0.36848356401384086 0.2402530276816609 0.39054815455594005 0.23152205882352941 0.4057929642445213 0.22188775951557094 0.42625288350634366 0.21556531141868512 0.4338751441753172 0.2083397491349481 0.4527303921568627 0.1996087802768166 0.4813088235294118 0.20171626297577855 0.5009088811995387
4 0.16468468858131488 0.5229083044982699 0.16649113321799308 0.5229083044982699 0.20171626297577855 0.5136813725490196 0.20231833910034602 0.5084659746251442 0.19810337370242215 0.5020472895040369 0.19840441176470588 0.48720386389850057 0.20051189446366782 0.47597087658592846 0.20412478373702422 0.4671450403690888 0.20954390138408305 0.4555109573241061 0.2146621972318339 0.441871107266436 0.21737175605536332 0.43505103806228373 0.2233931660899654 0.42622520184544405 0.23001665224913495 0.41017820069204153 0.23874762110726644 0.3957358708189158 0.24687651384083045 0.3824971164936563 0.2763812716262976 0.36163581314878895 0.2884240916955017 0.3604325259515571 0.3022731401384083 0.367252306805075 0.31341284602076125 0.37607814302191467 0.3091978806228374 0.3343561130334487 0.1494807525951557 0.35425778546712805 0.16468468858131488 0.5229083044982699
14 0 0.5505893886966551 0.15008282871972317 0.5124777970011534 0.13743793252595157 0.3612347174163783 0 0.3777410611303345 0 0.5505893886966551
14 0.4101314878892734 0.6008869665513265 0.4118384515570934 0.604785755478662 0.41378914359861596 0.6103094002306805 0.41403287197231836 0.6164826989619377 0.41403287197231836 0.6239555940023068 0.4135451989619377 0.6320784313725489 0.4118384515570934 0.6402012687427912 0.40940008650519033 0.6479991349480969 0.440367214532872 0.6645694925028834 0.512054714532872 0.6044607843137255 0.5113233131487889 0.5986124567474048 0.44816998269896197 0.5693705305651673 0.4440246539792388 0.5677459630911188 0.4081807958477509 0.5951213956170703 0.4101314878892734 0.6008869665513265