10 0.6877162629757786 0.5522163461538461 0.1643598615916955 0.32398557692307683
6 0.8627097750865053 0.7200288461538462 0.18778762975778546 0.3374951923076924
2 0.4984861591695502 0.6595817307692308 0.16219723183391002 0.16371153846153846
11 0.5669701557093426 0.599514423076923 0.03532223183391002 0.07243269230769224
3 0.3400735294117647 0.4573125 0.03784602076124567 0.2159038461538461
6 0.32439446366782004 0.6767884615384615 0.1773356401384083 0.26062499999999994
5 0.47938365051903115 0.33673557692307693 0.1802184256055363 0.3353317307692308
7 0.1335423875432526 0.7176250000000001 0.2649221453287197 0.4576826923076923
13 0.737621107266436 0.17101923076923078 0.1259948096885814 0.11430288461538461
1 0.6386051038062284 0.2848173076923077 0.14982482698961938 0.3199807692307692
15 0.4642084775086505 0.03028846153846154 0.07201557093425605 0.06057692307692308