6 0.8051016435986159 0.6103076923076923 0.1402768166089966 0.24709134615384612
2 0.9339554498269895 0.7602259615384616 0.12259299307958485 0.22094711538461545
2 0.6760510380622837 0.6286538461538461 0.08007352941176475 0.11151923076923079
12 0.6764489619377163 0.5365865384615384 0.033181228373702486 0.08904326923076925
3 0.6316435986159169 0.47121634615384617 0.035367647058823524 0.20212980769230773
11 0.5621020761245674 0.5162548076923077 0.02980320069204161 0.05633173076923081
13 0.7134061418685121 0.15432211538461538 0.11186418685121112 0.10103846153846152
5 0.48620025951557094 0.29029807692307696 0.1593512110726644 0.29878846153846156
9 0.4756704152249135 0.4866346153846154 0.14067474048442902 0.06335096153846154
10 0.3679779411764706 0.4923509615384615 0.14226427335640138 0.2832259615384616
14 0.25154476643598617 0.74535 0.3461224048442907 0.8371682692307693 0.4331498702422145 0.6870807692307692 0.35128849480968855 0.6235139423076923 0.2626717128027682 0.7153322115384616 0.25154476643598617 0.74535
6 0.0790795847750865 0.4676278846153846 0.2006794982698962 0.5744548076923077 0.3143317474048443 0.48969951923076926 0.31711332179930796 0.42878173076923076 0.21061418685121108 0.34314326923076927 0.0870272491349481 0.3847283653846154 0.0790795847750865 0.4676278846153846
7 0.07431098615916955 0.4614475961538462 0.07669528546712803 0.5444375 0.08504044117647058 0.6327240384615385 0.19750043252595154 0.7545596153846154 0.31790808823529415 0.654795673076923 0.3187028546712803 0.5338427884615384 0.30399956747404844 0.48881682692307693 0.21895934256055363 0.5709235576923076 0.09020653114186851 0.4543846153846154 0.08345090830449828 0.4614475961538462 0.07431098615916955 0.4614475961538462
6 0.9861699826989619 0.6705865384615385 0.027657871972318213 0.1898846153846154