13 0.7736593858131487 0.2070149942329873 0.9192839532871973 0.23904786620530566 0.93361526816609 0.18545444059976932 0.7801314878892733 0.15564100346020762 0.7736593858131487 0.2070149942329873
10 0.7623334775086505 0.4589273356401384 0.2029498269896193 0.25522491349480964
3 0.6569290657439446 0.3720588235294118 0.030973183391003516 0.13696655132641292
11 0.6328892733564014 0.4648125720876586 0.041144031141868515 0.04509227220299888
5 0.5436656574394463 0.2899365628604383 0.20110077854671288 0.2297549019607843
12 0.4662305363321799 0.46511822376009226 0.04068339100346018 0.07158881199538639
1 0.38370891003460206 0.2766378316032295 0.15718209342560557 0.3141118800461361
15 0.545977508650519 0.06463667820069205 0.07396842560553628 0.10831603229527105
6 0.21011548442906575 0.38640340253748556 0.2272205882352941 0.40673212226066896 0.2632800605536332 0.4517012687427912 0.2563453719723183 0.48250201845444063 0.27160142733564013 0.521927047289504 0.3016509515570934 0.5595040369088812 0.42508499134948097 0.5046787773933104 0.4218490484429066 0.45786130334486735 0.3233791089965398 0.38701960784313727 0.20664814013840832 0.3655253748558247 0.21011548442906575 0.38640340253748556
7 0.015625865051903116 0.4911262975778547 0.08959385813148789 0.6198737024221453 0.16772253460207612 0.5915369088811995 0.27913689446366785 0.5441038062283737 0.27312694636678203 0.5194630911188005 0.2648055795847751 0.48558217993079583 0.24677595155709345 0.4393809111880046 0.21210337370242213 0.3974919261822376 0.1828397491349481 0.3537546136101499 0.003143598615916955 0.38640340253748556 0.015625865051903116 0.4911262975778547
9 0.4140659602076125 0.4547508650519031 0.4481068339100346 0.4547508650519031 0.4481068339100346 0.4492765282583621 0.4463460207612457 0.44067387543252595 0.44663948961937716 0.435199538638985 0.4504543685121107 0.43363523644752017 0.45544312283737026 0.4308982122260669 0.46248615916955016 0.4305069204152249 0.46747469723183394 0.4308982122260669 0.47510467128027684 0.43324423298731257 0.48185423875432526 0.43793656286043825 0.487429714532872 0.44419319492502884 0.48508217993079583 0.4488855247981545 0.4844952422145329 0.45944319492502883 0.5983559688581315 0.4672638408304498 0.6018775951557093 0.46257151095732413 0.5942476211072664 0.4215132641291811 0.41318555363321796 0.4113465974625144 0.40937067474048444 0.4433137254901961 0.4140659602076125 0.4547508650519031
14 0.9369206314878893 0.7349521337946943 0.9312703287197233 0.595322952710496 0.8059366349480969 0.5576776239907728 0.7874448529411765 0.6722130911188005 0.9369206314878893 0.7349521337946943