13 0.8117257785467128 0.28682814302191467 0.1453871107266437 0.07429930795847753
0 0.7111180795847751 0.2668540945790081 0.04605968858131478 0.058543829296424474
10 0.7362413494809689 0.5356689734717417 0.18842128027681665 0.22398500576701275
14 0.8481314878892734 0.711522491349481 0.16516003460207618 0.153255478662053
11 0.6046950692041523 0.5470299884659746 0.036987456747404786 0.04386389850057667
3 0.6273745674740484 0.4597347174163783 0.033496972318339174 0.13166378316032298
9 0.4736137543252595 0.522378892733564 0.2033088235294118 0.05597174163783164
12 0.43418468858131487 0.548267012687428 0.04210423875432522 0.07610726643598617
1 0.35672145328719723 0.3503892733564014 0.1356163494809689 0.27772202998846596
5 0.5143209342560553 0.3792329873125721 0.1981920415224913 0.2274740484429066
6 0.2956596020761246 0.536934832756632 0.19074826989619376 0.1688264129181085
7 0.11898572664359863 0.5755882352941177 0.23796929065743944 0.25192041522491354
15 0.5144506920415225 0.17537485582468282 0.06232482698961929 0.09610726643598615