13 0.8201881487889274 0.1990080738177624 0.1373810553633218 0.08066897347174164
10 0.7498486159169551 0.44608419838523644 0.1741306228373703 0.20732410611303345
12 0.6452703287197232 0.432520184544406 0.036461937716263056 0.06535755478662049
11 0.6131141868512111 0.4655305651672434 0.03588884083044979 0.03835640138408304
5 0.5296388408304499 0.2956430219146482 0.18417820069204155 0.22111014994232986
3 0.38192257785467126 0.35899365628604385 0.03861591695501729 0.12961361014994233
14 0.4810845588235294 0.5536565743944636 0.578928633217993 0.5316831026528258 0.5138458044982699 0.43968627450980396 0.4313929498269896 0.4601231257208766 0.4810845588235294 0.5536565743944636
6 0.2681712802768166 0.42122895040369085 0.2880612024221453 0.4523019031141869 0.27605860726643594 0.48611678200692043 0.29320523356401385 0.5446069780853517 0.32921280276816606 0.5578587081891581 0.4314059256055363 0.5043950403690888 0.4413509948096886 0.45093108419838523 0.34121539792387545 0.39518252595155706 0.22461916089965395 0.36410957324106114 0.21570307093425603 0.3855865051903114 0.2681712802768166 0.42122895040369085
7 0.005144031141868512 0.39455738177623995 0.0061727941176470584 0.46767012687427917 0.023319204152249137 0.5275314302191465 0.12516955017301037 0.6280617070357555 0.1964989186851211 0.5974028258362168 0.19478416955017303 0.58049538638985 0.22804844290657442 0.5681577277970011 0.2462238321799308 0.5814094579008073 0.2983490484429066 0.5498794694348328 0.2702288062283737 0.4205611303344868 0.17146496539792389 0.3607001153402537 0.004115268166089966 0.39459803921568626 0.005144031141868512 0.39455738177623995
1 0.6259327422145329 0.4341326412918108 0.6292035034602076 0.4359483852364475 0.6302936851211073 0.42396337946943485 0.6275681228373703 0.41270444059976935 0.6297487024221453 0.4032618223760092 0.636290008650519 0.40035611303344865 0.6469197664359861 0.4021721453287197 0.6526435986159169 0.4036248558246828 0.6597301038062284 0.40580392156862743 0.6646362456747404 0.40943598615916954 0.6575497404844292 0.4439385813148789 0.6692696799307959 0.4501127450980392 0.6848055795847752 0.347694059976932 0.6883488321799308 0.34148615916955016 0.7897409169550174 0.35964532871972316 0.7861976643598616 0.34657064590542097 0.7823819204152249 0.3298641868512111 0.784834991349481 0.3073465974625144 0.787833044982699 0.2826499423298731 0.7883782439446366 0.2604956747404844 0.7864703719723184 0.24197318339100346 0.7780209775086505 0.21255507497116494 0.7663008217993079 0.19403258362168396 0.7483118512110727 0.1784155132641292 0.7357742214532872 0.16134573241061131 0.7216012110726644 0.16098241061130336 0.7060653114186851 0.1715149942329873 0.6848055795847752 0.18386332179930798 0.6695421712802768 0.193669261822376 0.6589124134948097 0.20964936562860437 0.6485551470588236 0.2314405997693195 0.6376528979238755 0.27396741637831606 0.6324742647058824 0.2964850057670127 0.6259327422145329 0.3142811418685121 0.6155754757785467 0.3273558246828143 0.6136676038062284 0.35059976931949255 0.6125774221453287 0.3727540369088812 0.6106693339100346 0.39490830449826986 0.6114870242214533 0.41197808535178776 0.6185737456747404 0.42505276816609 0.6259327422145329 0.4341326412918108
15 0.5216241349480968 0.08028546712802768 0.06907871972318341 0.10342560553633216