13 0.7511676038062284 0.2487468281430219 0.7408717560553634 0.249318339100346 0.7335787197231834 0.2950493079584775 0.8785787197231834 0.32305940023068047 0.8888745674740485 0.2693255478662053 0.7494515570934256 0.2498901384083045 0.7511676038062284 0.2487468281430219
0 0.6855315743944637 0.288189446366782 0.729717776816609 0.2961923298731257 0.7391557093425606 0.24417358708189157 0.6928243944636678 0.23902883506343714 0.6855315743944637 0.288189446366782
10 0.7333650519031142 0.543065167243368 0.1891868512110727 0.22372260668973468
3 0.6269744809688581 0.46052768166089963 0.03646410034602069 0.13456747404844285
11 0.6059537197231833 0.5490282583621684 0.03689446366782015 0.04559688581314882
12 0.43692906574394463 0.5460236447520185 0.041182958477508615 0.07561707035755486
15 0.5153287197231834 0.17839100346020761 0.058985726643598614 0.1073961937716263
5 0.5174740484429066 0.38199250288350634 0.19454801038062286 0.22288062283737023
1 0.35906790657439447 0.35667820069204154 0.15443771626297575 0.3009486735870819
6 0.27863105536332183 0.5355738177623991 0.22264705882352942 0.1954267589388696
7 0.10714100346020762 0.5671626297577855 0.21428200692041524 0.25915224913494805
14 0.933535250865052 0.7971043829296425 0.9133507785467128 0.6568613033448674 0.7792677335640138 0.637649942329873 0.766291955017301 0.7452338523644753 0.933535250865052 0.7971043829296425