13 0.7729937283737024 0.20252162629757786 0.9191721453287198 0.23555507497116493 0.9298576989619378 0.18600490196078434 0.78025973183391 0.15757641291810842 0.7729937283737024 0.20252162629757786
0 0.7221304065743944 0.19397837370242213 0.768291955017301 0.20309111880046138 0.7772679498269897 0.15638869665513264 0.7289690743944637 0.14560870818915803 0.7221304065743944 0.19397837370242213
10 0.7636959342560553 0.4620328719723183 0.18717560553633217 0.2518886966551327
3 0.6544744809688581 0.372560553633218 0.035551470588235365 0.13290657439446368
11 0.6322015570934256 0.4662053056516724 0.03983347750865043 0.04264417531718566
5 0.5451448961937716 0.28702133794694346 0.19981185121107273 0.2222491349480969
12 0.46472750865051904 0.4641983852364475 0.0376924740484429 0.07118512110726641
9 0.5043490484429066 0.43608419838523643 0.19402897923875428 0.05778546712802771
1 0.3878438581314879 0.26517301038062285 0.1499113321799308 0.2967675893886967
6 0.25827443771626296 0.4869429065743945 0.27250994809688583 0.537527104959631 0.3070821799307959 0.5583024798154556 0.4257121539792387 0.5013956170703575 0.42096691176470585 0.4435853517877739 0.3233514273356401 0.38216205305651674 0.20607720588235293 0.3604832756632064 0.25827443771626296 0.4869429065743945
7 0.005423010380622838 0.4878463091118801 0.08880298442906574 0.6332750865051903 0.16947145328719723 0.5980470011534026 0.16472621107266436 0.5799812572087658 0.2006541955017301 0.5691418685121108 0.22234645328719727 0.581788062283737 0.28064467993079584 0.5465599769319492 0.257596669550173 0.44268223760092273 0.1938752162629758 0.3514504036908881 0.0030503892733564015 0.37600057670126874 0.005423010380622838 0.4878463091118801
15 0.5474848615916955 0.06658592848904267 0.07351427335640144 0.09362456747404845