7 0.05839100346020761 0.8182370242214534 0.10885250865051903 0.8643445790080738 0.1578719723183391 0.9431113033448674 0.19824113321799308 0.9392690311418685 0.3193483996539792 0.8508964821222607 0.3193483996539792 0.8086314878892733 0.3222318339100346 0.741391291810842 0.2227508650519031 0.6530190311418685 0.07352941176470588 0.7131871395617071 0.05839100346020761 0.8182370242214534
14 0.01513840830449827 0.7317857554786621 0.19824113321799308 0.6568613033448674 0.2097750865051903 0.6491767589388696 0.20689165224913494 0.5819368512110726 0.242935553633218 0.5761732987312572 0.2515860726643599 0.6069114763552479 0.23428503460207614 0.439772491349481 0.0021626297577854673 0.5113416955017301 0.01513840830449827 0.7317857554786621
14 0.25879476643598615 0.6280441176470588 0.26744528546712804 0.664545847750865 0.3741349480968858 0.6203595732410612 0.361159169550173 0.5108546712802768 0.2559113321799308 0.556961937716263 0.25879476643598615 0.6280441176470588
3 0.2530276816608997 0.7068108419838524 0.26744528546712804 0.6626248558246829 0.26600346020761245 0.641492214532872 0.2559113321799308 0.6126750288350634 0.25735294117647056 0.5761732987312572 0.2299597750865052 0.6587822952710496 0.23428503460207614 0.687599480968858 0.2530276816608997 0.7068108419838524
4 0.3106978806228374 0.5262237600922722 0.34962521626297577 0.5089333910034602 0.35250865051903113 0.4147975778546713 0.3092560553633218 0.4306035178777394 0.3106978806228374 0.5262237600922722
5 0.6097567041522491 0.6231874279123414 0.6125231401384083 0.6105495963091119 0.5979016003460208 0.5958056516724336 0.5773522923875433 0.5952791234140715 0.5793282871972318 0.584747693194925 0.6579682093425606 0.5810617070357555 0.6520406574394464 0.43730709342560553 0.6405804498269896 0.4357272202998847 0.47855839100346015 0.4504890426758939 0.48171972318339107 0.5968762975778547 0.5492947664359862 0.5910841983852365 0.5485045415224913 0.5958232410611304 0.5240034602076125 0.6037217416378315 0.5390203287197232 0.6342629757785466 0.6097567041522491 0.6231874279123414
9 0.5192614619377163 0.698487600922722 0.6931390570934256 0.6647866205305651 0.6627104238754326 0.6195014417531719 0.5026641435986159 0.6475937139561707 0.5192614619377163 0.698487600922722
11 0.7172445934256055 0.6874293540945791 0.720406141868512 0.6926952133794694 0.7306807958477509 0.698487600922722 0.7370034602076124 0.7000671856978086 0.7429312283737024 0.6911153402537485 0.7437214532871972 0.682163783160323 0.7397696799307959 0.6705790080738179 0.7326565743944636 0.6653134371395616 0.7243579152249136 0.664260092272203 0.7196157006920415 0.6616274509803921 0.7101314878892734 0.6621539792387543 0.7053894896193772 0.6716323529411765 0.7077603806228374 0.6823690888119954 0.7172445934256055 0.6874293540945791
13 0.9328492647058824 0.4680095155709343 0.9355294117647058 0.4287277970011534 0.7932681660899654 0.40139850057670123 0.7863449394463669 0.4406314878892733 0.9328492647058824 0.4680095155709343
1 0.7483786764705883 0.6792970011534025 0.7537387543252595 0.6923907151095732 0.7582052335640138 0.6989377162629758 0.7702651384083046 0.707270184544406 0.7742850346020761 0.7096508073817762 0.8131444636678201 0.7239351211072664 0.8185043252595156 0.7251254325259516 0.8234176038062284 0.7257205882352941 0.8716570069204153 0.753098615916955 0.8957766003460207 0.7691683967704729 0.9006898788927336 0.7691683967704729 0.9109630190311417 0.7685732410611302 0.9243628892733564 0.7685732410611302 0.9368693771626297 0.7679780853517878 0.9440157871972318 0.7650023068050749 0.9547357266435987 0.7584553056516724 0.9645622837370244 0.7507179930795848 0.9699221453287198 0.7441709919261822 0.9797487024221454 0.7257205882352941 0.9855551470588236 0.7185784313725491 0.9900218425605536 0.7019134948096886 0.9909150086505191 0.6894149365628605 0.9935951557093425 0.67870184544406 0.9962750865051903 0.6501332179930795 0.996721669550173 0.6370395040369089 0.9949351211072665 0.6114469434832757 0.9931483564013841 0.5971626297577854 0.9828752162629757 0.574545847750865 0.9761753892733565 0.5614521337946944 0.9721554930795848 0.5560954440599769 0.9605421712802767 0.5537148212226066 0.9408892733564013 0.551929354094579 0.923916089965398 0.5406208189158016 0.9136429498269897 0.5281222606689735 0.8841634948096886 0.5061006343713956 0.8506639273356401 0.5102670126874279 0.8243109861591695 0.5245513264129181 0.8082311851211073 0.5263367935409458 0.7809848615916954 0.5322886389850058 0.7662452422145328 0.5650230680507498 0.7537387543252595 0.592401384083045 0.7474855103806228 0.6287070357554787 0.7559721020761245 0.6679884659746251 0.7483786764705883 0.6792970011534025
3 0.22761029411764708 0.6151620530565167 0.22268014705882352 0.6370602652825835 0.21775 0.6684478085351788 0.24130536332179933 0.691076124567474 0.2703386678200692 0.7158941753171857 0.2686950692041522 0.7078647635524798 0.2665041089965398 0.6757474048442907 0.26212153979238756 0.660418396770473 0.2544524221453287 0.6304907727797001 0.24733109861591698 0.598373414071511 0.2251451124567474 0.600752306805075 0.22761029411764708 0.6151620530565167