6 0.8540073529411765 0.7253269230769231 0.1810964532871973 0.34367307692307697
10 0.6889424740484429 0.552485576923077 0.15755190311418696 0.32875000000000004
11 0.5650800173010381 0.5942788461538461 0.03456531141868511 0.06486538461538464
12 0.5888754325259515 0.5455625 0.031059688581314856 0.11110096153846155
1 0.6332093425605536 0.28053365384615386 0.13175173010380628 0.29601923076923076
13 0.7424178200692042 0.17647115384615386 0.12173226643598622 0.10793269230769231
9 0.4573745674740485 0.5633509615384615 0.18285034602076125 0.08653846153846154
3 0.3401492214532872 0.456451923076923 0.04007569204152248 0.22020192307692302
5 0.4776621972318339 0.33897596153846155 0.18285034602076125 0.3460817307692308
2 0.49143814878892733 0.6682788461538461 0.16230968858131492 0.1493846153846155
6 0.33025519031141864 0.6796682692307693 0.16606833910034605 0.2690576923076922
7 0.1304995674740484 0.7192403846153846 0.2579930795847751 0.455110576923077
14 0.27139273356401383 0.9186153846153846 0.2677616782006921 0.15511538461538454