6 0.199375 0.4567067307692308 0.23913062283737024 0.21434615384615385
3 0.6336980968858131 0.4719855769230769 0.035272491349481044 0.20503846153846156
2 0.679132785467128 0.6237932692307693 0.07951124567474045 0.10596153846153851
2 0.9306682525951557 0.7642740384615385 0.11986375432525952 0.22345673076923075
6 0.8040787197231833 0.6074951923076922 0.14108780276816615 0.24481250000000002
12 0.6761418685121108 0.5317884615384615 0.03586937716262969 0.09339423076923081
11 0.5628546712802768 0.514826923076923 0.028096885813148804 0.05947115384615381
9 0.4752595155709342 0.48540865384615384 0.14154844290657434 0.07349038461538457
5 0.48796496539792383 0.28794711538461537 0.1606596020761246 0.3004423076923076
1 0.5649344723183392 0.47083125 0.5720748269896193 0.4838956730769231 0.5745949394463669 0.49882596153846154 0.5792153979238754 0.515623076923077 0.5876159169550172 0.5230884615384614 0.597276384083045 0.5268211538461538 0.6090371972318339 0.5184225961538461 0.6161775519031142 0.5006923076923078 0.6199578287197232 0.47549711538461537 0.621217776816609 0.44470240384615384 0.62541803633218 0.42510576923076926 0.6283583477508651 0.40644230769230766 0.6283583477508651 0.38684615384615384 0.6300384948096885 0.3719153846153846 0.6380188148788928 0.3728485576923077 0.6472595155709342 0.38218028846153845 0.6506195934256056 0.38964567307692305 0.652719723183391 0.40550913461538457 0.6464193339100346 0.4297716346153846 0.6476794982698961 0.4540341346153846 0.648099480968858 0.46803173076923077 0.6472595155709342 0.48856153846153844 0.6447394031141869 0.5100240384615384 0.6426390570934256 0.5268211538461538 0.648939446366782 0.5324201923076923 0.6552398356401384 0.5286875000000001 0.6594400951557093 0.504425 0.6619604238754325 0.4838956730769231 0.6716208910034601 0.4866951923076923 0.6850618512110727 0.49229375 0.6901020761245675 0.4782966346153846 0.6938823529411765 0.4614995192307692 0.6976626297577855 0.4335043269230769 0.7001827422145329 0.40364278846153845 0.7052229671280277 0.3663163461538462 0.7060629325259515 0.3355216346153846 0.7048029844290657 0.2935293269230769 0.7039630190311419 0.2618014423076923 0.6985025951557093 0.23473990384615384 0.6934623702422146 0.20954423076923076 0.6842216695501729 0.18528173076923077 0.6712009083044982 0.16381874999999999 0.6581801470588236 0.14515576923076923 0.6438992214532872 0.13675721153846154 0.6296182958477509 0.14515576923076923 0.6182776816608997 0.16195240384615384 0.6035767733564014 0.17874951923076923 0.5918161764705883 0.21421009615384617 0.5804753460207612 0.2543360576923077 0.5745949394463669 0.28979663461538463 0.5699746972318339 0.32805625 0.5640945069204152 0.34205384615384615 0.5582141003460207 0.38404663461538463 0.5573739186851211 0.4083086538461539 0.5640945069204152 0.4605663461538461 0.5649344723183392 0.47083125
13 0.7165635813148789 0.15589423076923076 0.11004757785467122 0.09796634615384614
10 0.3557612456747405 0.5008076923076923 0.1306271626297578 0.24714423076923075