13 0.8508044982698961 0.20001730103806228 0.1449026816608997 0.09686562860438294
0 0.7482850346020762 0.17502018454440602 0.04295631487889276 0.07207035755478663
10 0.7583088235294118 0.4591753171856978 0.18671280276816601 0.24404555940023065
3 0.651492214532872 0.3715916955017301 0.038373702422145245 0.13531141868512103
11 0.6341673875432525 0.46722029988465974 0.04324178200692037 0.058529411764705885
12 0.46248702422145327 0.46263552479815456 0.04524653979238755 0.08143598615916957
5 0.542670847750865 0.292560553633218 0.1953049307958478 0.24300461361014994
1 0.38616998269896197 0.2698356401384083 0.1606531141868512 0.31897635524798157
6 0.3108542387543253 0.44391580161476357 0.20933607266435983 0.19519607843137257
7 0.13667820069204153 0.47520184544405997 0.27335640138408307 0.24452133794694347
15 0.5512651384083045 0.07153402537485581 0.07404195501730101 0.12142733564013841
9 0.4479422577854671 0.456856401384083 0.4458845155709342 0.4458892733564014 0.4438269896193771 0.4332771049596309 0.45041133217993085 0.4283419838523645 0.4623453719723184 0.4266969434832757 0.4767487024221453 0.43218050749711645 0.48497923875432525 0.4425991926182237 0.4829214965397924 0.4557598039215686 0.6006169982698962 0.46179181084198384 0.5940326557093425 0.4223102652825836 0.4125512543252595 0.40969809688581316 0.40432071799307956 0.44224942329873124 0.4479422577854671 0.456856401384083
14 0.9378605103806229 0.5992272202998846 0.8124279844290657 0.5492773933102653 0.7677335640138409 0.6728180507497117 0.9378605103806229 0.7356280276816609 0.9378605103806229 0.5992272202998846