1 0.8764143598615917 0.6723241061130334 0.24717128027681662 0.2926384083044982
11 0.7383044982698962 0.6998760092272204 0.03950692041522497 0.045608419838523664
9 0.6135207612456748 0.6648154555940022 0.1863819204152249 0.05807670126874275
13 0.8858693771626298 0.47108419838523646 0.14963019031141866 0.0879815455594002
5 0.5948010380622838 0.5418252595155709 0.1786743079584774 0.1854152249134948
15 0.466371107266436 0.6104613610149943 0.05726427335640138 0.08923010380622833
4 0.3647815743944637 0.46760957324106117 0.0382677335640138 0.09755190311418684
3 0.28150086505190314 0.63010092272203 0.03771626297577857 0.12961072664359855
12 0.33153762975778545 0.6702191464821223 0.03620242214532874 0.06448385236447524
2 0.21804282006920417 0.7042531718569781 0.10323961937716265 0.08519607843137256
14 0.16394463667820072 0.5475115340253749 0.22052119377162632 0.2044982698961937
15 0.5934320934256055 0.3398269896193772 0.06011678200692052 0.08284890426758944