2 0.9309731833910034 0.7542548076923077 0.12261678200692032 0.21542788461538467
6 0.8025670415224914 0.6145865384615384 0.142227508650519 0.26381730769230777
2 0.6752249134948096 0.6285240384615385 0.08316176470588235 0.11206730769230765
12 0.6759320934256056 0.5348028846153846 0.03354887543252597 0.09164903846153852
3 0.6313970588235294 0.46521634615384616 0.039455017301037974 0.20142788461538463
11 0.5625281141868512 0.5161682692307693 0.03354887543252597 0.05753365384615388
13 0.71219723183391 0.1538317307692308 0.1131682525951557 0.09547596153846155
1 0.6386029411764707 0.32496153846153847 0.12332612456747409 0.36210096153846144
5 0.4858628892733564 0.2845384615384616 0.1538040657439447 0.3001682692307693
9 0.4741695501730104 0.4851682692307692 0.14033737024221454 0.07115865384615384
10 0.3572210207612457 0.4998413461538462 0.1190743944636678 0.30005769230769225
7 0.19373053633217993 0.552875 0.24145544982698958 0.4040528846153845
14 0.3445804498269896 0.7308990384615385 0.16467128027681663 0.1970721153846153