1 0.7688209342560554 0.7043705305651673 0.7688209342560554 0.7096052479815456 0.7719638840830451 0.7216453287197232 0.9436423010380623 0.8085435409457901 0.9538566176470588 0.8090668973471742 0.9668209342560553 0.7959310841983853 0.9683923010380622 0.791219723183391 0.9738923010380623 0.7791796424452134 0.9852850346020761 0.7624282006920415 0.9923566176470588 0.7472471164936563 0.9982493512110726 0.7289253171856979 0.9997837370242214 0.6095709342560555 0.9954993512110727 0.5975308535178777 0.9805707179930795 0.5875847750865052 0.9648566176470589 0.5833967704728951 0.9546423010380622 0.5818264129181084 0.9459993512110727 0.5818264129181084 0.9330352508650518 0.5786854094579008 0.9255709342560554 0.5666453287197232 0.9157493512110727 0.5566992502883507 0.9055352508650518 0.5498938869665513 0.8949279844290657 0.5430888119953864 0.8815709342560554 0.5394244521337946 0.8670352508650518 0.5394244521337946 0.8489636678200693 0.5509408881199539 0.8395352508650519 0.5525112456747404 0.8304995674740484 0.5488468858131488 0.8100709342560554 0.5457061707035755 0.8006423010380623 0.5504175317185698 0.7923923010380622 0.553558246828143 0.7845352508650518 0.574497693194925 0.7806066176470589 0.5865377739331027 0.7692138840830449 0.6017188581314878 0.7676423010380623 0.6142822952710496 0.7648923010380623 0.6247520184544406 0.7586066176470588 0.6357450980392158 0.7601782006920415 0.6603489042675894 0.7629282006920416 0.6692479815455594 0.7676423010380623 0.6859994232987312 0.7676423010380623 0.6996101499423298 0.7688209342560554 0.7043705305651673
11 0.736213884083045 0.7096052479815456 0.744463884083045 0.7143166089965398 0.7495709342560554 0.7158869665513264 0.7570352508650519 0.7164106113033449 0.7605709342560554 0.7096052479815456 0.7613566176470588 0.7017528835063438 0.7589995674740484 0.6928538062283737 0.7546782006920415 0.6881424452133795 0.7464282006920415 0.6844780853517878 0.7393566176470588 0.680813725490196 0.7326782006920415 0.679243079584775 0.726785250865052 0.679243079584775 0.7220709342560554 0.6813370818915802 0.7197138840830449 0.6860484429065744 0.7204995674740484 0.6944241637831603 0.7201066176470589 0.6965181660899654 0.7314995674740484 0.7054172433679354 0.736213884083045 0.7096052479815456
9 0.5350711505190311 0.6944155132641292 0.7079282006920415 0.6860397923875433 0.7098925173010381 0.6802814302191464 0.6890709342560554 0.6373558246828143 0.5232854671280277 0.6429757785467128 0.5350711505190311 0.6944155132641292
5 0.5109039792387543 0.5943711072664359 0.5734846453287198 0.5964385813148789 0.5738293685121107 0.6008030565167244 0.5572791955017301 0.6012626874279123 0.5481420847750865 0.6067759515570934 0.5491764705882353 0.6143566897347174 0.5512452422145329 0.6214780853517878 0.5556414359861592 0.6288292964244522 0.5592616782006921 0.6343425605536333 0.6328760813148788 0.6302076124567474 0.6363239619377162 0.6267618223760093 0.634772491349481 0.6200997693194925 0.6230493079584775 0.60195184544406 0.6066714965397924 0.6026410034602075 0.6085352508650519 0.5954282006920416 0.6808209342560554 0.5938578431372549 0.6831782006920415 0.45513465974625145 0.5111068339100346 0.45408765859284894 0.5109039792387543 0.5943711072664359
15 0.44750605536332183 0.5954002306805075 0.44600886678200685 0.6106133217993079 0.4471317041522491 0.6188434256055363 0.44975194636678195 0.6248290080738178 0.45181076989619373 0.6283203575547865 0.4544310121107267 0.6328094002306806 0.45255947231833915 0.6382961361014994 0.4548053633217993 0.6427851787773934 0.4570514705882353 0.6452794117647059 0.4615432525951557 0.6475239331026528 0.46603525086505193 0.6475239331026528 0.47183715397923875 0.6475239331026528 0.4765162197231834 0.6452794117647059 0.4817569204152249 0.6415383506343714 0.48119528546712803 0.6340565167243367 0.4871846885813149 0.6233324682814303 0.4898049307958478 0.6163494809688581 0.49092776816609 0.6106133217993079 0.4913021193771626 0.6068725490196079 0.4916764705882353 0.6033809111880046 0.4914894031141868 0.5978941753171857 0.4911150519031142 0.59589907727797 0.4944839965397924 0.5881678200692042 0.4946710640138408 0.5819331026528258 0.49223788927335643 0.5761969434832757 0.4873717560553633 0.573204152249135 0.47857504325259514 0.5704607843137255 0.4722115051903114 0.5682162629757785 0.4647251297577855 0.5684656862745098 0.45630276816608994 0.5707102076124567 0.4510620674740484 0.573204152249135 0.44675735294117647 0.5766957900807381 0.4432949826989619 0.583323817762399 0.44563451557093425 0.5931557093425605 0.44750605536332183 0.5954002306805075
4 0.2901957179930796 0.6024780853517877 0.29300324394463667 0.610957324106113 0.2948747837370242 0.619686274509804 0.2959978373702422 0.6294126297577854 0.2973079584775086 0.6488653402537485 0.3991245674740484 0.611931660899654 0.40193187716262974 0.5039437716262976 0.28888559688581317 0.531666955017301 0.2901957179930796 0.6024780853517877
12 0.3216118079584775 0.6902497116493657 0.3266663062283737 0.6962756632064591 0.3359766435986159 0.6991113033448674 0.34555320069204154 0.6902497116493657 0.346617214532872 0.6767799884659745 0.3476814446366782 0.6572846020761246 0.3498094723183391 0.6523220876585929 0.3500754757785467 0.6452326989619377 0.34182915224913496 0.6406245674740485 0.3335826124567474 0.6395611303344868 0.3271983131487889 0.6395611303344868 0.3210798010380623 0.6423970588235295 0.31602551903114184 0.651913783160323 0.3216118079584775 0.6902497116493657
14 0.07754325259515571 0.6817771049596308 0.08419377162629758 0.687448673587082 0.26588192041522496 0.6286072664359862 0.26667993079584773 0.6278982122260669 0.26747794117647056 0.6169100346020762 0.26827595155709344 0.6084028258362167 0.2701379757785467 0.6006043829296425 0.26880795847750866 0.5920971741637832 0.2677439446366782 0.5782730680507497 0.26907396193771627 0.573310553633218 0.2735962370242214 0.569411476355248 0.27838451557093424 0.5658667820069204 0.2847688148788927 0.5679936562860438 0.28929108996539793 0.5708292964244521 0.2884930795847751 0.4450118223760092 0.2834387975778547 0.4389858708189158 0.0639766435986159 0.4722416378316032 0.05985337370242214 0.4832603806228373 0.07754325259515571 0.6817771049596308
7 0.12861807958477509 0.7041747404844291 0.1358006055363322 0.7155175893886967 0.13500259515570934 0.7286329296424452 0.13127833044982698 0.7286329296424452 0.13393836505190312 0.7608892733564014 0.1993780276816609 0.862975201845444 0.3201487889273356 0.7988168973471742 0.32227703287197235 0.7913731257208766 0.3260010813148789 0.7885374855824683 0.32493706747404844 0.7750677623990773 0.31935077854671284 0.7527364475201844 0.3236070501730104 0.749191753171857 0.3244050605536332 0.7360767012687428 0.31802076124567474 0.7109094579008074 0.24859083044982697 0.6308001730103806 0.24593079584775085 0.6315092272202999 0.24593079584775085 0.6389529988465975 0.1363326124567474 0.6790074971164936 0.1299483131487889 0.6722727797001153 0.12569204152249136 0.6769189734717416 0.12861807958477509 0.7041747404844291
2 0.16825432525951559 0.6889325259515571 0.1905996972318339 0.7421023644752018 0.19405774221453287 0.7545086505190312 0.2735962370242214 0.7300507497116493 0.27253222318339104 0.7211891580161476 0.24167452422145327 0.6580942906574395 0.1667913062283737 0.6790472895040369 0.16825432525951559 0.6889325259515571
2 0.30152789792387547 0.7676239907727797 0.2978036332179931 0.7612436562860438 0.19991003460207613 0.799285755478662 0.21507288062283736 0.820439446366782 0.30152789792387547 0.7676239907727797
14 0.20044225778546712 0.8187001153402538 0.20523053633217994 0.840677047289504 0.30498594290657444 0.7928241061130334 0.30924221453287193 0.7782912341407151 0.30924221453287193 0.7687205882352941 0.3001976643598616 0.7605677623990772 0.30126167820069205 0.7669480968858131 0.21480687716262978 0.8211813725490196 0.19991003460207613 0.8014140715109573 0.19299372837370243 0.8048760092272202 0.20044225778546712 0.8187001153402538
14 0.19192971453287197 0.7502551903114187 0.19778200692041523 0.7743589965397923 0.24938884083044982 0.7690418108419838 0.28716306228373706 0.7513186274509803 0.31057223183391003 0.7410392156862745 0.31349848615916953 0.7335954440599769 0.24593079584775085 0.655967416378316 0.24433455882352945 0.6584486735870819 0.27200021626297577 0.7179988465974625 0.2733302335640138 0.7286329296424452 0.19778200692041523 0.7527364475201844 0.19192971453287197 0.7431658016147635 0.16825432525951559 0.6885781430219147 0.1520274653979239 0.6977944059976932 0.19192971453287197 0.7502551903114187
4 0.3503094723183391 0.5176361014994233 0.3834301470588235 0.5067566320645905 0.3840464965397924 0.4279322376009227 0.3829679930795848 0.4221845444059977 0.369719723183391 0.4221845444059977 0.36556033737024224 0.4203370818915802 0.3626334342560554 0.4244426182237601 0.35015549307958477 0.4287531718569781 0.3503094723183391 0.5176361014994233
3 0.2990108131487889 0.6874919261822376 0.29808650519031143 0.6614224336793542 0.29824070069204156 0.6519798154555939 0.29808650519031143 0.6452058823529412 0.2971621972318339 0.6396634948096886 0.2965460640138408 0.632068339100346 0.2957757352941176 0.6242681660899654 0.2945434688581315 0.6170836216839677 0.2885354671280277 0.5994302191464821 0.2891516003460208 0.5906035178777393 0.2896137543252595 0.5860876585928488 0.28899762110726646 0.5725395040369089 0.2869950259515571 0.5694604959630911 0.28160315743944636 0.5674077277970011 0.27667365916955017 0.5674077277970011 0.27236029411764706 0.570486735870819 0.26866306228373704 0.5754134948096886 0.2708196366782007 0.5949143598615917 0.2718981401384083 0.6023039215686274 0.2677387543252595 0.6146202422145329 0.2660441176470588 0.6265262399077278 0.2675847750865052 0.6501931949250288 0.2990108131487889 0.6874919261822376
13 0.8157469723183391 0.4699896193771626 0.9543743512110727 0.5095726643598616 0.96049026816609 0.4657208765859285 0.8195328719723184 0.4294731833910035 0.8157469723183391 0.4699896193771626
15 0.5726518166089966 0.32147606689734715 0.5729156574394463 0.32850720876585926 0.5729156574394463 0.3379994232987313 0.5731794982698962 0.34643685121107265 0.573443339100346 0.3562805651672433 0.5713326124567474 0.35733506343713956 0.5676390570934255 0.3590928489042676 0.5660560121107266 0.3629602076124568 0.5705410899653979 0.3689365628604383 0.5731794982698962 0.37245213379469433 0.5805668252595156 0.37561620530565165 0.5911202422145329 0.3763192041522491 0.6000906141868512 0.37491320645905424 0.6109076557093426 0.37385841983852364 0.6127545415224913 0.3706943483275663 0.6167121539792387 0.36858506343713954 0.6175036764705882 0.36858506343713954 0.6201418685121107 0.3668272779700115 0.6196141868512111 0.3647179930795848 0.6143375865051903 0.3590928489042676 0.6159206314878892 0.35487427912341407 0.6172398356401384 0.3467883506343714 0.6198780276816609 0.3355383506343714 0.6225164359861591 0.30741349480968855 0.6201418685121107 0.30671049596309113 0.6143375865051903 0.3060074971164936 0.6077417820069204 0.3042497116493656 0.602201124567474 0.3042497116493656 0.595869160899654 0.3042497116493656 0.5892733564013841 0.30460121107266436 0.5816221885813149 0.3049527104959631 0.5715964532871972 0.3070619953863899 0.5726518166089966 0.32147606689734715