1 0.9056459775086506 0.760744521337947 0.9264496107266437 0.7669048442906575 0.939856401384083 0.7693688004613609 0.9486399221453288 0.7675207612456748 0.9528006055363322 0.7644405997693194 0.9611221885813149 0.7564325259515571 0.9625090830449826 0.7428800461361015 0.9648205017301038 0.7299437716262976 0.9703680795847751 0.7237837370242214 0.9745287629757784 0.7243996539792387 0.9800763408304497 0.7311758938869665 0.9897848183391004 0.7410320069204152 0.9990307093425606 0.7434962514417532 0.9948700259515572 0.7287116493656286 0.9897848183391004 0.720087658592849 0.9902469723183391 0.7102312572087658 0.9971814446366781 0.6960628604382929 0.9934831314878892 0.6886707035755478 0.9920962370242216 0.6800464244521337 0.996256920415225 0.675734429065744 0.9957945501730104 0.6597179930795848 0.9902469723183391 0.6535576701268743 0.9920962370242216 0.6443174740484429 0.9930207612456747 0.6344613610149942 0.9920962370242216 0.6276851211072664 0.9883979238754325 0.6202929642445213 0.9883979238754325 0.6122846020761246 0.9879355536332179 0.5987324106113033 0.9846993944636678 0.5814838523644752 0.9846993944636678 0.5703956170703576 0.9833125000000001 0.5605392156862745 0.9745287629757784 0.5512990196078431 0.9648205017301038 0.5463708189158016 0.9560367647058824 0.5445227797001153 0.9509515570934256 0.5426747404844291 0.9463285034602077 0.5426747404844291 0.9384695069204153 0.5426747404844291 0.9287610294117647 0.5432909457900807 0.9185903979238754 0.5432909457900807 0.9158166089965397 0.5377465397923875 0.9074952422145328 0.5285063437139561 0.9019476643598615 0.5223463091118801 0.8871541955017301 0.514954152249135 0.8797573529411765 0.5100259515570934 0.8728228806228374 0.5057136678200692 0.8645012975778547 0.5057136678200692 0.8529437716262976 0.5063298731257209 0.8441602508650519 0.5081779123414072 0.8372257785467128 0.514954152249135 0.8270551470588235 0.5248102652825836 0.8159597750865052 0.5192661476355248 0.8039400951557093 0.514954152249135 0.7946939878892734 0.514954152249135 0.782211937716263 0.5278904267589388 0.7785136245674741 0.5309705882352941 0.7725036764705882 0.5408267012687428 0.7683429930795849 0.5488350634371395 0.7655692041522492 0.5648514994232987 0.7535493079584775 0.5796358131487889 0.7512378892733564 0.5833318915801614 0.7470772058823529 0.5981162053056516 0.7438410467128028 0.607356401384083 0.7401427335640138 0.62583708189158 0.742454152249135 0.6412373125720877 0.7503131487889273 0.6535576701268743 0.7563230968858131 0.6714221453287198 0.7549362024221453 0.6794305074971164 0.7586345155709342 0.6954469434832756 0.9056459775086506 0.760744521337947
11 0.738755839100346 0.7016069780853518 0.7456903114186851 0.6979108996539792 0.7489262543252595 0.6929826989619378 0.749388624567474 0.6868226643598615 0.7461524653979238 0.675734429065744 0.738755839100346 0.6671101499423299 0.7151784169550174 0.6621819492502884 0.7105553633217994 0.6640299884659747 0.7022339965397925 0.6695741061130335 0.7059323096885813 0.6789648212226067 0.7295097318339101 0.6985268166089965 0.738755839100346 0.7016069780853518
9 0.5161580882352942 0.6960628604382929 0.5198566176470588 0.7022231833910034 0.5258665657439446 0.703455017301038 0.6890583910034602 0.6720383506343713 0.6932190743944637 0.6646461937716263 0.6701042387543252 0.6289169550173009 0.6654811851211072 0.623989042675894 0.6585467128027681 0.623989042675894 0.5006710640138409 0.6503021914648213 0.5161580882352942 0.6960628604382929
5 0.48102335640138405 0.6029867358708189 0.5406600346020761 0.5962107843137255 0.5401978806228374 0.6005227797001153 0.5170828287197232 0.6023708189158016 0.5249418252595156 0.6313235294117646 0.533725562283737 0.6393318915801615 0.6104673442906574 0.6276274509803922 0.6146282439446367 0.6165392156862745 0.597985294117647 0.5955945790080738 0.5827294550173011 0.5937465397923875 0.5808801903114187 0.5882024221453287 0.6543860294117647 0.5820423875432525 0.6497629757785467 0.4360464244521338 0.4764003027681661 0.4478148788927335 0.48102335640138405 0.6029867358708189
15 0.4124381487889273 0.6088304498269896 0.4124381487889273 0.61304354094579 0.4124381487889273 0.6205334486735872 0.4141946366782007 0.6275553633217993 0.4170051903114187 0.6345772779700115 0.4191131055363322 0.6401946366782008 0.42192344290657435 0.6476845444059978 0.42192344290657435 0.6551747404844291 0.42438278546712804 0.6575152825836217 0.43000367647058824 0.6603238177623991 0.43492192906574395 0.6607920991926182 0.44019160899653975 0.6603238177623991 0.4458125 0.6589195501730103 0.45178481833910034 0.6570470011534025 0.4538927335640139 0.6547064590542099 0.4542439446366782 0.6467485582468281 0.45635185986159166 0.6439397347174164 0.4581085640138408 0.6406629181084198 0.4595136245674741 0.6373861014994233 0.4619729671280277 0.6303641868512111 0.4619729671280277 0.6289599192618224 0.463729455017301 0.623810553633218 0.4640806660899654 0.6200654555940024 0.4640806660899654 0.6144480968858131 0.4640806660899654 0.6036810841983852 0.4668912197231834 0.5966594579008074 0.4679450692041522 0.5854244521337947 0.4598650519031142 0.5788708189158016 0.451433607266436 0.575125720876586 0.43457071799307956 0.5779345444059977 0.4226260813148789 0.5793388119953864 0.4155999134948097 0.5816793540945789 0.4089249567474048 0.5891695501730104 0.4099790224913495 0.5971274509803922 0.41173551038062284 0.6027450980392157 0.4124381487889273 0.6088304498269896
12 0.2886312716262976 0.7286617647058823 0.2896862024221453 0.7320354671280277 0.2926401384083045 0.7351280276816609 0.2970707179930796 0.7362525951557094 0.3008685121107266 0.7362525951557094 0.3059323096885813 0.7362525951557094 0.30909710207612456 0.7342846020761246 0.3112069636678201 0.7331600346020761 0.3139498269896194 0.7300674740484429 0.315848615916955 0.727818339100346 0.3179584775086505 0.6859282006920415 0.3196464100346021 0.6811487889273357 0.3185914792387543 0.6769316608996541 0.315848615916955 0.6721525374855825 0.31205082179930793 0.6699031141868512 0.30846410034602073 0.6684974048442907 0.30551038062283736 0.6684974048442907 0.3025564446366782 0.6684974048442907 0.30065765570934255 0.668778835063437 0.2949608564013841 0.6701842560553634 0.28989727508650515 0.671871107266436 0.28694333910034603 0.6735579584775087 0.28441154844290656 0.6755262399077278 0.28187975778546714 0.679461937716263 0.2814576124567474 0.683960495963091 0.2829346885813149 0.6875389273356401 0.2886312716262976 0.7286617647058823
3 0.23194831314878891 0.6324789504036908 0.2267649221453287 0.6582459630911188 0.22935661764705884 0.6887946943483275 0.26842993079584776 0.7212027104959631 0.26524026816609 0.6730720876585928 0.2638449394463668 0.6661655132641292 0.2630473615916955 0.6581963667820069 0.25307980103806227 0.6292416378316033 0.25447512975778547 0.6263197808535179 0.25347837370242216 0.621803633217993 0.2546745242214533 0.6164910611303345 0.25268101211072663 0.6010839100346022 0.25088689446366785 0.5976306228373702 0.24769723183391004 0.5949740484429066 0.2429126297577855 0.5947084775086505 0.23912499999999998 0.595239907727797 0.23473918685121106 0.5968336216839677 0.23254628027681662 0.5989587658592849 0.22995458477508648 0.6024120530565167 0.22875865051903113 0.6061686851211073 0.23194831314878891 0.6324789504036908
2 0.12136353806228373 0.7505542099192618 0.15069723183391 0.8003794694348327 0.15778871107266437 0.8055340253748559 0.17197210207612457 0.8175608419838524 0.2522363754325259 0.7810507497116495 0.25094701557093424 0.7655879469434833 0.20162802768166088 0.7015882352941177 0.12136353806228373 0.7345210495963092 0.12136353806228373 0.7505542099192618
7 0.07591262975778547 0.7703125720876586 0.08042560553633217 0.7990911188004614 0.08526081314878892 0.8373189158016148 0.18454368512110728 0.942982987312572 0.3176727941176471 0.8394665513264129 0.3154165224913495 0.8197084775086505 0.30639078719723184 0.8016681084198385 0.3131600346020761 0.7943662053056517 0.3131600346020761 0.7780441176470588 0.3038118512110727 0.7505542099192618 0.20646323529411764 0.6672257785467127 0.20259493944636678 0.6723803344867358 0.20259493944636678 0.6779639561707036 0.08461613321799308 0.7376683967704729 0.07784666955017301 0.7333731257208767 0.07301146193771627 0.7403232410611302 0.07591262975778547 0.7703125720876586
2 0.28721107266435986 0.8171712802768165 0.28269809688581315 0.8102990196078432 0.177935553633218 0.8757090542099192 0.19953265570934256 0.8962044405997692 0.28721107266435986 0.8171712802768165
14 0 0.617969723183391 0.015207612456747403 0.7531306228373702 0.01867603806228374 0.7595297001153403 0.022411115916955018 0.76095184544406 0.02587954152249135 0.7598852364475203 0.22677984429065745 0.6656084198385236 0.22758023356401383 0.660275663206459 0.22758023356401383 0.6549429065743945 0.228380839100346 0.6496101499423299 0.22918122837370242 0.6425000000000001 0.23024826989619374 0.6385893886966552 0.23158239619377163 0.6339677047289504 0.23078200692041523 0.6275686274509804 0.2305151384083045 0.6222358708189158 0.2297147491349481 0.6172586505190311 0.2289143598615917 0.611570645905421 0.22784710207612457 0.6069489619377162 0.22998161764705882 0.6030383506343714 0.23184904844290655 0.5977055940023067 0.2353174740484429 0.5962834486735871 0.23878589965397923 0.5945060553633218 0.2425211937716263 0.5937949826989619 0.2459896193771626 0.5941505190311419 0.25079195501730106 0.596994521337947 0.24385510380622838 0.4551453287197232 0.2377186418685121 0.45087918108419833 0 0.5108327566320646 0 0.617969723183391
4 0.24855493079584776 0.5954553056516725 0.2522357266435986 0.598997693194925 0.2534628027681661 0.630060553633218 0.2632781141868512 0.6622130911188004 0.26430060553633217 0.6712050173010381 0.2651185121107266 0.6848290080738177 0.36736245674740486 0.6305544982698962 0.36429519896193774 0.5122978662053056 0.24783931660899655 0.5542984429065744 0.24855493079584776 0.5954553056516725
4 0.3072430795847751 0.433621107266436 0.3107192906574395 0.5328042099192618 0.34589121972318343 0.520270184544406 0.3436418685121107 0.4257191464821223 0.32953222318339104 0.4273540945790081 0.32441998269896194 0.42462946943483276 0.3209437716262976 0.43035149942329876 0.30857223183391 0.4340596885813149 0.3072430795847751 0.433621107266436
13 0.9355891003460207 0.4201600346020761 0.789403330449827 0.39992185697808535 0.7848468858131488 0.44526557093425606 0.9329312283737023 0.47024971164936563 0.9355891003460207 0.4201600346020761
15 0.546148356401384 0.32510957324106116 0.056425173010380594 0.07914648212226068