10 0.8147889273356401 0.5785072087658593 0.8317897923875432 0.4519132064590542 0.6696390947231834 0.42066684976931945 0.6572813581314878 0.5418615916955017 0.6362804930795848 0.5991617647058823 0.8192891435986159 0.6524645328719723 0.8147889273356401 0.5785072087658593
11 0.593778330449827 0.5578523644752018 0.6027787629757785 0.5658477508650519 0.6192796280276817 0.5645149942329873 0.6287800605536332 0.5565196078431373 0.6197796280276816 0.5305346020761246 0.6062789792387544 0.5218731257208766 0.5887781141868512 0.531358708189158 0.593778330449827 0.5578523644752018
3 0.618048875432526 0.42784803921568626 0.6149539359861592 0.4360960207612457 0.6082878460207612 0.5115989042675894 0.612334991349481 0.5179437716262976 0.6187631920415225 0.5201643598615917 0.6287623269896193 0.5211162053056517 0.6366189446366782 0.5188953287197232 0.6461420847750865 0.444661476355248 0.6449515570934256 0.43228921568627454 0.6473323961937716 0.40246885813148786 0.6461420847750865 0.39644117647058824 0.6394757785467128 0.3935862168396771 0.6320953719723184 0.3926343713956171 0.622810553633218 0.3944149365628604 0.618048875432526 0.42784803921568626
12 0.418659169550173 0.5231931949250288 0.4215160034602076 0.5723653402537485 0.4246109429065744 0.5783927335640139 0.43484839965397926 0.5812479815455595 0.44270501730103806 0.5783927335640139 0.4512757352941177 0.5764893310265283 0.455084991349481 0.5368344867358708 0.459608347750865 0.5219244521337947 0.4584180363321799 0.5181173587081891 0.45270415224913496 0.5136761822376009 0.44413343425605534 0.5095519031141869 0.43603871107266434 0.5089175317185698 0.4260395761245675 0.5108209342560553 0.4174686418685121 0.5172626874279124 0.418659169550173 0.5231931949250288
5 0.49240484429065745 0.4450717993079585 0.46552422145328715 0.44739763552479817 0.46796799307958475 0.4664700115340254 0.4766955017301038 0.4846118800461361 0.5119543685121107 0.48600749711649366 0.5447698961937717 0.4869377162629758 0.5597811418685121 0.484146770472895 0.5580356833910034 0.4692609573241061 0.5440715830449827 0.4501888696655133 0.5329005190311419 0.4539103229527105 0.5297584342560554 0.43716378316032295 0.6093531574394463 0.4404201268742791 0.6170333044982699 0.2813298731257209 0.4239513910034602 0.26975672376009224 0.4222359429065744 0.4325121107266436 0.4250287629757786 0.4343728373702422 0.49519766435986157 0.43623356401384084 0.49240484429065745 0.4450717993079585
9 0.3794368512110727 0.5177280853517878 0.37892668685121106 0.5354031141868513 0.4194850778546713 0.5408414071510957 0.4199952422145329 0.540161476355248 0.42101557093425607 0.5306444636678201 0.4169340397923875 0.5184080161476355 0.4189746972318339 0.5156888696655133 0.4253518598615917 0.5119498269896193 0.4307086937716263 0.511270184544406 0.43836115916955015 0.5102502883506344 0.4483094723183391 0.5116101499423299 0.4554517733564014 0.5146689734717417 0.45876773356401385 0.5204475201845444 0.4557067474048443 0.5269054209919262 0.45392128027681655 0.5408414071510957 0.5761064013840831 0.543560553633218 0.5659028979238755 0.5051519607843137 0.3893851643598616 0.4946150519031142 0.38020220588235293 0.5184080161476355 0.3794368512110727 0.5177280853517878
6 0.1887095588235294 0.48456718569780854 0.20350475778546712 0.51060553633218 0.22444160899653978 0.5292044405997693 0.20964641003460208 0.5593344867358708 0.22974545847750866 0.6047156862745098 0.267431660899654 0.637449538638985 0.3910977508650519 0.5820250865051902 0.3933310986159169 0.5310643021914648 0.2844602076124568 0.47154786620530564 0.17642668685121107 0.44402162629757785 0.17251859861591695 0.44402162629757785 0.16874999999999998 0.44851095732410606 0.1887095588235294 0.48456718569780854
7 0.0012562716262975778 0.6391946366782006 0.024984429065743947 0.6983388119953864 0.11263948961937717 0.6755787197231834 0.11124372837370242 0.6554922145328719 0.15674610726643598 0.6484244521337946 0.16986656574394463 0.6551202422145328 0.19136159169550174 0.6454486735870819 0.2349100346020761 0.6108549596309112 0.21620653114186852 0.5688215109573241 0.2120190311418685 0.5680775663206459 0.21620653114186852 0.5517107843137256 0.22402292387543254 0.529020184544406 0.20643598615916953 0.5186046712802768 0.2053194204152249 0.48996251441753175 0.18354519896193772 0.47805940023068055 0.16372512975778547 0.44123356401384084 0.15088386678200694 0.4423494809688581 0.13999675605536333 0.4315622837370242 0.0012562716262975778 0.458002306805075 0.0012562716262975778 0.6391946366782006
15 0.5192776816608996 0.16957612456747406 0.05581098615916949 0.0849423298731257
13 0.7354126297577854 0.29153777393310265 0.877538062283737 0.3141712802768166 0.886550821799308 0.2665948673587082 0.7433853806228374 0.24673269896193772 0.7354126297577854 0.29153777393310265
0 0.6882683823529412 0.2818376585928489 0.7340259515570934 0.2924616493656286 0.7399189013840831 0.24165167243367935 0.6941615484429066 0.2380311418685121 0.6882683823529412 0.2818376585928489
1 0.2894506920415225 0.31696337946943487 0.2915304930795848 0.3488353517877739 0.2863308823529412 0.3945643021914648 0.293263624567474 0.429207324106113 0.29534364186851214 0.46846972318339103 0.34942063148788927 0.5086557093425605 0.3580867214532872 0.5137367358708189 0.37299264705882357 0.511888985005767 0.38477854671280276 0.4994175317185698 0.3962179930795848 0.49295069204152253 0.41147058823529414 0.49295069204152253 0.4218700259515571 0.4887935409457901 0.429496107266436 0.47216493656286046 0.43018944636678197 0.451840830449827 0.4270696366782007 0.43475028835063434 0.4215233564013841 0.41257871972318344 0.4222164792387543 0.38347837370242216 0.4218700259515571 0.3626926182237601 0.42048334775086504 0.3391352364475202 0.4173635380622837 0.309111014994233 0.4052309688581315 0.2781632064590542 0.38997837370242217 0.25691551326412915 0.3865118944636678 0.23474365628604382 0.3657130190311419 0.2134959630911188 0.34595415224913495 0.21026268742791235 0.32550194636678204 0.23012456747404844 0.3119826989619377 0.2439818339100346 0.29915679065743944 0.25968685121107266 0.2943036332179931 0.2712344290657439 0.29014381487889274 0.287401384083045 0.2894506920415225 0.31696337946943487
14 0.7866959342560553 0.6372309688581315 0.7741567906574395 0.7396611880046136 0.9349850778546713 0.7999570357554787 0.9164489619377162 0.663392156862745 0.8188615916955018 0.6415983275663206 0.7866959342560553 0.6372309688581315