13 0.7759721020761245 0.20130392156862745 0.9114682093425606 0.23544117647058824 0.9262703287197231 0.18726960784313726 0.7813804065743944 0.15959717416378313 0.7759721020761245 0.20130392156862745
0 0.7241645761245674 0.19220040369088814 0.7654396626297578 0.20547606689734718 0.7768259083044983 0.15237341407151098 0.7305694204152249 0.1436562860438293 0.7241645761245674 0.19220040369088814
10 0.679473615916955 0.4647185697808535 0.6589783737024222 0.5193385236447521 0.8331879325259516 0.5716825259515571 0.8331879325259516 0.5075801614763552 0.8582374567474048 0.3792687427912342 0.6989725346020761 0.34291551326412917 0.679473615916955 0.4647185697808535
3 0.6309398788927335 0.4300954440599769 0.650581098615917 0.4384403114186851 0.6628213667820069 0.43123356401384083 0.6770540657439446 0.30947664359861593 0.6502964965397924 0.30477162629757787 0.6309398788927335 0.4300954440599769
11 0.6309407439446366 0.466381199538639 0.03643598615916946 0.04197808535178775
12 0.46463019031141867 0.46457324106113035 0.04027897923875433 0.07593713956170701
15 0.5477487024221454 0.06455305651672434 0.06646626297577858 0.0934284890426759
5 0.5468944636678201 0.28884948096885815 0.19797794117647055 0.2266234140715109
1 0.3827032871972318 0.26751153402537486 0.15128460207612457 0.3026874279123415
9 0.40757936851211074 0.44401124567474043 0.4150384948096886 0.4539506920415225 0.44743966262975776 0.4545720876585928 0.4446425173010381 0.44152652825836214 0.44604108996539793 0.43562485582468286 0.4551321366782007 0.43003373702422143 0.4642231833910035 0.42941262975778544 0.476810553633218 0.4325187427912341 0.4845030276816609 0.44028402537485584 0.48147275086505187 0.4573673587081892 0.595925821799308 0.4632690311418685 0.6003548875432526 0.4617159746251442 0.5903315311418685 0.42102623990772775 0.4129405276816609 0.4108814878892733 0.40757936851211074 0.44401124567474043
6 0.23924026816608998 0.4240795847750865 0.2488406141868512 0.472179354094579 0.26957720588235295 0.5228376585928489 0.3014504757785467 0.5560980392156862 0.42164641003460207 0.50134630911188 0.4193423442906574 0.4506880046136102 0.3221870674740484 0.3882606689734718 0.21235921280276815 0.3606291810841984 0.20160683391003462 0.36737254901960786 0.23924026816608998 0.4240795847750865
7 0.010176254325259515 0.48167502883506347 0.0885151384083045 0.6172750865051904 0.16454974048442908 0.5886199538638985 0.16147750865051905 0.5783861014994233 0.2067910899653979 0.5609881776239908 0.21600735294117646 0.5742923875432526 0.2759134948096886 0.5476839677047289 0.2570968858131488 0.43306372549019606 0.1791420847750865 0.35477364475201845 0.0011520328719723182 0.3850371972318339 0.010176254325259515 0.48167502883506347
14 0.7792677335640138 0.6722303921568628 0.9378605103806229 0.7337067474048442 0.9364186851211073 0.5896213956170704 0.7994522058823529 0.547356401384083 0.7785467128027682 0.6699345444059978 0.7792677335640138 0.6722303921568628