3 0.3400735294117647 0.4637211538461538 0.03352076124567474 0.2191057692307692
6 0.8574805363321799 0.719610576923077 0.1786980968858131 0.32452403846153854
10 0.6893187716262975 0.5589807692307692 0.15122621107266446 0.3163269230769231
12 0.5895674740484429 0.5459711538461538 0.03173875432525956 0.11243269230769237
1 0.6355752595155709 0.2845 0.13655709342560546 0.31522596153846155
13 0.7401275951557094 0.17841346153846155 0.12002162629757795 0.1101730769230769
5 0.47874999999999995 0.33160576923076923 0.1765635813148789 0.313389423076923
9 0.4554108996539793 0.5654951923076923 0.18429930795847746 0.07676923076923069
2 0.4918187716262976 0.6621153846153847 0.17069636678200695 0.1597355769230769
6 0.32685553633217995 0.6754375 0.16883001730103808 0.2539711538461537
7 0.13055579584775087 0.7056346153846154 0.26111159169550174 0.4566682692307692
14 0.25777681660899654 0.9221875 0.2371085640138409 0.15258653846153852
15 0.4633434256055363 0.03581730769230769 0.057742214532871976 0.07163461538461538