13 0.8264792387543253 0.28748558246828143 0.14787413494809679 0.06581603229527105
0 0.7236461937716263 0.27181660899653975 0.049290657439446384 0.05714244521337946
10 0.7570739619377163 0.543517877739331 0.17790224913494807 0.23457612456747412
3 0.643477508650519 0.46963956170703575 0.0334277681660899 0.13437716262975777
11 0.6250713667820069 0.5638956170703575 0.04087370242214533 0.043610149942329944
12 0.4527681660899654 0.5647606689734718 0.038047145328719736 0.07490484429065744
5 0.5313646193771627 0.3993800461361015 0.19132569204152244 0.22594002306805072
1 0.3715635813148789 0.38140138408304497 0.1508866782006921 0.2908650519031142
6 0.19871820934256057 0.5048837946943483 0.21959018166089966 0.5182102076124567 0.2274171712802768 0.5483396770472895 0.24133174740484425 0.5581897347174164 0.23046085640138408 0.5860017301038062 0.2504632352941177 0.6335138408304498 0.28264078719723185 0.6578491926182237 0.40917690311418686 0.6028047866205306 0.4083070934256055 0.5535544982698962 0.30003395328719723 0.4973512110726644 0.18393382352941176 0.4725173010380623 0.19871820934256057 0.5048837946943483
7 0.0015218425605536333 0.6399175317185698 0.05239727508650519 0.7361006343713956 0.13762435121107267 0.7048119953863898 0.13545004325259516 0.6932237600922722 0.17371539792387544 0.6694677047289503 0.19328287197231833 0.6787384659746251 0.2554636678200692 0.6509264705882353 0.2211120242214533 0.5159230103806228 0.15414792387543252 0.466093137254902 0.0006522491349480969 0.49251960784313725 0.0015218425605536333 0.6399175317185698
15 0.5278957612456747 0.19060841983852364 0.07933174740484428 0.08987889273356403