2 0.929889705882353 0.7591346153846154 0.11866565743944647 0.21249038461538464
6 0.9859472318339101 0.6747307692307692 0.028105536332179742 0.19776442307692305
2 0.678034169550173 0.6274855769230769 0.08121107266435976 0.10560576923076916
12 0.6747967128027682 0.5288846153846154 0.03378027681660896 0.09750000000000003
3 0.6132759515570935 0.5496370192307691 0.6374290657439446 0.5659687499999999 0.6528308823529412 0.37698990384615383 0.6279779411764705 0.3668802884615385 0.6132759515570935 0.5454995192307692 0.6132759515570935 0.5496370192307691
11 0.561643598615917 0.5115432692307692 0.030103806228373664 0.055817307692307645
9 0.4756206747404844 0.4854807692307692 0.14054282006920413 0.0643942307692308
5 0.4862110726643598 0.28741826923076924 0.15751946366782005 0.3055865384615385
13 0.714788062283737 0.15248076923076925 0.10851427335640128 0.09640865384615384
10 0.31661418685121107 0.43172788461538464 0.30226254325259516 0.4480591346153846 0.30226254325259516 0.46672355769230767 0.31381401384083046 0.47372307692307697 0.2963118512110727 0.5063860576923076 0.2963118512110727 0.5157182692307692 0.31136353806228373 0.5133850961538461 0.3145140570934256 0.5273836538461539 0.30226254325259516 0.5810442307692307 0.33586656574394463 0.6455923076923078 0.45733174740484434 0.5700836538461538 0.4093758650519031 0.4985365384615384 0.41952703287197235 0.3523307692307692 0.30121237024221453 0.37877211538461536 0.297711937716263 0.40443605769230767 0.31661418685121107 0.43172788461538464
14 0.3412923875432526 0.8346288461538461 0.43405384948096887 0.6853125 0.349693339100346 0.6129874999999999 0.2544816176470588 0.7366399038461539 0.3412923875432526 0.8346288461538461
7 0.08768576989619377 0.5212201923076922 0.07438429930795847 0.5468836538461539 0.08698572664359862 0.6238750000000001 0.19199891868512112 0.7514158653846154 0.24380514705882353 0.7117538461538462 0.24240506055363323 0.6899788461538461 0.262357482698962 0.6705365384615384 0.27215873702422144 0.6775355769230769 0.3190646626297578 0.6339850961538462 0.3106634948096886 0.6160980769230768 0.31976470588235295 0.6044326923076924 0.30366262975778546 0.5772139423076923 0.31556423010380624 0.5336629807692308 0.3187145328719723 0.5126653846153847 0.317314446366782 0.5134432692307692 0.2942115051903114 0.5087769230769231 0.31381401384083046 0.47300336538461535 0.30261245674740483 0.46367115384615387 0.30366262975778546 0.4543389423076923 0.31801448961937717 0.42867500000000003 0.23785445501730101 0.35012884615384615 0.22875346020761247 0.3586831730769231 0.2053003892733564 0.3493509615384615 0.08908607266435986 0.3796807692307692 0.08768576989619377 0.39134615384615384 0.0855856401384083 0.4411182692307692 0.07508434256055363 0.4567879807692308 0.08768576989619377 0.5212201923076922
15 0.5001459775086505 0.04647211538461539 0.5006271626297578 0.004783173076923077 0.43591371107266436 0 0.443852508650519 0.04540336538461538 0.5001459775086505 0.04647211538461539
0 0.6204312283737023 0.1480221153846154 0.6262050173010381 0.15550480769230768 0.6295728806228373 0.15550480769230768 0.6420826124567474 0.14160865384615384 0.656998053633218 0.15443605769230767 0.6622904411764706 0.10633317307692308 0.624280276816609 0.09359134615384615 0.6204312283737023 0.1480221153846154
1 0.5666885813148789 0.4752899038461538 0.5746518166089966 0.4935528846153846 0.5746518166089966 0.5049673076923078 0.5767069636678201 0.5112451923076924 0.5862117214532871 0.5226596153846154 0.5926338667820069 0.5277961538461539 0.6036799307958478 0.5255134615384616 0.6075333044982699 0.5220889423076923 0.6131846885813149 0.5055379807692307 0.6157534602076125 0.5021139423076922 0.6178086072664359 0.4901288461538461 0.6188360726643599 0.47586057692307693 0.6201206747404845 0.4547442307692308 0.6234599913494809 0.4279201923076923 0.6244876730103806 0.4107985576923077 0.6257720588235295 0.3913942307692308 0.6275702854671281 0.3771264423076923 0.6303959775086505 0.3691360576923077 0.6334785899653979 0.36628269230769234 0.6391301903114187 0.3668533653846154 0.6496624134948097 0.37769711538461537 0.6496624134948097 0.38854086538461535 0.6468367214532872 0.42050096153846156 0.6424695069204153 0.5192889423076924 0.6609653979238754 0.5283668269230769 0.6619928633217993 0.5209475961538461 0.6594240916955018 0.4964067307692308 0.6645616349480968 0.48955817307692306 0.6820298442906575 0.4901288461538461 0.6861401384083045 0.46615865384615385 0.6994980536332179 0.38158509615384617 0.7030945069204152 0.34163509615384613 0.7048927335640138 0.30054326923076924 0.6989842128027682 0.24746634615384616 0.6866537629757785 0.19781346153846155 0.6776628460207612 0.16642403846153844 0.6483780276816609 0.1407418269230769 0.6370750432525951 0.14017067307692307 0.6247445934256055 0.16357019230769232 0.6011111591695502 0.1990081730769231 0.5926338667820069 0.22126634615384613 0.5749087370242215 0.320625 0.5674591262975779 0.3286149038461538 0.562064446366782 0.4359105769230769 0.5630921280276816 0.46672932692307695 0.5666885813148789 0.4752899038461538