13 0.8085635813148788 0.3545565167243368 0.8033109861591696 0.39841839677047286 0.962817474048443 0.4400585351787774 0.9731477076124567 0.3923523644752019 0.8085635813148788 0.3545565167243368
10 0.5081252162629758 0.6246522491349481 0.4975988321799308 0.693181660899654 0.6615101643598615 0.7156239907727797 0.651885813148789 0.6422854671280277 0.6585025951557094 0.5244630911188004 0.5156440311418685 0.5084760668973471 0.5081252162629758 0.6246522491349481
11 0.6786531141868513 0.6707393310265282 0.6798561851211073 0.6807580738177624 0.6897809256055364 0.7048036332179931 0.6985028114186851 0.7104140715109573 0.7108339100346022 0.7088111303344867 0.7180519031141869 0.7032004036908881 0.7168488321799308 0.6859679930795848 0.7117361591695502 0.6731438869665514 0.697901384083045 0.6659302191464821 0.6957960640138408 0.6619227220299884 0.6903825692041523 0.6651286043829296 0.6858713235294118 0.6647277970011534 0.6798561851211073 0.6696805074971166 0.6786531141868513 0.6707393310265282
3 0.2769950259515571 0.616459630911188 0.276393598615917 0.6272799884659747 0.28090484429065743 0.7779645328719724 0.2893261245674741 0.7855787197231835 0.3007547577854671 0.786781141868512 0.3109803200692041 0.7847773933102653 0.32210834775086505 0.7735562283737025 0.3227097750865052 0.7290720876585929 0.3302288062283737 0.727068339100346 0.33083023356401386 0.712641291810842 0.32722123702422146 0.6877941176470588 0.3263189878892733 0.6545314302191465 0.32722123702422146 0.6445126874279123 0.322409169550173 0.642508650519031 0.32060467128027687 0.607242214532872 0.3236120242214533 0.6012309688581314 0.3239128460207612 0.5856012110726644 0.3191007785467128 0.5803915801614764 0.31308564013840834 0.5803915801614764 0.3058676470588236 0.5872044405997693 0.2917320501730104 0.5823953287197232 0.2769950259515571 0.5896089965397924 0.2729349048442906 0.5938904267589389 0.2769950259515571 0.616459630911188
1 0.20721993944636677 0.45247520184544404 0.200001946366782 0.4725129757785467 0.1957913062283737 0.48613869665513265 0.20120501730103804 0.5335028835063438 0.2051148356401384 0.5647621107266436 0.21534039792387544 0.5964593425605537 0.20300951557093425 0.6112871972318339 0.2087238321799308 0.6233099769319493 0.21804714532871972 0.6393402537485582 0.2372954152249135 0.6637863321799308 0.24000237889273354 0.6878316032295271 0.2475211937716263 0.705465109573241 0.27879974048442907 0.7202929642445214 0.2766944204152249 0.634130334486736 0.2748899221453287 0.6273174740484428 0.2766944204152249 0.618500865051903 0.277596669550173 0.6088826412918108 0.2769950259515571 0.5988636101499423 0.2769950259515571 0.590848615916955 0.2818073096885813 0.5856386966551326 0.2911306228373703 0.5828336216839677 0.3028600778546713 0.581631199538639 0.31849935121107265 0.579226643598616 0.3278226643598616 0.584035755478662 0.3263189878892733 0.6020697808535179 0.3233114186851211 0.6128901384083045 0.3236120242214533 0.6381378316032295 0.32842409169550174 0.6397410611303345 0.3278226643598616 0.6922773933102654 0.33083023356401386 0.7067047289504037 0.33233391003460205 0.7155213379469435 0.32812348615916953 0.727944925028835 0.3227097750865052 0.727944925028835 0.3242136678200692 0.7588030565167243 0.33413862456747406 0.7584022491349481 0.3302288062283737 0.7672188581314879 0.319702205882353 0.7988786043829297 0.33594312283737027 0.804088523644752 0.35579282006920415 0.7539189734717416 0.3597026384083045 0.7527168396770473 0.365717776816609 0.7210570934256056 0.36271020761245676 0.7114388696655133 0.365717776816609 0.6974123414071511 0.3951918252595156 0.6777753748558247 0.41083109861591693 0.6436361014994233 0.41083109861591693 0.6159838523644752 0.40692106401384087 0.5951072664359861 0.4096280276816609 0.5870919838523645 0.40842495674740487 0.5810807381776241 0.4033120674740484 0.5778745674740484 0.3985 0.5822828719723183 0.3855676903114187 0.540604094579008 0.38256012110726645 0.5414057093425606 0.37925173010380625 0.5289824106113034 0.365717776816609 0.4957194348327566 0.3600034602076124 0.45925057670126873 0.3464695069204152 0.41757179930795846 0.3347400519031142 0.38951903114186853 0.3139878892733564 0.38150374855824687 0.29654411764705885 0.3662750865051903 0.2751905276816609 0.36306891580161477 0.2517316176470588 0.37709544405997697 0.23879930795847754 0.39072116493656284 0.21834796712802768 0.4290767012687428 0.20721993944636677 0.45247520184544404
4 0.1612045847750865 0.5273791810841983 0.1990996972318339 0.5197649942329874 0.1933853806228374 0.4852998846597463 0.20060337370242215 0.466464244521338 0.20812240484429065 0.45083477508650516 0.2162426470588235 0.43239994232987317 0.22406228373702425 0.41476672433679357 0.232784169550173 0.4027439446366782 0.24872426470588238 0.38150374855824687 0.26797253460207615 0.36427133794694344 0.2896267301038062 0.3646721453287197 0.310378892733564 0.3799008073817763 0.3097774653979239 0.3362182814302192 0.14616673875432526 0.358098615916955 0.1612045847750865 0.5273791810841983
14 0 0.5526268742791234 0.14767063148788925 0.5185625720876585 0.13443728373702424 0.365072952710496 0 0.38336216839677045 0 0.5526268742791234
7 0 0.782049596309112 0.043962153979238756 0.8887736447520184 0.22408261245674738 0.7910617070357555 0.2212348615916955 0.7739858708189158 0.21411548442906575 0.749794982698962 0.1945371972318339 0.7251300461361015 0.2016565743944637 0.720386678200692 0.21589532871972317 0.7085282583621684 0.21340354671280276 0.6919267589388697 0.2059282006920415 0.6663131487889273 0.1308185553633218 0.5923174740484429 0.12868274221453288 0.5965865051903114 0.12939489619377162 0.6027528835063438 0 0.6445415224913494 0 0.782049596309112
14 0 0.6843376585928489 0.0307913062283737 0.7360395040369089 0.038622621107266435 0.7716141868512111 0.09628957612456747 0.749794982698962 0.1653477508650519 0.7180149942329873 0.19880882352941176 0.697618800461361 0.13509018166089967 0.6226747404844291 0.12654692906574394 0.6222004036908881 0.0016018598615916955 0.65664446366782 0 0.6843376585928489
14 0.04004649653979239 0.8223676470588235 0.05642106401384084 0.8683774509803921 0.1073246107266436 0.8380204728950404 0.1418538062283737 0.8252133794694348 0.1678395328719723 0.8062401960784314 0.20486029411764706 0.7844212802768166 0.21411548442906575 0.7858442906574394 0.21375951557093426 0.779677912341407 0.20414835640138407 0.7673451557093425 0.18599394463667818 0.7526410034602077 0.17246712802768166 0.7331934832756632 0.02972339965397924 0.7967537485582468 0.04004649653979239 0.8223676470588235
14 0.4069407439446367 0.6019299307958478 0.4092205882352941 0.6080057670126874 0.41074048442906574 0.6133217993079585 0.4118801903114187 0.6201568627450981 0.4126401384083045 0.6244604959630911 0.4126401384083045 0.6292704728950403 0.41226016435986157 0.6345865051903115 0.4115002162629758 0.6388901384083044 0.40960056228373704 0.6449656862745098 0.40732071799307956 0.6515475778546713 0.43828762975778546 0.6695213379469435 0.5095309256055364 0.6085121107266437 0.50972080449827 0.6021831026528258 0.44645696366782006 0.5743365051903114 0.44455709342560557 0.5702860438292964 0.40447102076124564 0.598385813148789 0.4069407439446367 0.6019299307958478