13 0.734473615916955 0.29510957324106113 0.8749865916955017 0.32121799307958476 0.8873025519031141 0.268255478662053 0.7389522058823529 0.2478102652825836 0.734473615916955 0.29510957324106113
10 0.7347534602076125 0.5359486735870819 0.18641652249134943 0.2538264129181085
3 0.6253092560553632 0.45761822376009226 0.034708044982698916 0.1329959630911188
11 0.6065570934256055 0.5484803921568627 0.04086721453287203 0.052722029988466014
15 0.4358131487889273 0.548287197231834 0.045343858131487856 0.08592848904267589
5 0.5155860726643599 0.38243079584775086 0.19817257785467132 0.24012975778546714
15 0.5127876297577855 0.17255478662053056 0.0716565743944637 0.09580449826989619
1 0.355060553633218 0.35720299884659745 0.15254974048442904 0.30387543252595145
6 0.19565441176470588 0.4924645328719723 0.20685056228373702 0.5237946943483276 0.21580752595155708 0.5648220876585929 0.22980298442906572 0.6080870818915801 0.26003287197231834 0.6327035755478662 0.3932681660899654 0.5842168396770473 0.38878957612456744 0.5290161476355247 0.28298507785467125 0.47157814302191464 0.17046280276816608 0.4459838523644752 0.19565441176470588 0.4924645328719723
7 0.0016794982698961937 0.643181660899654 0.03302897923875432 0.7125553633217993 0.23456141868512112 0.6305005767012688 0.21048940311418685 0.5014509803921569 0.13771388408304497 0.43207756632064587 0 0.459419261822376 0.0016794982698961937 0.643181660899654
14 0.7576414359861592 0.7433125720876586 0.9263265570934256 0.7990256632064591 0.9191176470588235 0.6664668396770472 0.7821511678200692 0.6357286620530564 0.7634083044982699 0.741391291810842 0.7576414359861592 0.7433125720876586