13 0.8084688581314879 0.2840282583621684 0.15259083044982696 0.0750980392156863
0 0.7100562283737024 0.2672260668973472 0.04680363321799309 0.05516724336793539
10 0.7304649653979239 0.5367272202998846 0.17096885813148777 0.22145617070357562
3 0.6233953287197231 0.46011245674740486 0.03376730103806235 0.12977797001153407
14 0.8492884948096886 0.7133708189158016 0.15472750865051904 0.16442329873125727
12 0.43447448096885816 0.5475980392156863 0.03804065743944639 0.07394175317185693
11 0.6055514705882353 0.5490282583621684 0.04167387543252591 0.042606689734717346
9 0.47443987889273354 0.5245271049596308 0.19618728373702424 0.05173587081891582
1 0.35422577854671283 0.3565196078431373 0.14681877162629756 0.28846885813148787
5 0.5166479238754326 0.3790340253748558 0.19469074394463667 0.2274942329873126
6 0.30304282006920413 0.5390599769319493 0.1688321799307958 0.16970588235294118
7 0.10706963667820069 0.5682439446366783 0.21413927335640137 0.27423298731257206
15 0.5158715397923875 0.17246828143021914 0.06487673010380618 0.09566320645905421