13 0.8057644896193772 0.39635640138408307 0.9634398788927335 0.4411150519031142 0.9749000865051903 0.3905640138408305 0.8120873702422146 0.35117993079584775 0.8057644896193772 0.39635640138408307
11 0.693929714532872 0.7082848904267589 0.7049945934256056 0.710391291810842 0.7172450259515571 0.703545847750865 0.7184305795847751 0.685642156862745 0.7132932525951557 0.6740576701268743 0.705389705882353 0.6687918108419838 0.6978814878892733 0.6672122260668973 0.6959054930795848 0.6614198385236448 0.6947199394463668 0.6614198385236448 0.6923488321799307 0.6645792964244521 0.6812839532871973 0.6682652825836216 0.6793081747404844 0.6799668396770473 0.693929714532872 0.7082848904267589
10 0.5082640570934256 0.6243705305651672 0.4982528114186851 0.6927811418685121 0.6615134083044983 0.7126199538638985 0.6520155709342561 0.6420259515570934 0.6579195501730103 0.5216237024221453 0.5151948529411765 0.5063814878892734 0.5082640570934256 0.6243705305651672
3 0.276518598615917 0.6270634371395617 0.27881509515570935 0.7769979815455593 0.2872350778546713 0.7836277393310266 0.29756855536332183 0.7887277970011534 0.3144085207612457 0.783117935409458 0.32168014705882353 0.7724083044982699 0.3247419982698962 0.7300320069204153 0.3308657006920415 0.7157525951557093 0.32895198961937716 0.6871934832756632 0.3281866349480969 0.6571046712802768 0.3320138408304498 0.6571046712802768 0.33316198096885813 0.6402753748558246 0.3308657006920415 0.6275256632064591 0.3220629325259516 0.6275256632064591 0.3209147923875433 0.616816032295271 0.3220629325259516 0.6030467128027681 0.3247419982698962 0.5918269896193772 0.32435921280276814 0.5836672433679354 0.31479108996539795 0.5785674740484429 0.306753892733564 0.5821372549019608 0.29259320934256056 0.5811173587081891 0.28149416089965396 0.584687139561707 0.2734569636678201 0.5928468858131488 0.276709991349481 0.6141456170703575 0.276518598615917 0.6270634371395617
1 0.1984253892733564 0.4966089965397924 0.19903784602076124 0.5117058823529412 0.2036310553633218 0.529659169550173 0.20393728373702422 0.5484284890426759 0.2063868944636678 0.5680138408304498 0.21465462802768165 0.5966522491349481 0.21220501730103805 0.6019567474048443 0.20730557958477508 0.6166456170703576 0.2137361591695502 0.6256222606689734 0.22016652249134946 0.6382710495963091 0.23762067474048443 0.6672410611303345 0.23823313148788924 0.6717295271049596 0.24160142733564013 0.6884587658592848 0.23731444636678203 0.6994754901960785 0.25844312283737025 0.7141643598615918 0.2792653546712803 0.7174287773933103 0.2774282006920415 0.635822952710496 0.275590830449827 0.6260302768166089 0.2768157439446367 0.61460553633218 0.2762032871972318 0.605628892733564 0.27405990484429066 0.5954282006920416 0.2777344290657439 0.5888996539792388 0.2823276384083045 0.585227508650519 0.30651838235294115 0.5831874279123413 0.3080493079584775 0.5791069780853518 0.3138674307958478 0.5778829296424453 0.32091025086505187 0.5786989619377163 0.3264221453287197 0.5884916378316032 0.32427854671280276 0.6072609573241062 0.32152270761245677 0.6203177623990773 0.32397253460207615 0.6386790657439446 0.3258096885813149 0.6452076124567474 0.32458477508650524 0.6615288350634371 0.3261159169550173 0.6872347174163783 0.33193403979238756 0.7100841983852365 0.3313215830449827 0.7198768742791234 0.32672837370242214 0.7264054209919262 0.32152270761245677 0.7280374855824683 0.32274762110726646 0.7578235294117647 0.33468987889273355 0.7578235294117647 0.31907309688581315 0.7969942329873126 0.33530233564013845 0.8006666666666666 0.35367495674740485 0.7537433679354094 0.3588806228373702 0.7517029988465974 0.3659234429065744 0.7223249711649367 0.36316760380622837 0.7100841983852365 0.3659234429065744 0.6978050749711648 0.38337759515570935 0.686380334486736 0.3965447664359862 0.6745475778546713 0.4094057093425606 0.6484336793540946 0.41185532006920417 0.6189795271049596 0.4072621107266436 0.592865628604383 0.41001794982698964 0.5818489042675894 0.4054249567474048 0.5753203575547866 0.397157223183391 0.5818489042675894 0.38827703287197235 0.5418618800461361 0.3824589100346021 0.5418618800461361 0.36806704152249137 0.499427047289504 0.3619426903114187 0.465560553633218 0.3527562716262976 0.43251038062283736 0.3481632785467128 0.42312572087658595 0.33622102076124566 0.39048327566320645 0.3297904411764706 0.3851790657439446 0.31968555363321804 0.38273096885813146 0.3095804498269896 0.37946655132641294 0.2964132785467128 0.36804181084198384 0.28018403979238754 0.3611052479815456 0.26885423875432524 0.3643696655132641 0.25231877162629757 0.37620242214532873 0.23976405709342563 0.39415570934256056 0.22200389273356402 0.4170051903114187 0.20853049307958477 0.44067099192618225 0.19704757785467128 0.4791199538638985 0.1984253892733564 0.4966089965397924
7 0.0007655709342560554 0.7823754325259515 0.047615916955017296 0.8892788350634371 0.22338170415224912 0.7957641291810842 0.22185077854671278 0.7761787773933103 0.21388927335640137 0.7459847174163783 0.19796604671280277 0.7288474625144176 0.19643512110726644 0.7198708189158016 0.2013345588235294 0.7198708189158016 0.2151139705882353 0.7096701268742791 0.21388927335640137 0.6909008073817762 0.2013345588235294 0.6611147635524799 0.1508094723183391 0.6072549019607844 0.1315181660899654 0.5913416955017301 0.1287623269896194 0.5946061130334487 0.12753741349480968 0.6011343713956171 0.00045934256055363325 0.6419374279123414 0.0007655709342560554 0.7823754325259515
14 0.0010717993079584775 0.6840023068050749 0.02985575259515571 0.7329656862745099 0.03751102941176471 0.7680562283737025 0.19704757785467128 0.6978754325259515 0.1336615484429066 0.6207580738177625 0.00045934256055363325 0.6558483275663206 0.0010717993079584775 0.6840023068050749
14 0.031080449826989622 0.800736735870819 0.0451663062283737 0.8321548442906574 0.05159666955017301 0.8611248558246828 0.11100194636678201 0.8346029411764705 0.15019701557093426 0.8174659746251443 0.21419550173010382 0.7807433679354094 0.1713256920415225 0.7325960207612456 0.032305363321799306 0.7962482698961938 0.031080449826989622 0.800736735870819
4 0.16503395328719722 0.5269677047289504 0.20097361591695503 0.5192612456747405 0.200560553633218 0.5121055363321799 0.19973442906574396 0.4961421568627451 0.1989080882352941 0.48183016147635527 0.2026260813148789 0.4697200115340254 0.20386548442906574 0.46091291810841983 0.20799632352941175 0.44109630911188 0.21749762110726642 0.4240320069204152 0.22906466262975778 0.4080686274509804 0.23980514705882353 0.39210553633217987 0.25467690311418684 0.3761421568627451 0.2612865484429066 0.36458246828143026 0.28276773356401386 0.36458246828143026 0.29474762110726643 0.3700870818915802 0.3129240916955017 0.3777935409457901 0.3104455017301038 0.3398119953863899 0.30466198096885816 0.33540830449826986 0.14685748269896193 0.3580210495963091 0.16503395328719722 0.5269677047289504
14 0.00020653114186851211 0.5533898500576702 0.14892301038062283 0.5192612456747405 0.13611678200692043 0.36238062283737027 0 0.37950230680507496 0.00020653114186851211 0.5533898500576702
14 0.4088522923875432 0.6029016724336793 0.40977573529411765 0.6056704152249135 0.41185358996539795 0.6112076124567475 0.41185358996539795 0.6179752018454441 0.41185358996539795 0.621974336793541 0.41208434256055365 0.6290495963091118 0.41208434256055365 0.6348941753171857 0.40769809688581315 0.6499677047289505 0.43517019896193776 0.6687326989619377 0.5106613321799307 0.609669261822376 0.5104305795847751 0.6010559400230681 0.4471749567474049 0.573985294117647 0.4450973183391004 0.5669100346020761 0.40538948961937715 0.5967494232987313 0.4088522923875432 0.6029016724336793