13 0.8180272491349481 0.343861014994233 0.8095897491349481 0.3893679354094579 0.9694989186851211 0.43166234140715115 0.9811505190311419 0.3808019031141869 0.817223615916955 0.3425856401384083 0.8180272491349481 0.343861014994233
10 0.5150428200692041 0.621079296424452 0.5030462802768165 0.687181660899654 0.6677560553633218 0.7070553633217994 0.6583533737024222 0.632744521337947 0.6664591262975779 0.515661476355248 0.5194199826989618 0.5014789504036908 0.5150428200692041 0.621079296424452
11 0.6943432093425606 0.6962946943483276 0.7037458910034602 0.7006153402537485 0.7157424307958478 0.7010472895040369 0.7241725778546713 0.6941346597462514 0.7231998269896194 0.6790132641291812 0.7186604671280277 0.6682122260668973 0.7066639273356401 0.6582753748558247 0.7008278546712803 0.6552508650519031 0.6969370674740485 0.6556831026528259 0.6859130622837369 0.661299596309112 0.685264705882353 0.6738287197231835 0.6943432093425606 0.6962946943483276
3 0.2890929930795848 0.7707171280276818 0.2936271626297578 0.7765170126874279 0.2970730968858131 0.7786920415224913 0.30360207612456747 0.7803837946943484 0.31103806228373704 0.7803837946943484 0.3166602508650519 0.7789336793540946 0.3219197664359862 0.7753088235294118 0.32572837370242214 0.772166955017301 0.32989987024221457 0.7653552479815455 0.32989987024221457 0.7240299884659747 0.3369729671280277 0.7228217993079585 0.33842387543252594 0.7175051903114187 0.3382424307958477 0.7131551326412918 0.3369729671280277 0.6914051326412919 0.33407115051903113 0.6785965974625144 0.3322575692041522 0.647376585928489 0.3322575692041522 0.638434832756632 0.3293557525951557 0.6311848327566321 0.3297184256055363 0.6251430219146482 0.3279048442906574 0.6145098039215686 0.3289928633217993 0.6104013840830449 0.32808607266435985 0.6043598615916955 0.32627249134948094 0.6002514417531719 0.3271792820069204 0.5980764129181084 0.3284489619377163 0.5949348327566321 0.3297184256055363 0.5922765282583621 0.33207612456747404 0.5855098039215686 0.3315320069204152 0.5809181084198385 0.32772339965397923 0.5760847750865052 0.3230080017301038 0.5748762975778546 0.3170229238754325 0.5758431372549019 0.3106751730103806 0.5797549019607843 0.30523442906574394 0.5785464244521338 0.298161115916955 0.5783047866205305 0.2921762543252595 0.5790299884659746 0.2829266868512111 0.5843465974625144 0.2796621972318339 0.5872465397923875 0.28474026816608994 0.596671568627451 0.2849217128027682 0.6027133794694348 0.2836522491349481 0.6104466551326413 0.2818384515570934 0.6172133794694349 0.28854887543252594 0.7695086505190312 0.2890929930795848 0.7707171280276818
1 0.20243360726643597 0.47693396770472896 0.2026693339100346 0.4904446366782007 0.2047915224913495 0.505840830449827 0.209036115916955 0.5224933679354095 0.209036115916955 0.5328621683967705 0.2111583044982699 0.5520285467128028 0.21964705882352942 0.5919910611303345 0.21328049307958477 0.6007889273356402 0.21233715397923875 0.6083295847750865 0.2163458044982699 0.6183840830449827 0.22200497404844288 0.6249824106113033 0.22554195501730104 0.6318950403690887 0.23120112456747408 0.6400643021914648 0.2406332179930796 0.6532606689734717 0.2432268598615917 0.6595446943483275 0.24770717993079583 0.674626585928489 0.25265895328719723 0.6875089388696655 0.26091176470588234 0.7000769896193773 0.26586353806228374 0.7038474625144175 0.2722303200692041 0.706361014994233 0.2868496972318339 0.7088745674740484 0.285199178200692 0.6450914071510958 0.284727508650519 0.634722895040369 0.2840201124567474 0.6252967128027682 0.2840201124567474 0.6158705305651673 0.28354865916955013 0.6061303344867358 0.2821338667820069 0.6004746251441753 0.27812521626297576 0.5901058246828144 0.28284126297577855 0.5844501153402538 0.2873213667820069 0.5806799307958478 0.2946310553633218 0.5794230103806228 0.3031198096885813 0.5794230103806228 0.31231617647058824 0.5794230103806228 0.3167962802768166 0.5753382352941177 0.32269117647058826 0.573138985005767 0.3290577422145329 0.5769094579008074 0.3307084775086505 0.5841361014994233 0.32811461937716263 0.59544723183391 0.32552076124567475 0.6042450980392157 0.32552076124567475 0.613985294117647 0.33424545847750864 0.6338094002306804 0.3349528546712803 0.6375798731257208 0.3351885813148789 0.6476343713956171 0.3351885813148789 0.6614593425605536 0.3349528546712803 0.6702572087658594 0.3358959775086505 0.6856531141868512 0.33707504325259513 0.6935080738177624 0.338725562283737 0.7016773356401383 0.3384898356401384 0.7111035178777393 0.3340095155709343 0.7186444636678201 0.3297651384083045 0.7211580161476355 0.32646410034602075 0.7290129757785467 0.3266998269896194 0.7396960784313725 0.32882201557093427 0.7500645905420993 0.34084775086505187 0.7516358131487889 0.338725562283737 0.7591764705882353 0.3358959775086505 0.7682883506343714 0.3276429498269896 0.7877690311418686 0.33636764705882355 0.7949956747404845 0.3384898356401384 0.7940530565167243 0.3620696366782007 0.7484348327566321 0.36324870242214535 0.747492214532872 0.3670214100346021 0.7443503460207613 0.3679647491349481 0.7377520184544406 0.3698509948096886 0.7254982698961937 0.36914359861591695 0.7057032871972319 0.37197318339100344 0.6883927335640139 0.37692517301038064 0.6839939446366782 0.3854139273356401 0.6783382352941176 0.392723615916955 0.6748820645905421 0.39932590830449827 0.6711115916955017 0.40404195501730106 0.6635706459054209 0.40922945501730107 0.6554013840830449 0.41253070934256053 0.6491173587081892 0.41512456747404847 0.6406337946943483 0.4163036332179931 0.6293226643598616 0.41583196366782005 0.6091548442906575 0.4134740484429066 0.6028708189158015 0.40970112456747404 0.5918737024221453 0.40687153979238755 0.5824475201845445 0.40404195501730106 0.5733356401384083 0.4023914359861592 0.5648520761245674 0.39909018166089966 0.5532266435986158 0.39390268166089965 0.535631199538639 0.3863570501730104 0.5349734717416378 0.3839991349480969 0.528689446366782 0.38140527681660896 0.5180066320645905 0.3785756920415225 0.5098373702422145 0.3759818339100346 0.5026107266435986 0.37220912629757785 0.4931845444059977 0.3703226643598616 0.48407266435986157 0.3686721453287197 0.4730755478662053 0.3672573529411765 0.4589362745098039 0.36489922145328724 0.4488817762399077 0.3613622404844291 0.43976989619377166 0.35641046712802765 0.4278301614763552 0.3547599480968858 0.42028921568627453 0.3514586937716263 0.4055219146482122 0.34721431660899654 0.39389619377162627 0.3410836937716263 0.3841559976931949 0.33471691176470586 0.3797572087658593 0.32339857266435984 0.37661505190311423 0.31821107266435983 0.37535841983852364 0.3130235726643599 0.36970271049596304 0.3057136678200692 0.3643613033448674 0.2972249134948097 0.3615334486735871 0.285199178200692 0.3593339100346021 0.27529563148788927 0.360590830449827 0.26397729238754325 0.36593223760092275 0.2583181228373702 0.37127364475201846 0.2493576989619377 0.3822707612456747 0.24511332179930795 0.3901257208765859 0.23120112456747408 0.40960640138408305 0.22082590830449828 0.4297153979238754 0.21563840830449826 0.44134083044982697 0.2109223615916955 0.4542231833910035 0.20514532871972319 0.46892618223760096 0.20243360726643597 0.47693396770472896
7 0.0004264705882352941 0.7541989619377162 0.05798442906574395 0.8831626297577855 0.23236440311418685 0.787149942329873 0.22810077854671282 0.76328892733564 0.22 0.7388598615916955 0.2037984429065744 0.7132941176470589 0.22426362456747403 0.7053405420991926 0.22170544982698961 0.6865925605536333 0.2131784169550173 0.6593226643598615 0.13941868512110728 0.5854668396770473 0.1364342560553633 0.5883073817762399 0.13728698096885814 0.5968292964244521 0 0.6423774509803921 0.0004264705882352941 0.7541989619377162
14 0.042375648788927335 0.726361014994233 0.048344506920415226 0.7689702998846598 0.20908109861591698 0.6939780853517877 0.14384839965397922 0.6133047866205306 0 0.6551681084198385 0.042375648788927335 0.726361014994233
14 0.05601903114186851 0.827486735870819 0.06667798442906575 0.8621421568627451 0.2201663062283737 0.774651384083045 0.17753070934256057 0.7280654555940023 0.04280190311418685 0.7899907727797001 0.05601903114186851 0.827486735870819
14 0.41393122837370244 0.6021066897347175 0.416001946366782 0.6094639561707036 0.41657698961937717 0.6186603229527106 0.416461937716263 0.6263241061130335 0.4161167820069204 0.6319953863898501 0.41285099480968857 0.6440916955017301 0.4448334775086505 0.6610470011534025 0.5173961937716263 0.5955175893886967 0.4517115051903114 0.567106401384083 0.44827249134948094 0.562982122260669 0.41009969723183387 0.5931113033448673 0.41393122837370244 0.6021066897347175
4 0.15346085640138407 0.3551931949250288 0.16942928200692042 0.5160294117647058 0.20465354671280275 0.5147776816608997 0.20512326989619378 0.5091453287197232 0.20371431660899655 0.4988192041522491 0.20371431660899655 0.4884930795847751 0.20747166955017302 0.47097029988465977 0.21028957612456747 0.4628344867358708 0.21240289792387543 0.4521955017301038 0.21733434256055362 0.4381144752018455 0.22226578719723183 0.4284143598615917 0.22766695501730103 0.41808823529411765 0.23377249134948094 0.40776239907727796 0.24152184256055365 0.39399423298731256 0.24574870242214536 0.38648442906574393 0.2527936851211072 0.37897462514417535 0.2579597750865052 0.3749065743944636 0.2661788494809688 0.3692742214532872 0.2732238321799308 0.3636418685121107 0.2819124134948097 0.36207727797001155 0.2910707179930796 0.3627032871972318 0.29553243944636676 0.36395472895040365 0.300933607266436 0.36645818915801615 0.30915268166089965 0.37271626297577853 0.3166671712802768 0.3767840253748558 0.3147884948096886 0.33516695501730104 0.1588620242214533 0.3551931949250288 0.15346085640138407 0.3551931949250288
14 0 0.5531271626297578 0.15440008650519033 0.5111969434832756 0.14218901384083044 0.3594354094579008 0.0029353373702422146 0.3797745098039216 0 0.5531271626297578