13 0.8861440311418685 0.4682900807381776 0.15305363321799303 0.09361591695501725
1 0.8800648788927335 0.6749740484429065 0.23987024221453285 0.2755074971164937
11 0.740121107266436 0.700060553633218 0.04272491349480977 0.046614763552479774
9 0.6151903114186851 0.6654584775086505 0.19036980968858122 0.059616493656286046
5 0.5973421280276817 0.5400057670126874 0.18387975778546717 0.18945213379469433
15 0.4702487024221453 0.610666089965398 0.06273572664359865 0.09281141868512108
12 0.333689446366782 0.6694232987312572 0.042724913494809676 0.06321799307958471
3 0.28515138408304497 0.6310322952710496 0.03812716262975782 0.13354382929642447
2 0.2221431660899654 0.7033217993079585 0.10032223183391001 0.09423875432525944
14 0.17252378892733564 0.5472376009227221 0.2168706747404844 0.18444636678200693
4 0.3685726643598616 0.46939446366782006 0.04434688581314878 0.10664071510957322
7 0.22579584775086503 0.7433131487889273 0.19523788927335636 0.21316032295271042
15 0.5958477508650518 0.33791810841983855 0.05921496539792396 0.09232122260668976