13 0.8094874567474049 0.2828258362168397 0.13938148788927335 0.07960207612456749
0 0.710170847750865 0.2685351787773933 0.04570717993079593 0.06908016147635526
10 0.7352811418685121 0.5307093425605537 0.19073313148788923 0.23679065743944644
3 0.6232677335640138 0.4573875432525952 0.034422577854671295 0.13980680507497115
11 0.6043641868512111 0.5469117647058823 0.04401600346020756 0.04347462514417531
12 0.4362024221453287 0.5454008073817762 0.04288711072664363 0.0810841983852364
5 0.5123832179930796 0.3830276816608996 0.19863321799307954 0.23260668973471738
1 0.35748269896193774 0.3653402537485582 0.16138840830449833 0.3100893886966552
6 0.2804563148788927 0.5368858131487889 0.22402681660899657 0.20174163783160326
7 0.11144896193771626 0.5645386389850058 0.21782006920415226 0.2615484429065743
15 0.5129476643598616 0.1733708189158016 0.0626362456747405 0.10446943483275661
9 0.3744121972318339 0.5393010380622838 0.41786332179930796 0.5453163206459054 0.4206846885813149 0.5325337370242215 0.4144775086505191 0.5182468281430219 0.4212491349480969 0.5129835640138408 0.4330992647058824 0.5122315455594002 0.4438209342560554 0.5129835640138408 0.4505925605536332 0.5152393310265282 0.4567999567474048 0.5235103806228374 0.4534141435986159 0.530277970011534 0.4534141435986159 0.546068339100346 0.5786883650519031 0.5468203575547866 0.5657095588235294 0.5039602076124567 0.38428741349480966 0.4935732410611303 0.3744121972318339 0.5393010380622838
14 0.9263265570934256 0.8028679354094579 0.9234429065743944 0.6683881199538638 0.7807093425605537 0.6324489619377163 0.7677335640138409 0.7452338523644753 0.9263265570934256 0.8028679354094579