10 0.7459731833910035 0.44484140715109577 0.17474264705882359 0.2098817762399077
11 0.6104930795847751 0.4684544405997693 0.03649653979238759 0.044760668973471744
12 0.6431185121107267 0.4347289504036909 0.03539143598615909 0.06799884659746257
3 0.3783780276816609 0.36229815455594006 0.038432093425605544 0.13769896193771625
5 0.5269917820069204 0.30608131487889273 0.19464965397923878 0.23982122260668978
9 0.4969939446366782 0.4430449826989619 0.18773788927335644 0.05808823529411759
14 0.5021085640138409 0.5023702422145329 0.1432223183391004 0.1148068050749712
6 0.289486375432526 0.4573503460207612 0.28174459342560554 0.4860876585928489 0.2911453287197232 0.5258774509803922 0.3226654411764706 0.5656675317185698 0.42717906574394465 0.5074561707035755 0.4398977076124567 0.44850807381776236 0.3320661764705882 0.39250749711649363 0.219810553633218 0.36819146482122256 0.21732223183391003 0.39077450980392153 0.289486375432526 0.4573503460207612
7 0.14432742214532873 0.49810841983852366 0.28368079584775086 0.2589071510957324
15 0.5183866782006921 0.08662053056516723 0.0641868512110727 0.0920098039215686
13 0.8164749134948097 0.20353517877739333 0.14469074394463663 0.08432525951557095
1 0.6228265570934256 0.4254527104959631 0.6228265570934256 0.4232782583621684 0.6255462802768166 0.40515772779700115 0.6337056660899654 0.4022586505190311 0.6402331314878893 0.4022586505190311 0.6494803200692042 0.4022586505190311 0.6570955882352941 0.40370818915801615 0.6619911332179931 0.4087820069204152 0.6625350346020761 0.417479815455594 0.6598153114186851 0.42980161476355244 0.6560075692041523 0.4486470588235294 0.6696066176470589 0.45444550173010384 0.6804855103806229 0.34427306805074975 0.7827489186851211 0.3565948673587082 0.7827489186851211 0.3428232410611303 0.7849245242214533 0.3123809111880046 0.7849245242214533 0.2804887543252595 0.7871003460207613 0.23699971164936562 0.7696939878892733 0.21163091118800462 0.7599026816608997 0.19640974625144175 0.7501115916955018 0.18481257208765858 0.7332491349480968 0.16524250288350636 0.7207381055363322 0.16089359861591696 0.7082272923875432 0.16741695501730103 0.6913646193771626 0.1790141291810842 0.6772218858131488 0.19061130334486734 0.6636230536332179 0.20075865051903113 0.65383196366782 0.21163091118800462 0.6451286764705882 0.23120126874279123 0.6396890138408304 0.2558448673587082 0.6353373702422146 0.28121366782006924 0.6320737456747404 0.3029581891580162 0.6244584775086506 0.32107871972318336 0.6168429930795848 0.3261525374855825 0.6108596453287197 0.34064878892733563 0.6119474480968858 0.3602188581314879 0.6097716262975779 0.38413811995386393 0.6070519031141868 0.4058826412918109 0.6124913494809688 0.41965426758938873 0.6179310121107267 0.4290769896193772 0.6228265570934256 0.4254527104959631