13 0.7984982698961938 0.3982044405997693 0.9591859861591695 0.44393800461361016 0.969066392733564 0.39058217993079586 0.8057785467128028 0.3517776816608996 0.7984982698961938 0.3982044405997693
10 0.505204152249135 0.6242032871972318 0.49220350346020764 0.6914181084198385 0.6565313581314879 0.7135919838523646 0.6502910899653979 0.6380619953863899 0.6565313581314879 0.5271926182237601 0.5109243079584775 0.50685092272203 0.505204152249135 0.6242032871972318
11 0.684092776816609 0.705969723183391 0.699693339100346 0.7122061707035756 0.7137339965397924 0.7080484429065744 0.7137339965397924 0.699040369088812 0.7132141003460207 0.6858745674740484 0.7090538494809688 0.6740945790080739 0.6991734429065745 0.664393598615917 0.6898129325259515 0.6623148788927335 0.6846126730103806 0.6637006920415225 0.6757722750865053 0.6671652249134947 0.6752523788927336 0.6754803921568627 0.684092776816609 0.705969723183391
3 0.27659299307958474 0.7768117070357555 0.2799301470588235 0.7805743944636678 0.2858341262975778 0.7850210495963091 0.2884011678200692 0.7863892733564013 0.2940486591695502 0.7874152249134948 0.3017495674740484 0.7877574971164937 0.3079102508650519 0.7853630334486736 0.3197184256055363 0.7726750288350634 0.3186916089965398 0.748047289504037 0.3197184256055363 0.7323131487889273 0.32690592560553633 0.7306026528258363 0.32972967128027686 0.7227355824682815 0.32690592560553633 0.7028964821222606 0.32510921280276817 0.6792949826989619 0.3225421712802768 0.660482122260669 0.3222854671280277 0.6546672433679354 0.32125865051903113 0.6430374855824683 0.31843490484429066 0.6358543829296425 0.31817820069204156 0.6211461937716264 0.3179214965397924 0.6078059400230681 0.3197184256055363 0.60404354094579 0.32356898788927335 0.5934400230680508 0.32202876297577854 0.5865989042675894 0.31535467128027683 0.5814679930795847 0.3079102508650519 0.5804420415224913 0.30123615916955016 0.5848886966551327 0.2886578719723183 0.5821522491349481 0.2804435553633218 0.5842044405997693 0.27376946366782007 0.5907035755478662 0.2709457179930796 0.5934400230680508 0.2732560553633218 0.6016490772779699 0.27274264705882356 0.6060957324106113 0.2742828719723184 0.6180677623990772 0.27068901384083044 0.623949538638985 0.27659299307958474 0.7768117070357555
1 0.20138019031141868 0.5464974048442907 0.2021503027681661 0.5581271626297578 0.20908131487889273 0.5958489042675894 0.20497404844290656 0.604742214532872 0.2029204152249135 0.6126095732410611 0.20420393598615919 0.6180824682814303 0.2088246107266436 0.6310801614763552 0.2124182525951557 0.63860553633218 0.2188358564013841 0.647840830449827 0.22884710207612458 0.6618650519031142 0.23192755190311418 0.66665369088812 0.23244074394463668 0.6789677047289504 0.23885834775086506 0.6950441176470589 0.24835618512110724 0.7056476355247981 0.25554368512110726 0.7100942906574395 0.26786526816608996 0.7138569780853518 0.27505276816609 0.7141989619377163 0.27222923875432525 0.6389475201845444 0.271715830449827 0.632106401384083 0.27222923875432525 0.6211608996539792 0.27222923875432525 0.6150037485582468 0.2712024221453287 0.607820645905421 0.26991890138408303 0.5999535755478662 0.271715830449827 0.5907182814302191 0.2735127595155709 0.5869555940023068 0.27864662629757786 0.5838771626297578 0.28942798442906575 0.5849034025374855 0.2966154844290657 0.585929354094579 0.30739684256055366 0.5801144752018454 0.31253092560553636 0.5773780276816609 0.3189483131487889 0.5807987312572088 0.31920501730103806 0.5920865051903115 0.31766479238754325 0.604742214532872 0.31766479238754325 0.6177401960784313 0.31817820069204156 0.6297122260668974 0.32100194636678203 0.6396314878892734 0.3240823961937716 0.6543399653979239 0.32510921280276817 0.6707583621683968 0.32510921280276817 0.6786254325259515 0.32690592560553633 0.6936758938869666 0.32921626297577855 0.7083840830449827 0.32921626297577855 0.7186456170703576 0.32767603806228374 0.7258287197231834 0.3163814878892734 0.734722029988466 0.3166381920415225 0.7422471164936563 0.31817820069204156 0.7572975778546713 0.32202876297577854 0.7579815455594002 0.3274195501730104 0.7579815455594002 0.332040008650519 0.759007785467128 0.32972967128027686 0.7668748558246828 0.32433910034602076 0.7795308535178778 0.31817820069204156 0.7911606113033448 0.3166381920415225 0.7980017301038062 0.32125865051903113 0.8010801614763553 0.3287028546712803 0.8017644175317185 0.33460705017301035 0.7969754901960785 0.3397409169550173 0.783977508650519 0.3433347750865052 0.7740579584775087 0.34821215397923877 0.7579815455594002 0.3533460207612457 0.7549031141868512 0.3582233996539792 0.7477200115340253 0.3595067041522491 0.7371164936562861 0.3623304498269896 0.7193295847750866 0.35976340830449827 0.710436274509804 0.36181704152249133 0.6946381199538639 0.36900475778546715 0.6915596885813149 0.375935553633218 0.688138985005767 0.38312305363321797 0.6830083621683967 0.3908239619377163 0.6758252595155709 0.39801167820069205 0.6689841407151095 0.40365895328719725 0.6587226066897347 0.4062259948096886 0.6481190888119954 0.4077662197231834 0.6405937139561707 0.40802292387543254 0.6272537485582468 0.4077662197231834 0.6169922145328719 0.3949312283737024 0.5834071510957325 0.3926208910034602 0.5786185121107266 0.39005406574394463 0.5697252018454441 0.38646020761245675 0.5587794117647059 0.3854333910034602 0.5481758938869665 0.3810694204152249 0.5413347750865052 0.377989186851211 0.5344936562860438 0.37465203287197235 0.5262846020761246 0.3643840830449827 0.5088399653979239 0.36181704152249133 0.4951577277970012 0.36181704152249133 0.4807915224913495 0.3602768166089966 0.46847779700115344 0.3553996539792387 0.45240138408304503 0.3520625 0.44145559400230683 0.34436159169550173 0.4267474048442907 0.3397409169550173 0.40040945790080734 0.3322967128027682 0.3898056516724337 0.3263927335640138 0.38672722029988466 0.31843490484429066 0.3846750288350635 0.3107339965397924 0.3815965974625144 0.30123615916955016 0.3750974625144175 0.2966154844290657 0.3706508073817762 0.2868609429065744 0.366204152249135 0.282753892733564 0.3651779123414071 0.27659299307958474 0.3641519607843137 0.2696621972318339 0.3644939446366782 0.25965095155709345 0.369282583621684 0.2501531141868512 0.3768076701268743 0.24014186851211072 0.38638523644752015 0.23192755190311418 0.397330738177624 0.22525324394463667 0.4082765282583622 0.21216154844290658 0.4301678200692041 0.20779779411764704 0.4394034025374856 0.2021503027681661 0.4530853517877739 0.1980432525951557 0.4667673010380623 0.1972731401384083 0.46984602076124565 0.19448288451557094 0.4794777592272203 0.1949628027681661 0.4945057670126874 0.1949628027681661 0.5109241637831603 0.1993267733564014 0.5304209919261822 0.20138019031141868 0.5464974048442907
7 0 0.7934486735870818 0.04077054498269896 0.8946326412918107 0.2211805795847751 0.7975233564013842 0.21914186851211073 0.7737551903114186 0.2099686418685121 0.7452335640138408 0.19977595155709343 0.7350472895040369 0.1916217560553633 0.7241819492502884 0.19773745674740484 0.7201075547866206 0.213536115916955 0.7078837946943483 0.2099686418685121 0.688190311418685 0.2028336937716263 0.6664596309111881 0.12944658304498272 0.5910810265282584 0.12638884083044982 0.5883644752018454 0.12231185121107267 0.5890438292964245 0.12027335640138409 0.6005882352941176 0.0015289792387543253 0.641457324106113 0 0.7934486735870818
14 0.0015289792387543253 0.6949812572087659 0.027520112456747403 0.7357263552479815 0.034145328719723186 0.7744342560553633 0.19773745674740484 0.701093137254902 0.13097556228373702 0.6196026528258363 0 0.6576314878892734 0.0015289792387543253 0.6949812572087659
14 0.03873205017301038 0.829440311418685 0.04994398788927336 0.8715438292964245 0.21098788927335638 0.7819042675893886 0.16664987024221453 0.7336891580161476 0.022169117647058825 0.7974048442906575 0.03873205017301038 0.829440311418685
14 0.40513667820069205 0.6051655132641292 0.4072296712802768 0.6093489042675895 0.4082761678200692 0.6135322952710496 0.4080144896193772 0.6184132064590543 0.4074913494809689 0.625734429065744 0.4074913494809689 0.6320095155709343 0.4074913494809689 0.6358442906574395 0.40592149653979237 0.6410738177623991 0.40382850346020766 0.6459544405997694 0.40252032871972315 0.650835351787774 0.43417776816608994 0.6675692041522492 0.5074346885813149 0.6076058246828143 0.5074346885813149 0.6009818339100346 0.4428116349480969 0.5723947520184545 0.439933607266436 0.5696055363321799 0.43627076124567477 0.5720461361014995 0.40199697231833914 0.5992387543252595 0.40513667820069205 0.6051655132641292
14 0.0012690311418685123 0.5548243944636678 0.14390873702422144 0.5182987312572088 0.13172599480968858 0.36340369088811997 0 0.3820643021914648 0.0012690311418685123 0.5548243944636678
4 0.21954325259515572 0.41683910034602073 0.22664987024221453 0.40669319492502887 0.23527919550173013 0.39722376009227217 0.2434011678200692 0.3884305074971165 0.2515229238754325 0.3796372549019608 0.2621827422145329 0.37152047289504037 0.2738579152249135 0.36678575547866205 0.27994939446366784 0.3654331026528258 0.2921321366782007 0.3681386966551326 0.29923853806228373 0.37354988465974626 0.3088832179930796 0.376931660899654 0.30533001730103804 0.33567156862745096 0.14162435121107267 0.35871395617070356 0.15812197231833908 0.5243863898500576 0.16269031141868512 0.5257393310265283 0.174873053633218 0.5243863898500576 0.19424892647058825 0.5193486683967705 0.1931472750865052 0.4973304498269896 0.19515700475778547 0.5144695490196078 0.1967004757785467 0.47230392156862744 0.2012690311418685 0.45809948096885816 0.20583758650519032 0.44930622837370243 0.2124366349480969 0.43374913494809686 0.21395934256055363 0.43104354094579006 0.21954325259515572 0.41683910034602073