13 0.8169515570934256 0.46847376009227215 0.9600789359861591 0.5096170703575548 0.9668332612456747 0.4629022491349481 0.8230627162629758 0.4267018454440599 0.8169515570934256 0.46847376009227215
1 0.8335157871972318 0.7563434256055362 0.8785445501730104 0.7786294694348327 0.9563801903114186 0.8150585351787774 0.9624911332179931 0.8086300461361016 0.9676373269896192 0.7996297577854671 0.9727835207612456 0.7889152249134949 0.9782512975778547 0.7794864475201846 0.9846840397923876 0.7674864475201846 0.9907949826989618 0.7554861591695501 0.9997837370242214 0.7430573817762398 0.9988358564013842 0.5930547866205306 0.9927249134948096 0.5887690311418685 0.9846840397923876 0.5857690311418685 0.9753566176470588 0.5844832756632065 0.9647426470588236 0.5827687427912341 0.9531639273356401 0.5814829873125721 0.9412634083044983 0.5810544982698962 0.9357956314878892 0.57719723183391 0.9303278546712803 0.5647684544405998 0.9242166955017302 0.5566254325259515 0.9181055363321798 0.5519111880046136 0.9058834342560554 0.5454824106113033 0.8988075259515571 0.5420539215686274 0.8849772923875433 0.5386251441753171 0.8782229671280276 0.5381966551326413 0.866965830449827 0.5399108996539792 0.8450945069204152 0.5514826989619377 0.838018598615917 0.5493396770472895 0.8283695934256055 0.5450539215686274 0.8200071366782007 0.5437681660899654 0.8148609429065744 0.5476254325259515 0.8064984861591695 0.5540539215686274 0.8019956747404844 0.5553396770472895 0.7965278979238755 0.5579111880046136 0.7929898356401384 0.5626257208765859 0.7897735726643599 0.57119723183391 0.7872004757785467 0.5814829873125721 0.7820542820069204 0.5879117647058824 0.7756215397923876 0.5960547866205306 0.7740134083044983 0.6041978085351788 0.7717618944636678 0.612340830449827 0.7720836937716262 0.6234838523644752 0.7662941176470588 0.6273411188004614 0.7650075692041522 0.6346268742791235 0.7650075692041522 0.6444841407151095 0.7637210207612457 0.6551986735870818 0.7656509515570934 0.6659132064590543 0.7698321799307959 0.6757704728950404 0.7730484429065744 0.6843419838523644 0.7746565743944637 0.6911992502883507 0.7727268598615917 0.6993422722029988 0.7704753460207612 0.7087710495963091 0.772405276816609 0.7168160322952711 0.8335157871972318 0.7563434256055362
11 0.7543935986159169 0.7177713379469436 0.7608263408304499 0.7169140715109573 0.7643644031141869 0.7104852941176472 0.7656509515570934 0.7027710495963091 0.7650075692041522 0.6950565167243369 0.7601831747404845 0.6890565167243369 0.7553585640138408 0.6843419838523644 0.7486042387543252 0.6796277393310266 0.7399201989619377 0.6791989619377162 0.7363821366782006 0.6779134948096885 0.7286628460207613 0.6779134948096885 0.7228734861591696 0.6817704728950404 0.7231950692041522 0.6890565167243369 0.7231950692041522 0.6968745674740484 0.745066392733564 0.7143425605536332 0.7543935986159169 0.7177713379469436
9 0.5347173442906574 0.6864850057670127 0.5382554065743945 0.6929134948096886 0.5424366349480969 0.6941992502883507 0.7096864186851212 0.6847707612456747 0.7125810986159169 0.6770562283737024 0.6955346020761246 0.6410556516724337 0.6903884083044983 0.6354841407151095 0.6868503460207612 0.6350553633217992 0.5302145328719723 0.6389126297577854 0.5269980536332179 0.6410556516724337 0.5269980536332179 0.6487698961937717 0.5347173442906574 0.6864850057670127
5 0.5132800605536333 0.44987370242214536 0.5126747404844291 0.5964244521337947 0.5766455449826989 0.5950798731257209 0.5766455449826989 0.5983068050749711 0.556869160899654 0.5988445790080739 0.5510168685121107 0.6009956747404844 0.5516221885813148 0.6101384083044983 0.5566671712802768 0.6260034602076124 0.5615103806228373 0.6311124567474048 0.6420289792387543 0.6292301038062283 0.6317370242214533 0.6026089965397924 0.6105480103806228 0.5977687427912342 0.6105480103806228 0.5975 0.6840034602076124 0.5931975201845443 0.6882413494809688 0.4496049596309112 0.5138855968858131 0.44987370242214536 0.5132800605536333 0.44987370242214536
15 0.47094939446366785 0.6096424452133794 0.0505968858131488 0.08754036908881203
12 0.3369917820069204 0.6670011534025374 0.03321799307958476 0.06310265282583626
3 0.2721658737024221 0.5858846597462515 0.27335640138408307 0.5903267012687428 0.27478503460207615 0.5969899077277969 0.2712134515570934 0.6058739907727797 0.2693083910034602 0.6182482698961937 0.26883217993079583 0.6458523644752018 0.30312089100346024 0.684878892733564 0.30121583044982697 0.6268148788927336 0.2983585640138408 0.6119025374855824 0.29216760380622836 0.5941340830449827 0.294310553633218 0.5846156286043829 0.29288192041522493 0.5658953287197233 0.29026254325259515 0.5639916378316032 0.2840715830449827 0.5624051326412918 0.28097599480968855 0.5627226066897347 0.27669009515570936 0.5639916378316032 0.2740707179930796 0.567164648212226 0.2714515570934256 0.571159169550173 0.2721658737024221 0.5858846597462515
2 0.19435099480968857 0.7429123414071511 0.19848810553633217 0.7523630334486736 0.27650432525951557 0.7287364475201845 0.27611029411764704 0.715085351787774 0.24557374567474047 0.6531314878892733 0.17051254325259516 0.6741329296424452 0.1716946366782007 0.6880922722029988 0.19435099480968857 0.7429123414071511
7 0.1352478373702422 0.7256352364475203 0.13761180795847752 0.757662341407151 0.20282244809688582 0.8600441176470588 0.3308793252595156 0.7930530565167243 0.3302882785467128 0.7896404267589389 0.32969723183391003 0.7738892733564013 0.32260488754325256 0.7507877739331027 0.3275300605536332 0.749475201845444 0.3283181228373703 0.7326741637831604 0.3220138408304498 0.7072099192618223 0.25306012110726644 0.6260922722029989 0.24813473183391002 0.6284547289504038 0.24793771626297575 0.6342301038062285 0.13958196366782008 0.6717701845444061 0.13465679065743946 0.6667822952710496 0.13051946366782008 0.6699325259515571 0.1303224480968858 0.6770596885813149 0.1352478373702422 0.7256352364475203
14 0.08128308823529412 0.6843229527104959 0.26761656574394466 0.6292177047289504 0.2671412197231834 0.6184501153402537 0.26856725778546714 0.6095824682814303 0.27189467993079586 0.6007151095732411 0.27189467993079586 0.590580738177624 0.2723698096885813 0.5867805651672433 0.2723698096885813 0.5753794694348328 0.27284537197231834 0.5658786043829297 0.27712326989619374 0.561444925028835 0.2847288062283737 0.561444925028835 0.2937601643598616 0.5620781430219146 0.29043295847750866 0.43413292964244526 0.06203179065743944 0.4661502306805075 0.08128308823529412 0.6843229527104959
4 0.2918589965397924 0.5278751441753172 0.2918589965397924 0.5652450980392156 0.29423551038062284 0.5696787773933103 0.2951862024221453 0.5823468858131488 0.2932848183391003 0.5931144752018453 0.30184104671280276 0.6235173010380624 0.3008903546712803 0.644419261822376 0.4049898356401384 0.6102159746251441 0.4049898356401384 0.49873904267589386 0.2923341262975778 0.5272416378316032 0.2918589965397924 0.5278751441753172
4 0.35295090830449827 0.5139290657439447 0.3871922577854671 0.5055726643598616 0.3875685553633218 0.41883131487889275 0.37490051903114185 0.42066983852364476 0.3718903546712803 0.4166585928489043 0.3688799740484429 0.4171600346020761 0.3638628892733564 0.4216724336793541 0.35219831314878897 0.4237750865051903 0.35295090830449827 0.5139290657439447