10 0.72204475 0.898687 0.98466 0.9262100000000001 0.9409890000000001 0.7461306666666666 0.71614325 0.7368966666666666 0.72204475 0.898687
4 0.9632580000000001 0.7001000000000001 0.9693395 0.6792623333333333 0.9558735 0.6063306666666667 0.84466975 0.5038783333333333 0.82295025 0.6058279999999999 0.92372875 0.720938 0.9632580000000001 0.7001000000000001
3 0.9854120000000001 0.7261473333333334 0.99974675 0.7261473333333334 0.99975 0.5339773333333333 0.994534 0.538029 0.9884525 0.5438173333333334 0.986715 0.5559726666666667 0.9854120000000001 0.568128 0.98628075 0.5739163333333334 0.98237125 0.5797046666666666 0.9754210000000001 0.5924386666666667 0.9728144999999999 0.6057516666666667 0.9589142500000001 0.7064673333333333 0.967602 0.7203590000000001 0.9854120000000001 0.7261473333333334
8 0.6292755 0.5931736666666666 0.6340520000000001 0.5931736666666666 0.6399072499999999 0.5917363333333333 0.6434512499999999 0.5880406666666667 0.6420644999999999 0.5794173333333333 0.6397532499999999 0.5703836666666667 0.6372877499999999 0.5634026666666667 0.6349764999999999 0.5566273333333334 0.6338980000000001 0.5549846666666667 0.6328195 0.5514943333333333 0.6399072499999999 0.5475933333333334 0.646841 0.5449243333333333 0.6534665 0.5438976666666666 0.6591677499999999 0.544103 0.6661015 0.5445136666666667 0.6744217499999999 0.5455403333333334 0.6812015 0.5477986666666667 0.6850535 0.5510836666666666 0.6904465 0.5553953333333334 0.6950689999999999 0.5601176666666667 0.6921415 0.5642240000000001 0.68721075 0.5699730000000001 0.68459125 0.5685356666666667 0.6779657499999999 0.5685356666666667 0.67072375 0.5703836666666667 0.66471475 0.5755163333333333 0.6625575 0.5839343333333333 0.66224925 0.5958426666666666 0.6664095 0.6065193333333333 0.67349725 0.609599 0.68366675 0.6104203333333333 0.691371 0.606314 0.69476075 0.6009756666666667 0.6950689999999999 0.5950213333333334 0.693374 0.5802386666666667 0.700616 0.5687409999999999 0.70123225 0.556422 0.6995375 0.54862 0.6941444999999999 0.541434 0.68736475 0.535685 0.6759627500000001 0.533016 0.66656375 0.5299363333333333 0.65654825 0.5295256666666667 0.65100125 0.5295256666666667 0.641294 0.5319893333333333 0.63358975 0.5338373333333333 0.62711825 0.5383543333333334 0.62342025 0.5430763333333334 0.620801 0.5521103333333333 0.62033875 0.5465666666666666 0.62064675 0.5406126666666666 0.619106 0.5332213333333333 0.61571625 0.5309626666666667 0.6143295000000001 0.5332213333333333 0.615254 0.5393806666666667 0.61571625 0.5445136666666667 0.61972225 0.560323 0.6183355 0.5638133333333334 0.6272725 0.591782 0.6292755 0.5931736666666666
10 0.59550275 0.6238203333333333 0.60914025 0.5378063333333334 0.608231 0.4172656666666667 0.470038 0.41968866666666665 0.47185625 0.5305376666666667 0.44321775 0.61308 0.59550275 0.6238203333333333
5 0.426906 0.4375433333333334 0.4707435 0.4355056666666667 0.47023375 0.4198836666666667 0.60735325 0.4164873333333333 0.60837275 0.42735500000000004 0.65221025 0.4253173333333333 0.64762275 0.20796433333333333 0.40447750000000005 0.23583900000000002 0.426906 0.4375433333333334
14 0.064482 0.52856 0.198543 0.46878800000000004 0.16286150000000002 0.34856466666666663 0.0183505 0.41220833333333334 0.064482 0.52856
14 0.199053 0.4640333333333333 0.3203705 0.40969500000000003 0.29488375 0.293547 0.16439075 0.346962 0.199053 0.4640333333333333
7 0 0.6148853333333333 0.015547 0.670582 0.02676125 0.6651483333333333 0.03644625 0.7194866666666667 0.04918975 0.7201656666666666 0.0614235 0.7738246666666667 0.1939555 0.693676 0.17254650000000002 0.5999423333333334 0.128709 0.47768133333333335 0 0.539643 0 0.6148853333333333
2 0.33620575 0.5447283333333334 0.3371615 0.5574643333333333 0.33859525 0.5702006666666667 0.39427125 0.5409073333333333 0.36034 0.4778633333333333 0.32401925 0.5091276666666666 0.33620575 0.5447283333333334
14 0.6659295 0.4131883333333333 0.75092125 0.4543706666666667 0.75864775 0.2574673333333333 0.67172425 0.22786733333333334 0.6659295 0.4131883333333333