4 0.8035 0.5897533333333334 0.908832 0.6831200000000001 0.9550865 0.6642023333333333 0.9532547499999999 0.5568003333333333 0.831207 0.47658933333333336 0.8035 0.5897533333333334
10 0.6912985 0.6770176666666667 0.70228975 0.8204239999999999 0.98622825 0.8503256666666666 0.9317305 0.6965453333333333 0.6917565 0.6799256666666667 0.6912985 0.6770176666666667
3 0.97248925 0.6916633333333333 0.98531225 0.6934939999999999 0.9995092499999999 0.6934939999999999 0.99975 0.477469 0.99218175 0.47807933333333336 0.9903500000000001 0.4841816666666667 0.9894339999999999 0.50554 0.98439625 0.5201856666666667 0.976611 0.5238473333333333 0.949591 0.6684743333333333 0.95142275 0.6744303333333334 0.96104025 0.6873916666666667 0.97248925 0.6916633333333333
8 0.58599625 0.5194093333333334 0.58894325 0.5263566666666667 0.58894325 0.5308876666666666 0.5903035 0.5399496666666667 0.5932505 0.5465953333333333 0.59597075 0.5553553333333333 0.5986910000000001 0.5613966666666667 0.60617175 0.5604903333333333 0.61569275 0.5577716666666667 0.6159195 0.5532406666666667 0.6147859999999999 0.54146 0.61093225 0.5242423333333334 0.62 0.5236383333333333 0.6363217499999999 0.5260546666666667 0.65083 0.5299816666666667 0.659671 0.532096 0.6657915000000001 0.5381373333333334 0.66239125 0.540856 0.6569505 0.5387416666666667 0.65151 0.5366270000000001 0.6426689999999999 0.5384393333333334 0.63700175 0.545689 0.63473475 0.558376 0.6365485 0.5710626666666667 0.6481097499999999 0.57801 0.65763075 0.5783123333333333 0.669192 0.572875 0.67145875 0.5559593333333334 0.675766 0.5484076666666666 0.6766727499999999 0.5348146666666667 0.675086 0.5260546666666667 0.66533825 0.5194093333333334 0.65355025 0.5157843333333334 0.64584275 0.51367 0.6379085 0.5112533333333333 0.62793425 0.5106493333333334 0.6181865 0.5100453333333334 0.6093455 0.5109513333333333 0.60073125 0.5115556666666666 0.5918902500000001 0.517597 0.5900767499999999 0.5115556666666666 0.58758325 0.5076286666666666 0.58486275 0.5106593333333334 0.58599625 0.5194093333333334
10 0.55931925 0.580356 0.5795845000000001 0.517348 0.5876905 0.38638133333333335 0.44313225 0.37963033333333335 0.43367500000000003 0.49469599999999997 0.39652224999999997 0.5569529999999999 0.55931925 0.580356
5 0.39325475 0.39312566666666665 0.437911 0.39610100000000004 0.440144 0.3752743333333334 0.58862625 0.384944 0.58918425 0.40725799999999995 0.6277005 0.40800200000000003 0.6438882499999999 0.17667733333333335 0.391022 0.17453166666666667 0.39325475 0.39312566666666665
7 0 0.6385883333333333 0.10539525000000001 0.598682 0.06450425 0.373058 0 0.3908646666666667 0 0.6385883333333333
14 0 0.4014526666666666 0.1451345 0.38303433333333337 0.123249 0.24029266666666668 0.00172775 0.25494500000000003 0 0.4014526666666666
14 0.14398249999999999 0.3791973333333334 0.280478 0.3531046666666667 0.26838350000000005 0.21727 0.124401 0.23536366666666667 0.14398249999999999 0.3791973333333334
2 0.28463825000000004 0.5196303333333333 0.34568125 0.49769599999999997 0.319618 0.4428603333333333 0.27880825 0.45587833333333333 0.28463825000000004 0.5196303333333333
14 0.641702 0.405137 0.72564875 0.4474623333333333 0.7543875000000001 0.22979 0.6613652499999999 0.21074933333333334 0.641702 0.405137
15 0.557755 0.17637933333333333 0.603888 0.17738733333333334 0.60842575 0.11692266666666666 0.5558645 0.119996 0.557755 0.17637933333333333