4 0.9100539999999999 0.676686 0.959385 0.6568286666666667 0.9470522499999999 0.5719226666666667 0.849418 0.476746 0.84119625 0.47332233333333334 0.8155030000000001 0.567649 0.9100539999999999 0.676686
3 0.9732592499999999 0.6869566666666667 0.98045325 0.6869566666666667 0.9948417500000001 0.676686 0.99975 0.6403953333333333 0.9994665 0.499342 0.9902167500000001 0.5013960000000001 0.985592 0.5027653333333334 0.9809672500000001 0.5123516666666666 0.9763425 0.531524 0.978398 0.5376863333333334 0.9681204999999999 0.5582283333333333 0.94808 0.6581983333333333 0.9534755 0.6714496666666666 0.9614405 0.67874 0.9732592499999999 0.6869566666666667
10 0.606617 0.5013960000000001 0.60404775 0.3808843333333333 0.46530425000000003 0.3829383333333333 0.46735975 0.493864 0.44166649999999996 0.5810093333333334 0.58863175 0.589041 0.606617 0.5013960000000001
5 0.41957025 0.4006133333333333 0.4642765 0.398559 0.46530425000000003 0.3848646666666667 0.602506 0.38417999999999997 0.6035337500000001 0.39513566666666666 0.6466985 0.38828833333333335 0.64361525 0.16780633333333334 0.397731 0.19561099999999998 0.41957025 0.4006133333333333
7 0.16135349999999998 0.5456343333333333 0.14285425000000002 0.4963343333333333 0.12075825 0.44155599999999995 0.110481 0.44703400000000004 0.1115085 0.4525116666666667 0 0.504551 0.000514 0.611368 0.00668025 0.6305403333333334 0.0169575 0.63191 0.030318 0.686688 0.04110925 0.683949 0.057039 0.7361963333333333 0.19167150000000002 0.65656 0.16135349999999998 0.5456343333333333
2 0.1382295 0.5360483333333333 0.10893925 0.4751076666666667 0.03905375 0.5209843333333333 0.06012225 0.5840926666666667 0.1382295 0.5360483333333333
2 0.31812450000000003 0.4808793333333333 0.3200635 0.4865643333333333 0.32336025 0.4925073333333333 0.32685075 0.4989673333333334 0.3299535 0.5043936666666666 0.33034125 0.5142126666666667 0.3320865 0.5235150000000001 0.33169875000000004 0.5312669999999999 0.33325 0.5346263333333333 0.3873535 0.5087863333333333 0.355163 0.442895 0.3179305 0.4725163333333333 0.31812450000000003 0.4808793333333333
14 0.04896075 0.481833 0.11320025 0.45036966666666667 0.11215850000000001 0.4443546666666667 0.12118675000000001 0.4443546666666667 0.12639525000000001 0.4586983333333333 0.19271825 0.4290856666666667 0.154869 0.313411 0.011459 0.3703893333333333 0.04896075 0.481833
14 0.19115549999999998 0.42555266666666663 0.21824025 0.41444800000000004 0.22032374999999998 0.40704466666666667 0.225185 0.39593999999999996 0.23282425 0.40519400000000005 0.262687 0.38576066666666664 0.2734515 0.38529800000000003 0.27622925 0.3783573333333333 0.27796550000000003 0.37049166666666666 0.28317424999999996 0.371417 0.29046625 0.37928266666666666 0.311995 0.36725266666666667 0.28560475 0.25898133333333334 0.1541745 0.31135833333333335 0.19115549999999998 0.42555266666666663
14 0.66255825 0.27916066666666667 0.662269 0.3735943333333333 0.734874 0.416379 0.744709 0.4071283333333333 0.754544 0.22057300000000002 0.6708022499999999 0.19226400000000002 0.66255825 0.27916066666666667
10 0.71526775 0.857845 0.968757 0.8809533333333334 0.934442 0.7059200000000001 0.711209 0.6976183333333333 0.71526775 0.857845
8 0.62709775 0.5562366666666667 0.63163475 0.5559946666666666 0.637079 0.553093 0.637805 0.547773 0.6368975 0.5439036666666667 0.6354457499999999 0.5373746666666667 0.63490125 0.531571 0.6336309999999999 0.5269763333333334 0.63127175 0.5223816666666666 0.629094 0.520689 0.62619025 0.5168200000000001 0.628005 0.5151273333333334 0.6300015 0.5146436666666667 0.6354457499999999 0.5129506666666667 0.6421604999999999 0.5105326666666666 0.64833075 0.5090816666666667 0.65268625 0.5090816666666667 0.659038 0.509807 0.66430075 0.510049 0.6657525000000001 0.5102906666666667 0.6713785 0.5129506666666667 0.6779115 0.5146436666666667 0.68172275 0.5163363333333333 0.6873484999999999 0.5209309999999999 0.68952625 0.5250416666666666 0.688256 0.5279436666666666 0.68571525 0.5318126666666667 0.68263 0.534231 0.6799080000000001 0.5337473333333334 0.6757340000000001 0.5335056666666667 0.6702895 0.5337473333333334 0.6666599999999999 0.5349563333333333 0.6639377500000001 0.536891 0.6612155000000001 0.5390673333333333 0.657949 0.5441456666666666 0.6566787500000001 0.5511583333333333 0.6566787500000001 0.5591383333333333 0.6586749999999999 0.567602 0.66103425 0.5707456666666667 0.6659339999999999 0.5729223333333333 0.6737375 0.573164 0.6779115 0.573164 0.68498925 0.5707456666666667 0.6877115 0.5673603333333334 0.6897077500000001 0.5625239999999999 0.6889817500000001 0.5567203333333334 0.68843725 0.5487403333333334 0.68843725 0.5453546666666667 0.6918854999999999 0.542211 0.6944260000000001 0.5378583333333333 0.6956965 0.5320546666666667 0.695878 0.52746 0.695878 0.5214146666666667 0.695515 0.5146436666666667 0.69279275 0.510049 0.68753 0.5052126666666666 0.6835375 0.5023106666666667 0.6786375 0.4998926666666667 0.67283025 0.49819966666666665 0.6673859999999999 0.4972323333333333 0.6584935000000001 0.4960233333333333 0.65105275 0.49553966666666666 0.6448825 0.4957816666666667 0.6383495 0.496749 0.63181625 0.4986833333333333 0.62709775 0.4996506666666667 0.6240125000000001 0.5015853333333333 0.620746 0.5052126666666666 0.617298 0.5107743333333333 0.6160275000000001 0.5199636666666667 0.61475725 0.510049 0.615846 0.5056963333333333 0.615846 0.49892533333333333 0.6129425 0.49553966666666666 0.608587 0.4972323333333333 0.6091314999999999 0.5052126666666666 0.612761 0.5255253333333333 0.61512025 0.5414856666666668 0.6211997499999999 0.557622 0.62709775 0.5562366666666667